TaskID	Quality	MagicEnName	MagicCnName	MinValue	MaxValue	TaskValue1	TaskValue2	TaskRate1	TaskRate2	TaskRate3	TaskRate4	TaskRate5	TaskRate6	TaskRate7	TaskRate8	TaskRate9	TaskRate10	TaskRate11	TaskRate12	TaskRate13	TaskRate14	TaskRate15	TaskRate16	TaskRate17	TaskRate18	TaskRate19	TaskRate20	TaskInfo
3001		85	t¨ng sinh lùc	1	50	0	20000	10000	10000	10000	9000	8000	8000	7500	7000	6500	6000	5000	4500	4000	3500	3000	3000	3000	3000	3000	3000	
3002		85	t¨ng sinh lùc	51	100	0	50000	1000	2000	3000	3500	4000	4000	4500	5000	5500	6000	5000	5500	6000	6500	7000	5000	5000	5000	5000	5000	
3003		85	t¨ng sinh lùc	101	150	0	500000	50	100	150	200	300	400	500	600	700	800	900	1000	1100	1200	1300	1400	1500	1600	1700	1800	
3004		85	t¨ng sinh lùc	151	200	0	5000000	0	1	5	10	20	30	50	60	70	80	90	100	110	120	130	140	150	160	170	180	
3005		89	t¨ng Néi lùc 	1	50	0	20000	10000	10000	10000	9000	8000	8000	7500	7000	6500	6000	5000	4500	4000	3500	3000	3000	3000	3000	3000	3000	
3006		89	t¨ng Néi lùc 	51	100	0	50000	1000	2000	3000	3500	4000	4000	4500	5000	5500	6000	5000	5500	6000	6500	7000	5000	5000	5000	5000	5000	
3007		89	t¨ng Néi lùc 	101	150	0	500000	50	100	150	200	300	400	500	600	700	800	900	1000	1100	1200	1300	1400	1500	1600	1700	1800	
3008		89	t¨ng Néi lùc 	151	200	0	5000000	0	1	5	10	20	30	50	60	70	80	90	100	110	120	130	140	150	160	170	180	
3009		93	t¨ng thÓ lùc 	1	50	0	20000	10000	10000	10000	9000	8000	8000	7500	7000	6500	6000	5000	4500	4000	3500	3000	3000	3000	3000	3000	3000	
3010		93	t¨ng thÓ lùc 	51	100	0	50000	1000	2000	3000	3500	4000	4000	4500	5000	5500	6000	5000	5500	6000	6500	7000	5000	5000	5000	5000	5000	
3011		93	t¨ng thÓ lùc 	101	150	0	500000	50	100	150	200	300	400	500	600	700	800	900	1000	1100	1200	1300	1400	1500	1600	1700	1800	
3012		93	t¨ng thÓ lùc 	151	200	0	5000000	0	1	5	10	20	30	50	60	70	80	90	100	110	120	130	140	150	160	170	180	
3013		97	t¨ng søc m¹nh	1	5	0	50000	1000	1000	1500	1750	2000	2000	2200	2400	2600	2800	2500	2750	3000	3250	3500	3000	3000	3000	3000	3000	
3014		97	t¨ng søc m¹nh	5	10	0	200000	100	150	200	300	400	400	450	500	550	600	700	800	900	1000	1100	1000	1200	1400	1600	1800	
3015		97	t¨ng søc m¹nh	11	20	0	800000	0	1	10	20	30	40	50	60	70	80	90	100	110	120	130	120	140	160	180	200	
3016		98	t¨ng Th©n Ph¸p	1	5	0	50000	1000	1000	1500	1750	2000	2000	2200	2400	2600	2800	2500	2750	3000	3250	3500	3000	3000	3000	3000	3000
3017		98	t¨ng Th©n Ph¸p	5	10	0	200000	100	150	200	300	400	400	450	500	550	600	700	800	900	1000	1100	1000	1200	1400	1600	1800
3018		98	t¨ng Th©n Ph¸p	11	20	0	800000	0	1	10	20	30	40	50	60	70	80	90	100	110	120	130	120	140	160	180	200
3019		99	t¨ng Ngo¹i C«ng	1	5	0	50000	1000	1000	1500	1750	2000	2000	2200	2400	2600	2800	2500	2750	3000	3250	3500	3000	3000	3000	3000	3000
3020		99	t¨ng Ngo¹i C«ng	5	10	0	200000	100	150	200	300	400	400	450	500	550	600	700	800	900	1000	1100	1000	1200	1400	1600	1800
3021		99	t¨ng Ngo¹i C«ng	11	20	0	800000	0	1	10	20	30	40	50	60	70	80	90	100	110	120	130	120	140	160	180	200
3022		101	t¨ng phßng ®éc	1	8	0	30000	3000	4000	5000	5000	5000	5000	5000	5000	5000	5000	5000	4500	4000	3500	3000	3000	2500	2000	1500	1000
3023		101	t¨ng phßng ®éc	9	16	0	150000	100	150	300	400	500	600	700	800	900	1000	1000	1200	1400	1600	1800	1000	1250	1500	1750	2000
3024		101	t¨ng phßng ®éc	17	25	0	500000	0	1	10	20	30	40	50	60	70	80	90	100	110	120	130	150	175	200	225	250
3025		105	t¨ng phßng b¨ng	1	8	0	30000	3000	4000	5000	5000	5000	5000	5000	5000	5000	5000	5000	4500	4000	3500	3000	3000	2500	2000	1500	1000
3026		105	t¨ng phßng b¨ng	9	16	0	150000	100	150	300	400	500	600	700	800	900	1000	1000	1200	1400	1600	1800	1000	1250	1500	1750	2000
3027		105	t¨ng phßng b¨ng	17	25	0	500000	0	1	10	20	30	40	50	60	70	80	90	100	110	120	130	150	175	200	225	250
3028		102	t¨ng phßng háa	1	8	0	30000	3000	4000	5000	5000	5000	5000	5000	5000	5000	5000	5000	4500	4000	3500	3000	3000	2500	2000	1500	1000
3029		102	t¨ng phßng háa	9	16	0	150000	100	150	300	400	500	600	700	800	900	1000	1000	1200	1400	1600	1800	1000	1250	1500	1750	2000
3030		102	t¨ng phßng háa	17	25	0	500000	0	1	10	20	30	40	50	60	70	80	90	100	110	120	130	150	175	200	225	250
3031		103	t¨ng phßng l«i	1	10	0	30000	3000	4000	5000	5000	5000	5000	5000	5000	5000	5000	5000	4500	4000	3500	3000	3000	2500	2000	1500	1000
3032		103	t¨ng phßng l«i	11	20	0	150000	100	150	300	400	500	600	700	800	900	1000	1000	1200	1400	1600	1800	1000	1250	1500	1750	2000
3033		103	t¨ng phßng l«i	21	30	0	500000	0	1	10	20	30	40	50	60	70	80	90	100	110	120	130	150	175	200	225	250
3033		92	Phôc håi Néi lùc	1	4	0	1000000	0	1	10	20	30	40	50	60	70	80	90	100	110	120	130	150	175	200	225	250
3033		88	Phôc håi Sinh lùc	1	6	0	300000	0	1	10	20	30	40	50	60	70	80	90	100	110	120	130	150	175	200	225	250
3033		96	Phôc håi ThÓ lùc	2	9	0	150000	0	1	10	20	30	40	50	60	70	80	90	100	110	120	130	150	175	200	225	250
3033		108	Gi¶m thêi gian tróng ®éc	20	20	0	30000	100	150	300	400	500	600	800	1000	1200	1400	1500	1750	2000	2250	2500	2500	2250	2000	1750	1500
3033		108	Gi¶m thêi gian tróng ®éc	30	30	0	120000	0	1	10	20	30	50	75	100	125	150	200	300	400	500	600	500	750	1000	1250	1500
3033		108	Gi¶m thêi gian tróng ®éc	40	40	0	500000	0	1	10	20	30	40	50	60	70	80	90	100	110	120	130	150	175	200	225	250
3033		110	Gi¶m thêi gian cho¸ng	20	20	0	30000	100	150	300	400	500	600	800	1000	1200	1400	1500	1750	2000	2250	2500	2500	2250	2000	1750	1500
3033		110	Gi¶m thêi gian cho¸ng	30	30	0	120000	0	1	10	20	30	50	75	100	125	150	200	300	400	500	600	500	750	1000	1250	1500
3033		110	Gi¶m thêi gian cho¸ng	40	40	0	500000	0	1	10	20	30	40	50	60	70	80	90	100	110	120	130	150	175	200	225	250
3033		106	Gi¶m thêi gian ®ãng b¨ng	20	20	0	30000	100	150	300	400	500	600	800	1000	1200	1400	1500	1750	2000	2250	2500	2500	2250	2000	1750	1500
3033		106	Gi¶m thêi gian ®ãng b¨ng	30	30	0	120000	0	1	10	20	30	50	75	100	125	150	200	300	400	500	600	500	750	1000	1250	1500
3033		106	Gi¶m thêi gian ®ãng b¨ng	40	40	0	1000000	0	1	10	20	30	40	50	60	70	80	90	100	110	120	130	150	175	200	225	250
