comment	道具一	道具二	道具三	道具四	道具五	道具六	道具七	道具八	道具九	道具十	道具十一	道具十二	道具十三	道具十四	道具十五	道具十六	道具十七	道具十八	道具十九	道具二十	道具二十一	道具二十二	道具二十三	道具二十四	道具二十五	道具二十六	道具二十七	道具二十八	道具二十九	道具三十	道具三十一	道具三十二	道具三十三	道具三十四	道具三十五	道具三十六	道具三十七	道具三十八	道具三十九	道具四十	道具四十一	道具四十二	道具四十三	道具四十四	道具四十五	道具四十六	道具四十七	道具四十八	道具四十九	道具五十	道具五十一	道具五十二	道具五十三	道具五十四	道具五十五	道具五十五	道具五十六	道具五十七	道具五十八	道具五十九	道具六十	道具六十一	道具六十二	道具六十三	道具六十四	道具六十五	道具六十六	道具六十七	道具六十八	道具六十九	道具七十	道具七十一	道具七十二	道具七十三	道具七十四	道具七十五	道具七十六	道具七十七	道具七十八	道具七十九	道具八十	道具八十一	道具八十二	道具八十三	道具八十四	道具八十五	道具八十六	道具八十七	道具八十八	道具八十九	道具九十	道具九十一	道具九十二	道具九十三	道具九十四	道具九十五	道具九十六	道具九十七	道具九十八	道具九十九	道具一百	道具一百零一	道具一百零二	道具一百零三	道具一百零四	道具一百零五	道具一百零六	道具一百零七	道具一百零八	道具一百零九
shop	23	24	25	26	27	43	44	45	46	47	73	74	75	76	77	515																																																																																														
shop		1517	388	582	654	274	275	276	277	278	279	280	281	290	291	292	293	294	295	296	297	306	307	308	309	310	311	312	313	322	323	324	325	326	327	328	329	330	331	332	333	334	335	336	337	516																																																																
shop	1	2	3	4	6	7	8	9	11	12	16	19	20	21																																																																																																
shop	23	24	25	26	27	43	44	45	46	47	73	74	75	76	77	513																																																																																														
shop		1517	388	582	654	274	275	276	277	278	279	280	281	290	291	292	293	294	295	296	297	306	307	308	309	310	311	312	313	322	323	324	325	326	327	328	329	330	331	332	333	334	335	336	337	514																																																																
shop	1	2	3	4	6	7	8	9	11	12	16	19	20	21																																																																																																
shop	33	34	35	36	37	53	54	55	56	57	63	64	65	66	67	507																																																																																														
shop		1517	388	582	654	282	283	284	285	286	287	288	289	298	299	300	301	302	303	304	305	314	315	316	317	318	319	320	321	322	323	324	325	326	327	328	329	330	331	332	333	334	335	336	337	508																																																																
shop	1	2	3	4	6	7	8	9	11	12	16	19	20	21	565	566	567																																																																																													
shop	23	24	25	26	27	43	44	45	46	47	73	74	75	76	77	503																																																																																														
shop		1517	388	582	654	282	283	284	285	286	287	288	289	298	299	300	301	302	303	304	305	314	315	316	317	318	319	320	321	322	323	324	325	326	327	328	329	330	331	332	333	334	335	336	337	504																																																																
shop	1	2	3	4	6	7	8	9	11	12	16	19	20	21	565	566	567																																																																																													
shop	23	24	25	26	27	43	44	45	46	47	73	74	75	76	77	505																																																																																														
shop		1517	388	582	654	274	275	276	277	278	279	280	281	290	291	292	293	294	295	296	297	306	307	308	309	310	311	312	313	322	323	324	325	326	327	328	329	330	331	332	333	334	335	336	337	506																																																																
shop	1	2	3	4	6	7	8	9	11	12	16	19	20	21	565	566	567																																																																																													
shop	23	24	25	26	27	43	44	45	46	47	73	74	75	76	77	511																																																																																														
shop		1517	388	582	654	274	275	276	277	278	279	280	281	290	291	292	293	294	295	296	297	306	307	308	309	310	311	312	313	322	323	324	325	326	327	328	329	330	331	332	333	334	335	336	337	512																																																																
shop	1	2	3	4	6	7	8	9	11	12	16	19	20	21																																																																																																
shop	33	34	35	36	37	53	54	55	56	57	63	64	65	66	67	510																																																																																														
shop		1517	388	582	654	282	283	284	285	286	287	288	289	298	299	300	301	302	303	304	305	314	315	316	317	318	319	320	321	322	323	324	325	326	327	328	329	330	331	332	333	334	335	336	337	509																																																																
shop	1	2	3	4	6	7	8	9	11	12	16	19	20	21																																																																																																
shop	23	24	33	34	43	44	53	54	63	64	73	74	83	84	93	94	103	104																																																																																												
shop	388	129	130	139	140	149	167	191	192	217	218	227	228	231	232	249	250	264	265	392	393	402	403	420	421	430	431	448	449	458	459	468	654																																																																													
shop	1	2	6	7	16	18	19																																																																																																							
shop	23	24	33	34	43	44	53	54	63	64	73	74	83	84	93	94	103	104																																																																																												
shop	388	129	130	139	140	149	167	191	192	217	218	227	228	231	232	249	250	264	265	392	393	402	403	420	421	430	431	448	449	458	459	468	654																																																																													
shop	1	2	6	7	16	18	19																																																																																																							
shop	23	24	33	34	43	44	53	54	63	64	73	74	83	84	93	94	103	104																																																																																												
shop	388	129	130	139	140	149	167	191	192	217	218	227	228	231	232	249	250	264	265	392	393	402	403	420	421	430	431	448	449	458	459	468	654																																																																													
shop	1	2	6	7	16	18	19																																																																																																							
shop	31	32	41	42	51	52	61	62	71	72	81	82	91	92	101	102	111	112																																																																																												
shop	388	137	138	147	148	157	158	199	200	225	226	229	230	239	240	257	258	272	273	400	401	410	411	428	429	438	439	456	457	466	467	476	477																																																																													
shop	4	5	9	10	13	14	22																																																																																																							
shop	23	24	33	34	43	44	53	54	63	64	73	74	83	84	93	94	103	104																																																																																												
shop	388	129	130	139	140	149	167	191	192	217	218	227	228	231	232	249	250	264	265	392	393	402	403	420	421	430	431	448	449	458	459	468																																																																														
shop	1	2	6	7	16	18	19																																																																																																							
shop	23	24	33	34	43	44	53	54	63	64	73	74	83	84	93	94	103	104																																																																																												
shop	388	129	130	139	140	149	167	191	192	217	218	227	228	231	232	249	250	264	265	392	393	402	403	420	421	430	431	448	449	458	459	468	654																																																																													
shop	1	2	6	7	16	18	19																																																																																																							
shop	32	42	52	62	72	82																																																																																																								
shop	388																																																																																																													
shop	4	5	9	10	13	14	22																																																																																																							
shop	338	339	340	341	342	343	344	345	346	347																																																																																																				
shop	348	349	350	351	352	353	354	355	356	357																																																																																																				
shop	358	359	360	361	362	363	364	365	366	367																																																																																																				
shop	368	369	370	371	372	373	374	375	376	377																																																																																																				
shop	378	379	380	381	382	383	384	385	386	387																																																																																																				
shop	368	369	502	371	372	373	374	375	376	377																																																																																																				
shop	358	359	501	361	362	363	364	365	366	367																																																																																																				
shop	389																																																																																																													
shop	23	24	25	26	27	28	29	30																																																																																																						
shop	388	175	176	177	178	179	180	181	182	259	260	261	262	263																																																																																																
shop	1	2	3	4	5	6	7	8	9	10	11	12	13	14	15	18	19	20	21	22																																																																																										
shop	83	84	85	86	87	88	89	90	93	94	95	96	97	98	99	100	103	104	105	106	107	108	109	110																																																																																						
shop	388	139	140	141	142	143	144	145	146	392	393	394	395	396	397	398	399																																																																																													
shop	2	3	4	6	7	8	11	12	16	19	20	21																																																																																																		
shop	33	34	35	36	37	38	39	40	53	54	55	56	57	58	59	60	63	64	65	66	67	68	69	70																																																																																						
shop	388	149	150	151	152	153	154	155	156	231	232	233	234	235	236	237	238																																																																																													
shop	2	3	4	6	7	8	11	12	16	19	20	21																																																																																																		
shop	33	34	35	36	37	38	39	40	53	54	55	56	57	58	59	60	63	64	65	66	67	68	69	70																																																																																						
shop	388	129	130	131	132	133	134	135	136	191	192	193	194	195	196	197	198	217	218	219	220	221	222	223	224	430	431	432	433	434	435	436	437																																																																													
shop	2	3	4	6	7	8	11	12	16	19	20	21																																																																																																		
shop	23	24	25	26	27	28	29	30																																																																																																						
shop	388	121	122	123	124	125	126	127	128	183	184	185	186	187	188	189	190	209	210	211	212	213	214	215	216	264	265	266	267	268	269	270	271																																																																													
shop	2	3	4	6	7	8	11	12	16	19	20	21																																																																																																		
shop	33	34	35	36	37	38	39	40	73	74	75	76	77	78	79	80																																																																																														
shop	388	392	393	394	395	396	397	398	399	402	403	404	405	406	407	408	409	420	421	422	423	424	425	426	427	448	449	450	451	452	453	454	455	458	459	460	461	462	463	464	465	468	469	470	471	472	473	474	475																																																													
shop	2	3	4	6	7	8	11	12	16	19	20	21																																																																																																		
shop	23	24	25	26	27	28	29	30	33	34	35	36	37	38	39	40	43	44	45	46	47	48	49	50	53	54	55	56	57	58	59	60	63	64	65	66	67	68	69	70																																																																						
shop	388	113	114	115	116	117	118	119	120	201	202	203	204	205	206	207	208																																																																																													
shop	2	3	4	6	7	8	11	12	16	19	20	21																																																																																																		
shop	43	44	45	46	47	48	49	50																																																																																																						
shop	388	159	160	161	162	163	164	165	166	241	242	243	244	245	246	247	248	412	413	414	415	416	417	418	419	440	441	442	443	444	445	446	447																																																																													
shop	2	3	4	6	7	8	11	12	16	19	20	21																																																																																																		
shop	23	24	25	26	27	28	29	30	33	34	35	36	37	38	39	40																																																																																														
shop	388	121	122	123	124	125	126	127	128	183	184	185	186	187	188	189	190	209	210	211	212	213	214	215	216	264	265	266	267	268	269	270	271																																																																													
shop	2	3	4	6	7	8	11	12	16	19	20	21																																																																																																		
shop	43	44	45	46	47	48	49	50	33	34	35	36	37	38	39	40																																																																																														
shop	388	167	168	169	170	171	172	173	167	168	169	170	171	172	173	174	249	250	251	252	253	254	255	256	420	421	422	423	424	425	426	427	468	469	470	471	472	473	474	475																																																																						
shop	2	3	4	6	7	8	11	12	16	19	20	21																																																																																																		
shop	390																																																																																																													
shop	391																																																																																																													
shop	23	24	33	34	43	44	53	54	63	64	73	74	83	84	93	94	103	104																																																																																												
shop	388	129	130	139	140	149	167	191	192	217	218	227	228	231	232	249	250	264	265	392	393	402	403	420	421	430	431	448	449	458	459	468	654																																																																													
shop	1	2	6	7	16	18	19																																																																																																							
shop	23	24	33	34	43	44	53	54	63	64	73	74	83	84	93	94	103	104																																																																																												
shop	388	129	130	139	140	149	167	191	192	217	218	227	228	231	232	249	250	264	265	392	393	402	403	420	421	430	431	448	449	458	459	468	654																																																																													
shop	1	2	6	7	16	18	19																																																																																																							
shop	23	24	33	34	43	44	53	54	63	64	73	74	83	84	93	94	103	104																																																																																												
shop	388	129	130	139	140	149	167	191	192	217	218	227	228	231	232	249	250	264	265	392	393	402	403	420	421	430	431	448	449	458	459	468	654																																																																													
shop	1	2	6	7	16	18	19																																																																																																							
shop	17																																																																																																													
shop	478	479	480	491	492	493	494	495	498	499	500	518	519	520	1397																																																																																															
shop	521	522	523	524	525	526	527	528	529	530	531	532	533	534	535	536	537	538	539	540	541	542	543	544	545	546	547	548	493	494	495	496	497	498	499	500	549	564	481	482	483	484	485	486	487	488	489	490																																																														
shop	550	551	552	553	554	555	556	557	558	559	560	561	562	563	568	569	570	571	572	573	574	701	702	703	704	705	706	707	708	709	710	1092	1093	1094	1095	1096	1177	1178	1179	1180	1182	1183	1184	1185	1186	1187	1188	1189	1190	1191	1192	1193																																																										
shop	1	2	3	4	6	7	8	9	11	12	16	19	20	21	565	566	567																																																																																													
shop	575	576	577	580	579	578	581																																																																																																							
shop	584	585	586	605	606	587	588	589	590	591	592	593	594	595	596	597	598	599	600	601	602	603	604	607	608	609	614	641888	642888	643888	1398888																																																																															
shop	583	1	2	3	4	5	6	7	8	9	10	11	12	13	14	15	18	19	20	21	22	1396																																																																																								
shop	610	611	612	613																																																																																																										
shop	615	616	617	618	619	620	621	622	623	624	625	626	627	628	629	630	631	632	633	634																																																																																										
shop	635	636	637	638	639	640	641	642	643																																																																																																					
shop	644	645	646	647	648	649	650	651	652																																																																																																					
shop	653																																																																																																													
shop	564	1166																																																																																																												
shop	655	656	657	658																																																																																																										
shop	517	697	521	522	523	524	525	526	527	528	529	530	531	532	533	534	535	536	537	538	539	540	541	542	543	544	545	546	547	548	549																																																																															
shop	659	660	661	662	663	664	665	666	667	668	669	670	671	672	673	674	675	676	677	678	679	680	681	682	683	684	685	686	687	688	689	690	691	692	693	694	695	696	644	645	646	647	648	649	650	651	652																																																															
shop	564	495	498	499	500	493	494	481	482	483	484	485	486	487	488	489	490	496	497	698	699	1166	1181																																																																																							
shop	711	714	717	720	723	726	729	732	735	738	741	744	930	933	936	939	942	945	948	951	954	957	960	963	966	969	972	975	978	981	984	987	990	993	996																																																																											
shop	712	715	718	721	724	727	730	733	736	739	742	745	931	934	937	940	943	946	949	952	955	958	961	964	967	970	973	976	979	982	985	988	991	994	997																																																																											
shop	713	716	719	722	725	728	731	734	737	740	743	746	932	935	938	941	944	947	950	953	956	959	962	965	968	971	974	977	980	983	986	989	992	995	998																																																																											
shop	768	750	753	756	759	762	765	747	771	774	777	780	783	786																																																																																																
shop	769	751	754	757	760	763	766	748	772	775	778	781	784	787																																																																																																
shop	770	752	755	758	761	764	767	749	773	776	779	782	785	788																																																																																																
shop	789	792	795	798	801	804	807	810	813	816	1077	1080	1083	1086	1089																																																																																															
shop	790	793	796	799	802	805	808	811	814	817	1078	1081	1084	1087	1090																																																																																															
shop	791	794	797	800	803	806	809	812	815	818	1079	1082	1085	1088	1091																																																																																															
shop	822	873	876	879	882	885	888	891	894	897	819	870	825	828	831	834	837	840	843	846	849	852	855	858	861	864	867																																																																																			
shop	823	874	877	880	883	886	889	892	895	898	820	871	826	829	832	835	838	841	844	847	850	853	856	859	862	865	868																																																																																			
shop	824	875	878	881	884	887	890	893	896	899	821	872	827	830	833	836	839	842	845	848	851	854	857	860	863	866	869																																																																																			
shop	876	900	903	906	909	912	915	918	921	924	927																																																																																																			
shop	877	901	904	907	910	913	916	919	922	925	928																																																																																																			
shop	878	902	905	908	911	914	917	920	923	926	929																																																																																																			
shop	999	1002	1005	1008	1011	1014	1017	1020	1023	1026	1029	1032	1035	1038	1041	1044																																																																																														
shop	1000	1003	1006	1009	1012	1015	1018	1021	1024	1027	1030	1033	1036	1039	1042	1045																																																																																														
shop	1001	1004	1007	1010	1013	1016	1019	1022	1025	1028	1031	1034	1037	1040	1043	1046																																																																																														
shop	1047	1050	1053	1056	1059	1062	1065	1068	1071	1074																																																																																																				
shop	1048	1051	1054	1057	1060	1063	1066	1069	1072	1075																																																																																																				
shop	1049	1052	1055	1058	1061	1064	1067	1070	1073	1076																																																																																																				
shop	1	2	3	4	5	6	7	8	9	10	11	12	13	14	15	18	19	20	21	22																																																																																										
shop	1097	1098	1161	1162	1163	1164	1165																																																																																																							
shop	1099	1100	1101	1102	1103	1104	1105	1106	1107	1108	1109	1110	1111	1112	1113	1114																																																																																														
shop	1115	1116	1117	1118	1119	1120	1121	1122	1123	1124	1125	1126	1127	1128	1129	1130	1131	1132	1133	1134	1135	1136	1137	1138	1139	1140	1141	1142	1143	1144	1145	1146	1147	1148	1149	1150	1151	1152	1153	1154	1155	1156	1157	1158																																																																		
shop	1159	1160																																																																																																												
shop	1167	1168	1169	1170	1171	1172	1173	1174	1175	1176																																																																																																				
shop																																																																																																														
shop	1159	1160	1153	1152	1099	517	697	700	1194	1181	1196	1197	1200																																																																																																	
KTC_1_HOT	1565	1566	1567	1568	1569	1570	1571	1572	1573	1574	1580	1581	1582	1583	1584	1585	1586	1587	1597																																																																																											
KTC_2_BiKip	1598	1599	1600	1601	1602	1603	1604	1605	1606	1607	1608	1609	1610	1611	1612	1613	1614	1615	1616	1617	1618	1619	1620	1621	1622	1623	1624	1625	1626	1627	1628	1629	1630	1631	1632	1633	1634	1635	1636	1637	1638	1639	1640	1641	1642	1643																																																																
KTC_3_BaoVat	1687	1688	1689	1690	1691	1692	1693	1694	1695	1696	1697	1698	1699	1700	1701	641	642	643	1714	1715	1716	1717	1718	1719	1720	1721	1722	1723	1724	1725	1726	1727	1728																																																																													
KTC_5_Taphoa	1644	1645	1646	1647	1648	1649	1650	1651	1652	1653	1654	1655	1656	1657	1658																																																																																															
shop	644	645	646	647	648	649	650	651	652	659	660	661	662	663	664	665	666	667	668	669	670	671	672	673	674	675	676	677	678	679	680	681	682	683	684	685	686	687	688	689	690	691	692	693	694	695	696																																																															
shop	1159	1160	564	1166	698	699	1181	498	499	500	495	496	497	1195	1198	1199																																																																																														
KTC_4_Hotro	1659	1660	1661	1662	1663	1664	1665	1666	1667	1668	1669	1670	1712	1713																																																																																																
shop	1272	1450																																																																																																												
shop	1277	1278	1279	1280	1281																																																																																																									
shop	1282	1283	1284	1285																																																																																																										
shop	1286	1287	1288	1289	1290	1291	1292	1293	1294	1295	1296	1297	1298	1299	1300	1301	1302	1303	1304	1305	1306	1307	1308	1309	1310	1311	1312	1313	1314	1315	1316	1317	1318	1319	1320	1321	1322	1323	1324	1325	1326	1327	1328	1329	1330	1331	1332	1333																																																														
shop	1286	1287	1288	1289	1290	1291	1292	1293	1294	1295	1296	1297	1298	1299	1300	1301	1302	1303	1304	1305	1306	1307	1308	1309	1310	1311	1312	1313	1314	1315	1316	1317	1318	1319	1320	1321	1322	1323	1324	1325	1326	1327	1328	1329	1330	1331	1332	1333	1334	1335	1336	1337	1338																																																									
shop	1286	1287	1288	1289	1290	1291	1292	1293	1294	1295	1296	1297	1298	1299	1300	1301	1302	1303	1304	1305	1306	1307	1308	1309	1310	1311	1312	1313	1314	1315	1316	1317	1318	1319	1320	1321	1322	1323	1324	1325	1326	1327	1328	1329	1330	1331	1332	1333	1334	1335	1336	1337	1338	1339	1340	1341	1342	1343																																																				
shop	1286	1287	1288	1289	1290	1291	1292	1293	1294	1295	1296	1297	1298	1299	1300	1301	1302	1303	1304	1305	1306	1307	1308	1309	1310	1311	1312	1313	1314	1315	1316	1317	1318	1319	1320	1321	1322	1323	1324	1325	1326	1327	1328	1329	1330	1331	1332	1333	1334	1335	1336	1337	1338	1339	1340	1341	1342	1343	1344	1345	1346	1347	1348	1349	1350	1351	1352	1353																																										
shop	1286	1287	1288	1289	1290	1291	1292	1293	1294	1295	1296	1297	1298	1299	1300	1301	1302	1303	1304	1305	1306	1307	1308	1309	1310	1311	1312	1313	1314	1315	1316	1317	1318	1319	1320	1321	1322	1323	1324	1325	1326	1327	1328	1329	1330	1331	1332	1333	1334	1335	1336	1337	1338	1339	1340	1341	1342	1343	1344	1345	1346	1347	1348	1349	1350	1351	1352	1353	1354	1355	1356	1357	1358	1359	1360	1361	1362																																	
shop	1286	1287	1288	1289	1290	1291	1292	1293	1294	1295	1296	1297	1298	1299	1300	1301	1302	1303	1304	1305	1306	1307	1308	1309	1310	1311	1312	1313	1314	1315	1316	1317	1318	1319	1320	1321	1322	1323	1324	1325	1326	1327	1328	1329	1330	1331	1332	1333	1334	1335	1336	1337	1338	1339	1340	1341	1342	1343	1344	1345	1346	1347	1348	1349	1350	1351	1352	1353	1354	1355	1356	1357	1358	1359	1360	1361	1362	1363	1364	1365	1366	1367	1368	1369	1370	1371	1372	1373	1374	1375	1376																			
shop	1201	1202	1203	1204	1205	1206	1207																																																																																																							
shop	1201	1202	1203	1204	1205	1206	1207	1208	1209	1210	1211	1212	1213	1214																																																																																																
shop	1201	1202	1203	1204	1205	1206	1207	1208	1209	1210	1211	1212	1213	1214	1215	1216	1217	1218	1219	1220	1221																																																																																									
shop	1201	1202	1203	1204	1205	1206	1207	1208	1209	1210	1211	1212	1213	1214	1215	1216	1217	1218	1219	1220	1221	1222	1223	1224	1225	1226	1227	1228																																																																																		
shop	1201	1202	1203	1204	1205	1206	1207	1208	1209	1210	1211	1212	1213	1214	1215	1216	1217	1218	1219	1220	1221	1222	1223	1224	1225	1226	1227	1228	1229	1230	1231	1232	1233	1234	1235																																																																											
shop	1201	1202	1203	1204	1205	1206	1207	1208	1209	1210	1211	1212	1213	1214	1215	1216	1217	1218	1219	1220	1221	1222	1223	1224	1225	1226	1227	1228	1229	1230	1231	1232	1233	1234	1235	1236	1237	1238	1239	1240	1241	1242																																																																				
shop	1201	1202	1203	1204	1205	1206	1207	1208	1209	1210	1211	1212	1213	1214	1215	1216	1217	1218	1219	1220	1221	1222	1223	1224	1225	1226	1227	1228	1229	1230	1231	1232	1233	1234	1235	1236	1237	1238	1239	1240	1241	1242	1243	1244	1245	1246	1247	1248	1249																																																													
shop	1201	1202	1203	1204	1205	1206	1207	1208	1209	1210	1211	1212	1213	1214	1215	1216	1217	1218	1219	1220	1221	1222	1223	1224	1225	1226	1227	1228	1229	1230	1231	1232	1233	1234	1235	1236	1237	1238	1239	1240	1241	1242	1243	1244	1245	1246	1247	1248	1249	1250	1251	1252	1253	1254	1255	1256																																																						
shop	1201	1202	1203	1204	1205	1206	1207	1208	1209	1210	1211	1212	1213	1214	1215	1216	1217	1218	1219	1220	1221	1222	1223	1224	1225	1226	1227	1228	1229	1230	1231	1232	1233	1234	1235	1236	1237	1238	1239	1240	1241	1242	1243	1244	1245	1246	1247	1248	1249	1250	1251	1252	1253	1254	1255	1256	1257	1258	1259	1260	1261	1262	1263																																															
shop	1201	1202	1203	1204	1205	1206	1207	1208	1209	1210	1211	1212	1213	1214	1215	1216	1217	1218	1219	1220	1221	1222	1223	1224	1225	1226	1227	1228	1229	1230	1231	1232	1233	1234	1235	1236	1237	1238	1239	1240	1241	1242	1243	1244	1245	1246	1247	1248	1249	1250	1251	1252	1253	1254	1255	1256	1257	1258	1259	1260	1261	1262	1263	1264	1265	1266	1267	1268	1269	1270	1271																																							
shop																																																																																																														
shop	1377	1378	1379	1380	1381	1382	1383	1384	1385	1386																																																																																																				
shop	1286	1287	1288	1289	1290	1291	1292	1293	1294	1295																																																																																																				
shop	1286	1287	1288	1289	1290	1291	1292	1293	1294	1295	1296	1297	1298	1299	1300	1301	1302	1303																																																																																												
shop	1286	1287	1288	1289	1290	1291	1292	1293	1294	1295	1296	1297	1298	1299	1300	1301	1302	1303	1304	1305	1306	1307	1308	1309	1310	1311	1312	1313	1314																																																																																	
shop	1286	1287	1288	1289	1290	1291	1292	1293	1294	1295	1296	1297	1298	1299	1300	1301	1302	1303	1304	1305	1306	1307	1308	1309	1310	1311	1312	1313	1314	1315	1316	1317	1318	1319	1320	1321	1322	1323	1324	1325	1326	1327	1328																																																																			
shop	1387	1388	1389	1390	1391	1392	1393	1394	1395																																																																																																					
shop																																																																																																														
shop	1399	1400	1401	1402	1403	1404	1405																																																																																																							
Ca hng tinh lc	1436	1437	1416	1417	1418	1419	1420	1421	1422	1423	1429	1415	1414	1406	1407	1408	1409	1410	1411	1412	1424	1425	1426	1427	1428	1431	1432	1433	1434	1435	1438	1430																																																																														
Ca hng u trng																																																																																																														
Tim Long Lnh K?1439	1440	1441	1442	1443	1444	1445	1446	1447	1448	1449																																																																																																				
Tim Ln Lnh K?1450	1451	1452	1453	1454	1455	1456	1457	1458	1459	1460	1461	1462	1463	1464	1465																																																																																															
shop																																																																																																														
Tim Quy Lnh K?1466	1467	1468	1469	1470	1471	1472	1473	1474	1475	1476																																																																																																				
Tim Phng Lnh K?1477	1478	1479	1480	1481	1482	1483	1484	1485	1486	1487	1488	1489	1490																																																																																																	
Ca tim Ng?Hnh Thch	1491	1492	1493																																																																																																											
CrossServerBattleShop	1494	1495	1496	1497	1498	1499	1503	1504	1505																																																																																																					
XingXiaLingShop	1502	1501	1500	1507																																																																																																										
FuliGongXun	1506																																																																																																													
shop	584	585	606	587	588	589	590	591	592	593	594	595	596	597	598	599																																																																																														
shop	608	609	1537	1538	1539																																																																																																									
shop	1525	1526	1527	1528	1529	1530	1531	1532	1533	1534	1535	1536																																																																																																		
