ItemGenre	DetailType	ParticularType	Series	Level	IsNew	money	FuYuan	Coin	Score	GoldCoin	Contribution	Honour	GoldCoinScore	金币购物返还的金币积分	UniPriceType	UniPriceAmount	SaleLogRequired	CurrentPrice	PromotionBeginDate	PromotionEndDate	SaleBeginDate	SaleEndDate	ExpiredTime（minute or YYYYmmdd）	UsedTime（minute or OnlineTime）	"ConsumeType(0-once;1-unlimit)"	comment
1	0	0	0	1		50											0									
1	0	0	0	2		100											0									
1	0	0	0	3		250											0									
1	0	0	0	4		500											0									
1	0	0	0	5		2000											0									
1	1	0	0	1		50											0									
1	1	0	0	2		100											0									
1	1	0	0	3		250											0									
1	1	0	0	4		500											0									
1	1	0	0	5		2000											0									
1	2	0	0	1		80											0									
1	2	0	0	2		150											0									
1	2	0	0	3		375											0									
1	2	0	0	4		750											0									
1	2	0	0	5		3000											0									
1	3	0	0	1		50											0									
1	3	0	0	3		50											0									
1	4	0	0	1		10											0									
1	4	0	0	2		20											0									
1	4	0	0	3		50											0									
1	4	0	0	4		100											0									
1	4	0	0	5		200											0									
0	0	0	4	1		100											0									
0	0	0	4	2		1200											0									
0	0	0	4	3		2700											0									
0	0	0	4	4		4800											0									
0	0	0	4	5		7500											0									
0	0	0	4	6		10800											0									
0	0	0	4	7		15000											0									
0	0	0	4	8		20000											0									
0	0	0	4	9		25000											0									
0	0	0	4	10		30000											0									
0	0	1	3	1		100											0									
0	0	1	3	2		1200											0									
0	0	1	3	3		2700											0									
0	0	1	3	4		4800											0									
0	0	1	3	5		7500											0									
0	0	1	3	6		10800											0									
0	0	1	3	7		15000											0									
0	0	1	3	8		20000											0									
0	0	1	3	9		25000											0									
0	0	1	3	10		30000											0									
0	0	2	0	1		100											0									
0	0	2	0	2		1500											0									
0	0	2	0	3		3000											0									
0	0	2	0	4		5000											0									
0	0	2	0	5		7500											0									
0	0	2	0	6		10000											0									
0	0	2	0	7		15000											0									
0	0	2	0	8		21000											0									
0	0	2	0	9		28000											0									
0	0	2	0	10		36000											0									
0	0	3	2	1		100											0									
0	0	3	2	2		1500											0									
0	0	3	2	3		3000											0									
0	0	3	2	4		5000											0									
0	0	3	2	5		7500											0									
0	0	3	2	6		10000											0									
0	0	3	2	7		15000											0									
0	0	3	2	8		21000											0									
0	0	3	2	9		28000											0									
0	0	3	2	10		36000											0									
0	0	4	0	1		100											0									
0	0	4	0	2		1200											0									
0	0	4	0	3		2700											0									
0	0	4	0	4		4500											0									
0	0	4	0	5		7500											0									
0	0	4	0	6		9000											0									
0	0	4	0	7		13500											0									
0	0	4	0	8		20000											0									
0	0	4	0	9		27000											0									
0	0	4	0	10		32000											0									
0	0	5	2	1		100											0									
0	0	5	2	2		1200											0									
0	0	5	2	3		2700											0									
0	0	5	2	4		4800											0									
0	0	5	2	5		7500											0									
0	0	5	2	6		10800											0									
0	0	5	2	7		15000											0									
0	0	5	2	8		20000											0									
0	0	5	2	9		25000											0									
0	0	5	2	10		30000											0									
0	1	0	1	1		20											0									
0	1	0	1	2		30											0									
0	1	0	1	3		40											0									
0	1	0	1	4		60											0									
0	1	0	1	5		80											0									
0	1	0	1	6		100											0									
0	1	0	1	7		140											0									
0	1	0	1	8		180											0									
0	1	0	1	9		250											0									
0	1	0	1	10		330											0									
0	1	1	1	1		20											0									
0	1	1	1	2		30											0									
0	1	1	1	3		40											0									
0	1	1	1	4		60											0									
0	1	1	1	5		80											0									
0	1	1	1	6		100											0									
0	1	1	1	7		140											0									
0	1	1	1	8		180											0									
0	1	1	1	9		300											0									
0	1	1	1	10		330											0									
0	1	2	1	1		150											0									
0	1	2	1	2		400											0									
0	1	2	1	3		1000											0									
0	1	2	1	4		1600											0									
0	1	2	1	5		3000											0									
0	1	2	1	6		3500											0									
0	1	2	1	7		6500											0									
0	1	2	1	8		7500											0									
0	1	2	1	9		10000											0									
0	1	2	1	10		15000											0									
0	2	0	3	1		100											0									
0	2	0	3	2		400											0									
0	2	0	3	3		800											0									
0	2	0	3	4		1000											0									
0	2	0	3	5		2000											0									
0	2	0	3	6		3000											0									
0	2	0	3	7		4000											0									
0	2	0	3	8		5000											0									
0	2	1	0	1		100											0									
0	2	1	0	2		300											0									
0	2	1	0	3		600											0									
0	2	1	0	4		900											0									
0	2	1	0	5		1600											0									
0	2	1	0	6		2500											0									
0	2	1	0	7		3500											0									
0	2	1	0	8		4500											0									
0	2	2	4	1		100											0									
0	2	2	4	2		500											0									
0	2	2	4	3		1000											0									
0	2	2	4	4		2500											0									
0	2	2	4	5		6000											0									
0	2	2	4	6		10000											0									
0	2	2	4	7		15000											0									
0	2	2	4	8		20000											0									
0	2	2	4	9		25000											0									
0	2	2	4	10		30000											0									
0	2	3	3	1		100											0									
0	2	3	3	2		400											0									
0	2	3	3	3		800											0									
0	2	3	3	4		2000											0									
0	2	3	3	5		5000											0									
0	2	3	3	6		7000											0									
0	2	3	3	7		9000											0									
0	2	3	3	8		12000											0									
0	2	3	3	9		16000											0									
0	2	3	3	10		20000											0									
0	2	4	3	1		400											0									
0	2	4	3	2		1000											0									
0	2	4	3	3		2500											0									
0	2	4	3	4		5000											0									
0	2	4	3	5		10000											0									
0	2	4	3	6		16000											0									
0	2	4	3	7		25000											0									
0	2	4	3	8		32000											0									
0	2	4	3	9		40000											0									
0	2	4	3	10		50000											0									
0	2	5	0	1		100											0									
0	2	5	0	2		250											0									
0	2	5	0	3		500											0									
0	2	5	0	4		800											0									
0	2	5	0	5		1200											0									
0	2	5	0	6		1800											0									
0	2	5	0	7		2500											0									
0	2	5	0	8		3200											0									
0	2	6	4	1		100											0									
0	2	6	4	2		100											0									
0	2	6	4	3		100											0									
0	2	6	4	4		100											0									
0	2	6	4	5		6000											0									
0	2	6	4	6		10000											0									
0	2	6	4	7		15000											0									
0	2	6	4	8		20000											0									
0	2	7	2	1		100											0									
0	2	7	2	2		400											0									
0	2	7	2	3		800											0									
0	2	7	2	4		1000											0									
0	2	7	2	5		2000											0									
0	2	7	2	6		3000											0									
0	2	7	2	7		4000											0									
0	2	7	2	8		5000											0									
0	2	8	3	1		100											0									
0	2	8	3	2		300											0									
0	2	8	3	3		600											0									
0	2	8	3	4		900											0									
0	2	8	3	5		1600											0									
0	2	8	3	6		2500											0									
0	2	8	3	7		3500											0									
0	2	8	3	8		4500											0									
0	2	9	0	1		100											0									
0	2	9	0	2		500											0									
0	2	9	0	3		1000											0									
0	2	9	0	4		2500											0									
0	2	9	0	5		6000											0									
0	2	9	0	6		10000											0									
0	2	9	0	7		15000											0									
0	2	9	0	8		20000											0									
0	2	9	0	9		25000											0									
0	2	9	0	10		30000											0									
0	7	0	0	1		100											0									
0	7	0	0	2		250											0									
0	7	0	0	3		500											0									
0	7	0	0	4		800											0									
0	7	0	0	5		1200											0									
0	7	0	0	6		1800											0									
0	7	0	0	7		2500											0									
0	7	0	0	8		3200											0									
0	7	1	4	1		100											0									
0	7	1	4	2		200											0									
0	7	1	4	3		400											0									
0	7	1	4	4		700											0									
0	7	1	4	5		1000											0									
0	7	1	4	6		1500											0									
0	7	1	4	7		2000											0									
0	7	1	4	8		2500											0									
0	7	2	0	1		100											0									
0	7	2	0	2		300											0									
0	7	2	0	3		600											0									
0	7	2	0	4		1000											0									
0	7	2	0	5		1600											0									
0	7	2	0	6		2400											0									
0	7	2	0	7		3500											0									
0	7	2	0	8		4800											0									
0	7	2	0	9		6400											0									
0	7	2	0	10		8000											0									
0	7	3	3	1		120											0									
0	7	3	3	2		320											0									
0	7	3	3	9		6000											0									
0	7	3	3	10		7500											0									
0	7	4	2	1		370											0									
0	7	4	2	2		610											0									
0	7	4	2	3		1120											0									
0	7	4	2	4		1800											0									
0	7	4	2	5		2700											0									
0	7	4	2	6		3700											0									
0	7	4	2	7		5100											0									
0	7	4	2	8		6500											0									
0	7	4	2	9		8100											0									
0	7	4	2	10		10000											0									
0	7	5	2	1		60											0									
0	7	5	3	2		160											0									
0	7	5	3	3		370											0									
0	7	5	3	4		600											0									
0	7	5	3	5		900											0									
0	7	5	3	6		1200											0									
0	7	5	3	7		1800											0									
0	7	5	3	8		2500											0									
0	7	6	1	1		120											0									
0	7	6	1	2		320											0									
0	7	6	1	3		750											0									
0	7	6	1	4		1200											0									
0	7	6	1	5		1800											0									
0	7	6	1	6		2500											0									
0	7	6	1	7		3700											0									
0	7	6	1	8		5000											0									
0	7	6	1	9		6000											0									
0	7	6	1	10		7500											0									
0	7	7	1	1		100											0									
0	7	7	1	5		1200											0									
0	7	7	1	6		1800											0									
0	7	7	1	7		2500											0									
0	7	7	1	8		3200											0									
0	7	8	2	1		100											0									
0	7	8	2	2		200											0									
0	7	8	2	3		400											0									
0	7	8	2	4		700											0									
0	7	8	2	5		1000											0									
0	7	8	2	6		1500											0									
0	7	8	2	7		2000											0									
0	7	8	2	8		2500											0									
0	7	8	2	9		3200											0									
0	7	8	2	10		4000											0									
0	5	0	3	1		70											0									
0	5	0	3	2		260											0									
0	5	0	3	3		650											0									
0	5	0	3	4		1000											0									
0	5	0	3	5		1600											0									
0	5	0	3	6		2500											0									
0	5	0	3	7		3300											0									
0	5	0	3	8		3850											0									
0	5	1	0	1		150											0									
0	5	1	0	2		600											0									
0	5	1	0	3		1400											0									
0	5	1	0	4		2400											0									
0	5	1	0	5		3600											0									
0	5	1	0	6		5000											0									
0	5	1	0	7		6500											0									
0	5	1	0	8		9000											0									
0	5	2	2	1		70											0									
0	5	2	2	2		260											0									
0	5	2	2	3		650											0									
0	5	2	2	4		1000											0									
0	5	2	2	5		1600											0									
0	5	2	2	6		2500											0									
0	5	2	2	7		3300											0									
0	5	2	2	8		3850											0									
0	5	3	2	1		150											0									
0	5	3	2	2		600											0									
0	5	3	2	3		1400											0									
0	5	3	2	4		2400											0									
0	5	3	2	5		3600											0									
0	5	3	2	6		5000											0									
0	5	3	2	7		6500											0									
0	5	3	2	8		9000											0									
0	6	0	1	1		50											0									
0	6	0	1	2		300											0									
0	6	0	1	3		800											0									
0	6	0	1	4		1800											0									
0	6	0	1	5		3000											0									
0	6	0	1	6		4500											0									
0	6	0	1	7		5400											0									
0	6	0	1	8		7000											0									
0	6	1	3	1		330											0									
0	6	1	3	2		900											0									
0	6	1	3	3		2400											0									
0	6	1	3	4		3700											0									
0	6	1	3	5		5400											0									
0	6	1	3	6		7400											0									
0	6	1	3	7		9800											0									
0	6	1	3	8		14000											0									
0	8	0	0	1		100											0									
0	8	0	0	2		300											0									
0	8	0	0	3		600											0									
0	8	0	0	4		1000											0									
0	8	0	0	5		1800											0									
0	8	0	0	6		2600											0									
0	8	0	0	7		3600											0									
0	8	0	0	8		4900											0									
0	8	1	0	1		100											0									
0	8	1	0	2		300											0									
0	8	1	0	3		600											0									
0	8	1	0	4		1000											0									
0	8	1	0	5		1800											0									
0	8	1	0	6		2600											0									
0	8	1	0	7		3600											0									
0	8	1	0	8		4900											0									
0	10	0	4	1		5000											0									
0	10	0	4	2		5000											0									
0	10	0	4	3		10000											0									
0	10	0	4	4		10000											0									
0	10	0	4	5		20000											0									
0	10	0	4	6		20000											0									
0	10	0	4	7		50000											0									
0	10	0	4	8		50000											0									
0	10	0	4	9		100000											0									
0	10	0	4	10		100000											0									
0	10	1	1	1		5000											0									
0	10	1	1	2		5000											0									
0	10	1	1	3		10000											0									
0	10	1	1	4		10000											0									
0	10	1	1	5		20000											0									
0	10	1	1	6		20000											0									
0	10	1	1	7		50000											0									
0	10	1	1	8		50000											0									
0	10	1	1	9		100000											0									
0	10	1	1	10		100000											0									
0	10	2	0	1		5000											0									
0	10	2	0	2		5000											0									
0	10	2	0	3		10000											0									
0	10	2	0	4		10000											0									
0	10	2	0	5		20000											0									
0	10	2	0	6		20000											0									
0	10	2	0	7		50000											0									
0	10	2	0	8		50000											0									
0	10	2	0	9		100000											0									
0	10	2	0	10		100000											0									
0	10	3	2	1		5000											0									
0	10	3	2	2		5000											0									
0	10	3	2	3		10000											0									
0	10	3	2	4		10000											0									
0	10	3	2	5		20000											0									
0	10	3	2	6		20000											0									
0	10	3	2	7		50000											0									
0	10	3	2	8		50000											0									
0	10	3	2	9		100000											0									
0	10	3	2	10		100000											0									
0	10	4	3	1		5000											0									
0	10	4	3	2		5000											0									
0	10	4	3	3		10000											0									
0	10	4	3	4		10000											0									
0	10	4	3	5		20000											0									
0	10	4	3	6		20000											0									
0	10	4	3	7		50000											0									
0	10	4	3	8		50000											0									
0	10	4	3	9		100000											0									
0	10	4	3	10		100000											0									
5	0	0	0	1		500											0									
4	148	0	0	1		1											0									
4	119	0	0	1		1											0									
4	165	0	0	1		1											0									
0	2	10	1	1		100											0									
0	2	10	1	2		400											0									
0	2	10	1	3		800											0									
0	2	10	1	4		2000											0									
0	2	10	1	5		5000											0									
0	2	10	1	6		7000											0									
0	2	10	1	7		9000											0									
0	2	10	1	8		12000											0									
0	2	10	1	9		16000											0									
0	2	10	1	10		20000											0									
0	2	11	1	1		400											0									
0	2	11	1	2		1000											0									
0	2	11	1	3		2500											0									
0	2	11	1	4		5000											0									
0	2	11	1	5		10000											0									
0	2	11	1	6		16000											0									
0	2	11	1	7		25000											0									
0	2	11	1	8		32000											0									
0	2	11	1	9		40000											0									
0	2	11	1	10		50000											0									
0	2	12	1	1		100											0									
0	2	12	1	2		250											0									
0	2	12	1	3		500											0									
0	2	12	1	4		800											0									
0	2	12	1	5		1200											0									
0	2	12	1	6		1800											0									
0	2	12	1	7		2500											0									
0	2	12	1	8		3200											0									
0	2	13	1	1		100											0									
0	2	13	1	2		100											0									
0	2	13	1	3		100											0									
0	2	13	1	4		100											0									
0	2	13	1	5		6000											0									
0	2	13	1	6		10000											0									
0	2	13	1	7		15000											0									
0	2	13	1	8		20000											0									
0	2	13	1	9		25000											0									
0	2	13	1	10		30000											0									
0	7	9	2	1		100											0									
0	7	9	2	2		300											0									
0	7	9	2	3		600											0									
0	7	9	2	4		1000											0									
0	7	9	2	5		1600											0									
0	7	9	2	6		2400											0									
0	7	9	2	7		3500											0									
0	7	9	2	8		4800											0									
0	7	9	2	9		6400											0									
0	7	9	2	10		8000											0									
0	7	10	2	1		120											0									
0	7	10	2	2		320											0									
0	7	10	2	3		750											0									
0	7	10	2	4		1200											0									
0	7	10	2	5		1800											0									
0	7	10	2	6		2500											0									
0	7	10	2	7		3700											0									
0	7	10	2	8		5000											0									
0	7	11	3	1		370											0									
0	7	11	3	2		610											0									
0	7	11	3	3		1120											0									
0	7	11	3	4		1800											0									
0	7	11	3	5		2700											0									
0	7	11	3	6		3700											0									
0	7	11	3	7		5100											0									
0	7	11	3	8		6500											0									
0	7	11	3	9		8100											0									
0	7	11	3	10		10000											0									
0	7	12	3	1		60											0									
0	7	12	3	2		160											0									
0	7	12	3	3		370											0									
0	7	12	3	4		600											0									
0	7	12	3	5		900											0									
0	7	12	3	6		1200											0									
0	7	12	3	7		1800											0									
0	7	12	3	8		2500											0									
0	7	12	3	9		3000											0									
0	7	12	3	10		3700											0									
0	7	13	3	1		120											0									
0	7	13	3	2		320											0									
0	7	13	3	3		750											0									
0	7	13	3	4		1200											0									
0	7	13	3	5		1800											0									
0	7	13	3	6		2500											0									
0	7	13	3	7		3700											0									
0	7	13	3	8		5000											0									
0	7	13	3	9		6000											0									
0	7	13	3	10		7500											0									
6	1	71	0	1			10										0									Tin Tho L?
6	1	72	0	1			200										0									Thin sn  Bo L?
6	1	73	0	1			50										0									Bch Qu?L?
6	0	1	0	1				1									0									Trng Mnh hon
6	0	2	0	1				1									0									Gia Bo hon
6	0	3	0	1				2									0									Чi Lc hon
6	0	4	0	1				1									0									Cao Thim hon
6	0	5	0	1				1									0									Cao Trung hon
6	0	6	0	1				2									0									Phi Tc hon
6	0	7	0	1				1									0									Bng Phng hon
6	0	8	0	1				1									0									Li Phng hon
6	0	9	0	1				1									0									Ha Phng hon
6	0	10	0	1				1									0									чc Phng hon
6	0	11	0	1			4										0									Pho Hoa
6	0	20	0	1			20										0									Mai Khi Hoa V?
6	1	18	0	1			50	1									0									Tm Tm Tng nh Ph?
6	1	15	0	1			500	2									0									Phi Phong
4	353	0	0	1			2000	2									1	7	20070922	20071014						Tinh Hng Bo Thch
0	2	28	0	3													0									Thanh Tuyt Y
0	2	28	0	6													0									Bng Tinh Qun
4	238	0	0	1			1500	2									1	11	20070922	20071014						Lam Thy Tinh
4	239	0	0	1			1500	2									1	11	20070922	20071014						T?Thy Tinh
4	240	0	0	1			1500	2									1	11	20070922	20071014						Lc Thy Tinh
0	10	2	2	3		10000											0									
0	10	3	1	3		10000											0									
0	0	0	0	3		2700											0									
0	6	1	4	4		3700											0									
0	0	2	2	3		3000											0									
0	8	0	2	5		1800											0									
0	0	1	4	3		2700											0									
0	8	1	2	5		1800											0									
0	8	0	2	4		1000											0									
0	0	3	1	3		3000											0									
0	0	5	1	3		2700											0									
0	6	0	3	5		3000											0									
0	0	5	3	3		2700											0									
0	8	1	2	4		1000											0									
0	0	2	1	3		3000											0									
0	5	2	1	5		1600											0									
6	1	26	0	1				3									1	1	20130204	20201230						V?Lm Mt Tch
6	1	122	0	1			12										0									
6	1	123	0	1			24										0									
6	1	124	0	1			60										0									
6	1	37	0	1				2									1	2	20070922	20071014						Thin Vng Chy Php. Quyn 1
6	1	38	0	1				2									1	2	20070922	20071014						Thin Vng Thng php. Quyn 2
6	1	39	0	1				2									1	2	20070922	20071014						Thin Vng ao php.Quyn 3
6	1	56	0	1				2									1	2	20070922	20071014						Thiu Lm Quyn Php. Quyn 1
6	1	57	0	1				2									1	2	20070922	20071014						Thiu Lm Cn php. Quyn 2
6	1	58	0	1				2									1	2	20070922	20071014						Thiu Lm ao php. Quyn 3
6	1	45	0	1				2									1	2	20070922	20071014						Phi ao thut. Nhip Hn Nguyt nh
6	1	46	0	1				2									1	2	20070922	20071014						Phi Tiu thut. Cu Cung Phi Tinh
6	1	27	0	1				2									1	2	20070922	20071014						T?Tin thut. Bo V?L?Hoa
6	1	28	0	1				2									1	2	20070922	20071014						Hm Tnh thut.Lon Hon Kch
6	1	47	0	1				2									1	2	20070922	20071014						Ng?чc Chng Php. Quyn 1
6	1	48	0	1				2									1	2	20070922	20071014						Ng?чc ao php. Quyn 2
6	1	49	0	1				2									1	2	20070922	20071014						Ng?чc Nhip Tm thut. Quyn 3
6	1	42	0	1				2									1	2	20070922	20071014						Dit Kim Mt Tch
6	1	43	0	1				2									1	2	20070922	20071014						Nga Mi  Pht Quang Chng Mt Tch
6	1	59	0	1				2									1	2	20070922	20071014						Ph?ч Mt Tch
6	1	40	0	1				2									1	2	20070922	20071014						Thy Yn ao php
6	1	41	0	1				2									1	2	20070922	20071014						Thy Yn Song ao
6	1	54	0	1				2									1	2	20070922	20071014						Ci Bang Chng Php
6	1	55	0	1				2									1	2	20070922	20071014						Ci Bang Cn php
6	1	35	0	1				2									1	2	20070922	20071014						Vn Long Kch. Mu php
6	1	36	0	1				2									1	2	20070922	20071014						Lu Tinh. ao php
6	1	53	0	1				2									1	2	20070922	20071014						Nhip Hn. Ch?thut
6	1	33	0	1				2									1	2	20070922	20071014						Thi Cc Quyn Ph? Quyn 3
6	1	34	0	1				2									1	2	20070922	20071014						Thi Cc Kim Ph? Quyn 2
6	1	50	0	1				2									1	2	20070922	20071014						Ng?Phong thut
6	1	51	0	1				2									1	2	20070922	20071014						Ng?Li thut
6	1	52	0	1				2									1	2	20070922	20071014						Ng?Tm thut
6	1	12	0	1				10									1									Bn Nhc Tm Kinh
0	11	0	0	1				1									1									易容面具-落光(不卖了)
0	11	1	0	1				1									1									易容面具-银牙(不卖了)
0	11	2	0	1				1									1									易容面具-霜刀(不卖了)
0	11	3	0	1				1									1									易容面具-冷弓(不卖了)
0	11	4	0	1				1									1									易容面具-寒枪(不卖了)
0	11	5	0	1				1									1									易容面具-奔雷(不卖了)
0	11	7	0	1				1									1									易容面具-降锤(不卖了)
0	11	8	0	1				1									1									易容面具-赤掌(不卖了)
0	11	9	0	1				1									1									易容面具-狼棒(不卖了)
0	11	10	0	1													1									易容面具-张宗正(旧版本,不再贩卖)
0	11	12	0	1													1									易容面具-柳青青(旧版本,不再贩卖)
0	11	13	0	1													1									易容面具-扇客(旧版本,不再贩卖)
0	11	14	0	1													1									易容面具-蓝伊伊(旧版本,不再贩卖)
0	11	15	0	1													1									易容面具-古柏(旧版本,不再贩卖)
6	1	130	0	1													1									大白驹丸（无用项）
1	0	0	0	5		3000											0									Cu Chuyn Hon Hn an
1	1	0	0	5		3000											0									?u Hon thn an
1	2	0	0	5		4000											0									Ng?Hoa Ngc L?Hon
0	11	16	0	1													1									易容面具-道清真人(旧版本,不再贩卖)
0	11	17	0	1													1									易容面具-耶律辟离(旧版本,不再贩卖)
0	11	18	0	1													1									易容面具-完颜雪衣(旧版本,不再贩卖)
0	11	19	0	1													1									易容面具-端木睿(旧版本,不再贩卖)
0	11	20	0	1													1									易容面具-钟灵秀(旧版本,不再贩卖)
0	11	21	0	1													1									易容面具-何怜飘(旧版本,不再贩卖)
0	11	22	0	1													1									易容面具-孟沧浪(旧版本,不再贩卖)
6	1	135	0	1		1888888											1									Thip Chc Phc
6	1	136	0	1		1888888											1									Thip Bang Phi
6	1	137	0	1		1888888											1									Thip Sinh nht
6	1	138	0	1		2999999											1									Thip Hoa Hng
6	1	139	0	1		1888888											1									Thip Ging Sinh
6	1	140	0	1		1888888											1									Thip Nm mi
6	1	141	0	1		8888888											1									Thip Vui v?
6	1	155	0	1		5000											0									Tng Kim Chiu th?
6	1	159	0	1		5000											0									Chin k?
6	1	156	0	1					3000								0									Chin c?
6	1	157	0	1					2000								0									Lnh bi
6	1	158	0	1					1500								0									Hiu gic
6	1	178	0	1					600								0									Tng Kim Ngoi Ph?hon
6	1	179	0	1					600								0									Tng Kim Ngoi чc hon
6	1	180	0	1					600								0									Tng Kim Ngoi Bng hon
6	1	181	0	1					600								0									Tng Kim Ni Ph?hon
6	1	182	0	1					600								0									Tng Kim Ni чc hon
6	1	183	0	1					600								0									Tng Kim Ni Bng hon
6	1	184	0	1					600								0									Tng Kim Ni Ha hon
6	1	185	0	1					600								0									Tng Kim Ni Li hon
6	1	186	0	1					300								0									Tng Kim Trng Mnh hon
6	1	187	0	1					300								0									Tng Kim Gia Bo hon
6	1	188	0	1					300								0									Tng Kim Cao Thim hon
6	1	189	0	1					300								0									Tng Kim Cao Trung hon
6	1	190	0	1					600								0									Tng Kim Phi Tc hon
6	1	191	0	1					400								0									Tng Kim Ph?Phng hon
6	1	192	0	1					400								0									Tng Kim Bng Phng hon
6	1	193	0	1					400								0									Chuyn dng cho Tng Kim Li phng hon
6	1	194	0	1					400								0									Chuyn dng cho Tng Kim Ha phng hon
6	1	195	0	1					400								0									Chuyn dng cho Tng Kim чc phng hon
6	1	212	0	1					250								0									B?cu
6	1	214	0	1					3000								0									Khng Кn Chi Gic
6	1	215	0	1		5000			400								0									Cn Khn To Ha an (i)
6	1	216	0	1		6000			200								0									Cn Khn To Ha an (trung)
6	1	217	0	1		3000			100								0									Cn Khn To Ha an (tiu)
1	0	0	0	5		2000											0									Cu Chuyn Hon Hn an
1	1	0	0	5		2000											0									?u Hon thn an
1	2	0	0	5		3000											0									Ng?Hoa Ngc L?Hon
1	4	0	0	5		200											0									Long Уm Ha чc an
4	507	1	0	1					5000								0									Nhc Vng Hn Thch
6	1	236	0	1		3000000											0									Thip  Tnh nhn
6	0	20	0	1		20000											0									Mai Khi Hoa V?
6	0	11	0	1		10000											0									Pho Hoa
0	11	72	0	1		3000000											1									大头娃娃(旧版本,不再贩卖)
0	11	73	0	1		3000000											1									舞南狮(旧版本,不再贩卖)
0	11	74	0	1		3000000											1									舞北狮(旧版本,不再贩卖)
0	11	75	0	1		2000000											1									舞龙珠面具(旧版本,不再贩卖)
0	11	76	0	1		2000000											1									舞龙头面具(旧版本,不再贩卖)
0	11	77	0	1		2000000											1									舞龙身面具(旧版本,不再贩卖)
0	11	78	0	1		2000000											1									舞龙尾面具(旧版本,不再贩卖)
0	11	27	0	1		2000000											1									易容面具-雪豹(旧版本,不再贩卖)
0	11	30	0	1		2000000											1									易容面具-青狼(旧版本,不再贩卖)
0	11	35	0	1		2000000											1									易容面具-刺猬(旧版本,不再贩卖)
0	11	38	0	1		2000000											1									易容面具-棕熊(旧版本,不再贩卖)
0	11	40	0	1		2000000											1									易容面具-野牛(旧版本,不再贩卖)
0	11	43	0	1		2000000											1									易容面具-眼镜蟒蛇(旧版本,不再贩卖)
0	11	54	0	1		2000000											1									易容面具-金猫(旧版本,不再贩卖)
0	11	61	0	1		2000000											1									易容面具-金丝猴(旧版本,不再贩卖)
0	11	65	0	1		2000000											1									易容面具-梅花鹿(旧版本,不再贩卖)
0	11	66	0	1		2000000											1									易容面具-白猪(旧版本,不再贩卖)
6	1	147	0	1					150								1									Huyn Tinh Khong Thch-Phm cht: 1
6	1	147	0	2					500								1									Huyn Tinh Khong Thch-Phm cht: 2
6	1	147	0	3					2250								1									Huyn Tinh Khong Thch-Phm cht: 3
6	1	147	0	4					9000								1									Huyn Tinh Khong Thch-Phm cht: 4
6	1	147	0	5					35000								1									Huyn Tinh Khong Thch-Phm cht: 5
6	1	147	0	6					120000								1									Huyn Tinh Khong Thch-Phm cht: 6
6	1	149	0	1				1	100								1									Huyn Thit Nguyn Khong
6	1	151	0	1				1	100								1									Mt Ngn Nguyn Khong
6	1	153	0	1				1	100								1									Chu Sa Nguyn Khong
6	1	383	0	1					20000								1	1								у ph?Hong Kim - мnh Quc Thanh Sa Trng Sam
6	1	384	0	1					50000								1	2								у ph?Hong Kim - мnh Quc ?Sa Pht Qun
6	1	385	0	1					20000								1	1								у ph?Hong Kim - мnh Quc Xch Quyn Nhuyn Ngoa
6	1	386	0	1					20000								1	1								у ph?Hong Kim - мnh Quc T?Щng H?uyn
6	1	387	0	1					20000								1	1								у ph?Hong Kim - мnh Quc Ngn Tm Yu i
6	1	388	0	1					50000								1	2								у ph?Hong Kim - An Bang Bng Tinh Thch Hng Lin
6	1	389	0	1					20000								1	2								у ph?Hong Kim - An Bang Cc Hoa Thch Ch?hon
6	1	390	0	1					20000								1	2								у ph?Hong Kim - An Bang in Hong Thch Ngc Bi
6	1	391	0	1					20000								1	2								у ph?Hong Kim - An Bang K?Huyt Thch Gii Ch?
6	1	130	0	1		3000000											1									Чi Bch Cu hon
6	1	401	0	1		100											0									Tn Th?thip
1	0	0	0	5		4000											0									Cu Chuyn Hon Hn n (V?lm i hi)
1	1	0	0	5		4000											0									?u Hon thn n (V?lm i hi)
1	2	0	0	5		5000											0									Ng?Hoa Ngc L?Hon (V?lm i hi)
1	4	0	0	5		1000											0									Long Уm Ha чc n (V?lm i hi)
6	1	240	0	1													1									у ph?Hong Kim - Mng Long Kim Ti Chnh Hng C?Sa
6	1	244	0	1													1									у ph?Hong Kim - Phc Ma T?Kim Cn
6	1	249	0	1													1									у ph?Hong Kim - T?Khng Ging Ma Gii ao
6	1	254	0	1													1									у ph?Hong Kim - Hm Thin Kim Hon Чi Nhn Thn Chy
6	1	259	0	1													1									у ph?Hong Kim - K?Nghip Bn Li Ton Long Thng
6	1	260	0	1													1									у ph?Hong Kim - K?Nghip Huyn V?Hong Kim Khi
6	1	264	0	1													1									у ph?Hong Kim - Ng?Long Lng Ngn Bo ao
6	1	269	0	1													1									у ph?Hong Kim - V?Gian ?Thin Kim
6	1	277	0	1													1									у ph?Hong Kim - V?Ma Ty Tng Ngc Khu
6	1	278	0	1													1									у ph?Hong Kim - Mnh Hng Truy Nhuyn Thp Hi
6	1	280	0	1													1									у ph?Hong Kim - V?Trn Thanh Tm Hng Thin Chu
6	1	284	0	1													1									у ph?Hong Kim - T?Hong Phng Nghi ao
6	1	289	0	1													1									у ph?Hong Kim - Bch Hi Uyn Μng Lin Hon ao
6	1	292	0	1													1									у ph?Hong Kim - Bch Hi Hng Lng Ba
6	1	294	0	1													1									у ph?Hong Kim - U Lung Kim X?Pht Цi
6	1	298	0	1													1									у ph?Hong Kim - U Lung Mc Th?Nhuyn L?
6	1	299	0	1													1									у ph?Hong Kim - Minh o T?St чc Nhn
6	1	305	0	1													1									у ph?Hong Kim - Ch?Phc Dit Li Cnh Ph?
6	1	309	0	1													1									у ph?Hong Kim - Bng Hn Кn Ch?Phi ao
6	1	314	0	1													1									у ph?Hong Kim - Thin Quang Hoa V?Mn Thin
6	1	319	0	1													1									у ph?Hong Kim - Sm Hoang Phi Tinh ot Hn
6	1	325	0	1													1									у ph?Hong Kim - мa Phch Hc Dim Xung Thin Lin
6	1	330	0	1													1									у ph?Hong Kim - уng Cu Ging Long Ci Y
6	1	332	0	1													1									у ph?Hong Kim - уng Cu Khng Long H?Uyn
6	1	334	0	1													1									у ph?Hong Kim - мch Khi Lc Ngc Trng
6	1	339	0	1													1									у ph?Hong Kim - Ma St Qu?Cc U Minh Thng
6	1	348	0	1													1									у ph?Hong Kim - Ma Hong Kim Gip Khi
6	1	349	0	1													1									у ph?Hong Kim - Ma Hong n Xut H?Hng Khuyn
6	1	350	0	1													1									у ph?Hong Kim - Ma Th?sn  Hi Phi Hng L?
6	1	357	0	1													1									у ph?Hong Kim - Lng Nhc V?Cc Huyn Ngc Bi
6	1	359	0	1													1									у ph?Hong Kim - Cp Phong Chn V?Kim
6	1	360	0	1													1									у ph?Hong Kim - Cp Phong Tam Thanh Ph?
6	1	364	0	1													1									у ph?Hong Kim - Sng Tinh Thin Nin Hn Thit
6	1	370	0	1													1									у ph?Hong Kim - Li Khung Thin мa H?Ph?
6	1	374	0	1													1									у ph?Hong Kim - V?o Bc Minh Чo Qun
6	1	380	0	1													1									у ph?Hong Kim - ng St Bch Ngc Cn Khn Bi
6	1	381	0	1													1									у ph?Hong Kim - ng St Bch Kim T?Phng Gii
6	1	382	0	1													1									у ph?Hong Kim - ng St Ph?Thy Ngc Hng Khuyn
6	1	22	0	1				5									1									Ty Ty Kinh
6	1	438	0	1													1	8								Th?a ph?(s?dng v?hn)
6	1	439	0	1													1	8								Tm Tm Tng nh Ph?(s?dng v?hn)
6	1	440	0	1				2									1									Mnh Sn H?X?Tc (100)
0	11	87	0	1													1									易容面具-王佐(旧版本,不再贩卖)
0	11	88	0	1													1									易容面具-玄觉大师(旧版本,不再贩卖)
0	11	89	0	1													1									易容面具-唐不染(旧版本,不再贩卖)
0	11	90	0	1													1									易容面具-白莹莹(旧版本,不再贩卖)
0	11	91	0	1													1									易容面具-清绝师太(旧版本,不再贩卖)
0	11	92	0	1													1									易容面具-嫣晓倩(旧版本,不再贩卖)
0	11	93	0	1													1									易容面具-何人我(旧版本,不再贩卖)
0	11	94	0	1													1									易容面具-单思南(旧版本,不再贩卖)
0	11	95	0	1													1									易容面具-璇玑子(旧版本,不再贩卖)
0	11	96	0	1													1									易容面具-韩蒙(旧版本,不再贩卖)
6	1	447	0	1		100											1									Mt  luyn cp
6	1	448	0	1		100											1									Mt  luyn cp
6	1	449	0	1		100											1									Mt  luyn cp
6	1	450	0	1		100											1									Mt  luyn cp
6	1	451	0	1		100											1									Mt  luyn cp
6	1	452	0	1		100											1									Mt  luyn cp
6	1	453	0	1		100											1									Mt  luyn cp
6	1	454	0	1		100											1									Mt  luyn cp
6	1	455	0	1		100											1									Mt  luyn cp
6	1	456	0	1		100											1									Mt  luyn cp
6	1	457	0	1		100											1									Mt  luyn cp
6	1	458	0	1		100											1									Mt  luyn cp
6	1	459	0	1		100											1									Mt  luyn cp
6	1	460	0	1		100											1									Mt  luyn cp
6	1	461	0	1		100											1									Mt  luyn cp
6	1	462	0	1		100											1									Mt  luyn cp
6	1	463	0	1		100											1									Mt  luyn cp
6	1	464	0	1		100											1									Mt  luyn cp
6	1	465	0	1		100											1									Mt  luyn cp
6	1	466	0	1		100											1									Mt  luyn cp
6	1	467	0	1		100											1									Mt  luyn cp
6	1	468	0	1		100											1									Mt  luyn cp
6	1	469	0	1		100											1									Mt  luyn cp
6	1	470	0	1		100											1									Mt  luyn cp
6	1	471	0	1		100											1									Mt  luyn cp
6	1	472	0	1		100											1									Mt  luyn cp
6	1	473	0	1		100											1									Mt  luyn cp
6	1	474	0	1		100											1									Mt  luyn cp
6	1	475	0	1		100											1									Mt  luyn cp
6	1	476	0	1		100											1									Mt  luyn cp
6	1	477	0	1		100											1									Mt  luyn cp
6	1	478	0	1		100											1									Mt  luyn cp
6	1	479	0	1		100											1									Mt  luyn cp
6	1	480	0	1		100											1									Mt  luyn cp
6	1	481	0	1		100											1									Mt  luyn cp
6	1	482	0	1		100											1									Mt  luyn cp
6	1	483	0	1		100											1									Mt  luyn cp
6	1	484	0	1		100											1									Mt  luyn cp
6	1	485	0	1		100											1									Mt  luyn cp
6	1	486	0	1		100											1									Mt  luyn cp
6	1	487	0	1		100											1									Mt  luyn cp
6	1	488	0	1		100											1									Mt  luyn cp
6	1	489	0	1		100											1									Mt  luyn cp
6	1	490	0	1		100											1									Mt  luyn cp
6	1	491	0	1		100											1									Mt  luyn cp
6	1	492	0	1		100											1									Mt  luyn cp
6	1	493	0	1		100											1									Mt  luyn cp
6	1	494	0	1		100											1									Mt  luyn cp
6	1	495	0	1		100											1									Mt  luyn cp
6	1	496	0	1		100											1									Mt  luyn cp
6	1	497	0	1		100											1									Mt  luyn cp
6	1	498	0	1		100											1									Mt  luyn cp
6	1	499	0	1		100											1									Mt  luyn cp
6	1	500	0	1		100											1									Mt  luyn cp
6	1	501	0	1		100											1									Mt  luyn cp
6	1	502	0	1		100											1									Mt  luyn cp
6	1	503	0	1		100											1									Mt  luyn cp
6	1	504	0	1		100											1									Mt  luyn cp
6	1	505	0	1		100											1									Mt  luyn cp
6	1	506	0	1		100											1									Mt  luyn cp
6	1	507	0	1		100											1									Mt  luyn cp
6	1	508	0	1		100											1									Mt  luyn cp
6	1	509	0	1		100											1									Mt  luyn cp
6	1	510	0	1		100											1									Mt  luyn cp
6	1	511	0	1		100											1									Mt  luyn cp
6	1	512	0	1		100											1									Mt  luyn cp
6	1	513	0	1		100											1									Mt  luyn cp
6	1	514	0	1		100											1									Mt  luyn cp
6	1	515	0	1		100											1									Mt  luyn cp
6	1	516	0	1		100											1									Mt  luyn cp
6	1	517	0	1		100											1									Mt  luyn cp
6	1	518	0	1		100											1									Mt  luyn cp
6	1	519	0	1		100											1									Mt  luyn cp
6	1	520	0	1		100											1									Mt  luyn cp
6	1	521	0	1		100											1									Mt  luyn cp
6	1	522	0	1		100											1									Mt  luyn cp
6	1	523	0	1		100											1									Mt  luyn cp
6	1	524	0	1		100											1									Mt  luyn cp
6	1	525	0	1		100											1									Mt  luyn cp
6	1	526	0	1		100											1									Mt  luyn cp
6	1	527	0	1		100											1									Mt  luyn cp
6	1	528	0	1		100											1									Mt  luyn cp
6	1	529	0	1		100											1									Mt  luyn cp
6	1	530	0	1		100											1									Mt  luyn cp
6	1	531	0	1		100											1									Mt  luyn cp
6	1	532	0	1		100											1									Mt  luyn cp
6	1	533	0	1		100											1									Mt  luyn cp
6	1	534	0	1		100											1									Mt  luyn cp
6	1	535	0	1		100											1									Mt  luyn cp
6	1	536	0	1		100											1									Mt  luyn cp
6	1	537	0	1		100											1									Mt  luyn cp
6	1	538	0	1		100											1									Mt  luyn cp
6	1	539	0	1		100											1									Mt  luyn cp
6	1	540	0	1		100											1									Mt  luyn cp
6	1	541	0	1		100											1									Mt  luyn cp
6	1	542	0	1		100											1									Mt  luyn cp
6	1	543	0	1		100											1									Mt  luyn cp
6	1	544	0	1		100											1									Mt  luyn cp
6	1	545	0	1		100											1									Mt  luyn cp
6	1	546	0	1		100											1									Mt  luyn cp
6	1	547	0	1		100											1									Mt  luyn cp
6	1	548	0	1		100											1									Mt  luyn cp
6	1	549	0	1		100											1									Mt  luyn cp
6	1	550	0	1		100											1									Mt  luyn cp
6	1	551	0	1		100											1									Mt  luyn cp
6	1	552	0	1		100											1									Mt  luyn cp
6	1	553	0	1		100											1									Mt  luyn cp
6	1	554	0	1		100											1									Mt  luyn cp
6	1	555	0	1		100											1									Mt  luyn cp
6	1	556	0	1		100											1									Mt  luyn cp
6	1	557	0	1		100											1									Mt  luyn cp
6	1	558	0	1		100											1									Mt  luyn cp
6	1	559	0	1		100											1									Mt  luyn cp
6	1	560	0	1		100											1									Mt  luyn cp
6	1	561	0	1		100											1									Mt  luyn cp
6	1	562	0	1		100											1									Mt  luyn cp
6	1	563	0	1		100											1									Mt  luyn cp
6	1	564	0	1		100											1									Mt  luyn cp
6	1	565	0	1		100											1									Mt  luyn cp
6	1	566	0	1		100											1									Mt  luyn cp
6	1	567	0	1		100											1									Mt  luyn cp
6	1	568	0	1		100											1									Mt  luyn cp
6	1	569	0	1		100											1									Mt  luyn cp
6	1	570	0	1		100											1									Mt  luyn cp
6	1	571	0	1		100											1									Mt  luyn cp
6	1	572	0	1		100											1									Mt  luyn cp
6	1	573	0	1		100											1									Mt  luyn cp
6	1	574	0	1		100											1									Mt  luyn cp
6	1	575	0	1		100											1									Mt  luyn cp
6	1	576	0	1		100											1									Mt  luyn cp
6	1	577	0	1		100											1									Mt  luyn cp
6	1	578	0	1		100											1									Mt  luyn cp
6	1	579	0	1		100											1									Mt  luyn cp
6	1	580	0	1		100											1									Mt  luyn cp
6	1	581	0	1		100											1									Mt  luyn cp
6	1	582	0	1		100											1									Mt  luyn cp
6	1	583	0	1		100											1									Mt  luyn cp
6	1	584	0	1		100											1									Mt  luyn cp
6	1	585	0	1		100											1									Mt  luyn cp
6	1	586	0	1		100											1									Mt  luyn cp
6	1	587	0	1		100											1									Mt  luyn cp
6	1	588	0	1		100											1									Mt  luyn cp
6	1	589	0	1		100											1									Mt  luyn cp
6	1	590	0	1		100											1									Mt  luyn cp
6	1	591	0	1		100											1									Mt  luyn cp
6	1	592	0	1		100											1									Mt  luyn cp
6	1	593	0	1		100											1									Mt  luyn cp
6	1	594	0	1		100											1									Mt  luyn cp
6	1	595	0	1		100											1									Mt  luyn cp
6	1	596	0	1		100											1									Mt  luyn cp
6	1	597	0	1		100											1									Mt  luyn cp
6	1	598	0	1		100											1									Mt  luyn cp
6	1	599	0	1		100											1									Mt  luyn cp
6	1	600	0	1		100											1									Mt  luyn cp
6	1	601	0	1		100											1									Mt  luyn cp
6	1	602	0	1		100											1									Mt  luyn cp
6	1	603	0	1		100											1									Mt  luyn cp
6	1	604	0	1		100											1									Mt  luyn cp
6	1	605	0	1		100											1									Mt  luyn cp
6	1	606	0	1		100											1									Mt  luyn cp
6	1	607	0	1		100											1									Mt  luyn cp
6	1	608	0	1		100											1									Mt  luyn cp
6	1	609	0	1		100											1									Mt  luyn cp
6	1	610	0	1		100											1									Mt  luyn cp
6	1	611	0	1		100											1									Mt  luyn cp
6	1	612	0	1		100											1									Mt  luyn cp
6	1	613	0	1		100											1									Mt  luyn cp
6	1	614	0	1		100											1									Mt  luyn cp
6	1	615	0	1		100											1									Mt  luyn cp
6	1	616	0	1		100											1									Mt  luyn cp
6	1	617	0	1		100											1									Mt  luyn cp
6	1	618	0	1		100											1									Mt  luyn cp
6	1	619	0	1		100											1									Mt  luyn cp
6	1	620	0	1		100											1									Mt  luyn cp
6	1	621	0	1		100											1									Mt  luyn cp
6	1	622	0	1		100											1									Mt  luyn cp
6	1	623	0	1		100											1									Mt  luyn cp
6	1	624	0	1		100											1									Mt  luyn cp
6	1	625	0	1		100											1									Mt  luyn cp
6	1	626	0	1		100											1									Mt  luyn cp
6	1	627	0	1		100											1									Mt  luyn cp
6	1	628	0	1		100											1									Mt  luyn cp
6	1	629	0	1		100											1									Mt  luyn cp
6	1	630	0	1		100											1									Mt  luyn cp
6	1	631	0	1		100											1									Mt  luyn cp
6	1	632	0	1		100											1									Mt  luyn cp
6	1	633	0	1		100											1									Mt  luyn cp
6	1	634	0	1		100											1									Mt  luyn cp
6	1	635	0	1		100											1									Mt  luyn cp
6	1	636	0	1		100											1									Mt  luyn cp
6	1	637	0	1		100											1									Mt  luyn cp
6	1	638	0	1		100											1									Mt  luyn cp
6	1	639	0	1		100											1									Mt  luyn cp
6	1	640	0	1		100											1									Mt  luyn cp
6	1	641	0	1		100											1									Mt  luyn cp
6	1	642	0	1		100											1									Mt  luyn cp
6	1	643	0	1		100											1									Mt  luyn cp
6	1	644	0	1		100											1									Mt  luyn cp
6	1	645	0	1		100											1									Mt  luyn cp
6	1	646	0	1		100											1									Mt  luyn cp
6	1	647	0	1		100											1									Mt  luyn cp
6	1	648	0	1		100											1									Mt  luyn cp
6	1	649	0	1		100											1									Mt  luyn cp
6	1	650	0	1		100											1									Mt  luyn cp
6	1	651	0	1		100											1									Mt  luyn cp
6	1	652	0	1		100											1									Mt  luyn cp
6	1	653	0	1		100											1									Mt  luyn cp
6	1	654	0	1		100											1									Mt  luyn cp
6	1	655	0	1		100											1									Mt  luyn cp
6	1	656	0	1		100											1									Mt  luyn cp
6	1	657	0	1		100											1									Mt  luyn cp
6	1	658	0	1		100											1									Mt  luyn cp
6	1	659	0	1		100											1									Mt  luyn cp
6	1	660	0	1		100											1									Mt  luyn cp
6	1	661	0	1		100											1									Mt  luyn cp
6	1	662	0	1		100											1									Mt  luyn cp
6	1	663	0	1		100											1									Mt  luyn cp
6	1	664	0	1		100											1									Mt  luyn cp
6	1	665	0	1		100											1									Mt  luyn cp
6	1	666	0	1		100											1									Mt  luyn cp
6	1	667	0	1		100											1									Mt  luyn cp
6	1	668	0	1		100											1									Mt  luyn cp
6	1	669	0	1		100											1									Mt  luyn cp
6	1	670	0	1		100											1									Mt  luyn cp
6	1	671	0	1		100											1									Mt  luyn cp
6	1	672	0	1		100											1									Mt  luyn cp
6	1	673	0	1		100											1									Mt  luyn cp
6	1	674	0	1		100											1									Mt  luyn cp
6	1	675	0	1		100											1									Mt  luyn cp
6	1	676	0	1		100											1									Mt  luyn cp
6	1	677	0	1		100											1									Mt  luyn cp
6	1	678	0	1		100											1									Mt  luyn cp
6	1	679	0	1		100											1									Mt  luyn cp
6	1	680	0	1		100											1									Mt  luyn cp
6	1	681	0	1		100											1									Mt  luyn cp
6	1	682	0	1		100											1									Mt  luyn cp
6	1	683	0	1		100											1									Mt  luyn cp
6	1	684	0	1		100											1									Mt  luyn cp
6	1	685	0	1		100											1									Mt  luyn cp
6	1	686	0	1		100											1									Mt  luyn cp
6	1	687	0	1		100											1									Mt  luyn cp
6	1	688	0	1		100											1									Mt  luyn cp
6	1	689	0	1		100											1									Mt  luyn cp
6	1	690	0	1		100											1									Mt  luyn cp
6	1	691	0	1		100											1									Mt  luyn cp
6	1	692	0	1		100											1									Mt  luyn cp
6	1	693	0	1		100											1									Mt  luyn cp
6	1	694	0	1		100											1									Mt  luyn cp
6	1	695	0	1		100											1									Mt  luyn cp
6	1	696	0	1		100											1									Mt  luyn cp
6	1	697	0	1		100											1									Mt  luyn cp
6	1	698	0	1		100											1									Mt  luyn cp
6	1	699	0	1		100											1									Mt  luyn cp
6	1	700	0	1		100											1									Mt  luyn cp
6	1	701	0	1		100											1									Mt  luyn cp
6	1	702	0	1		100											1									Mt  luyn cp
6	1	703	0	1		100											1									Mt  luyn cp
6	1	704	0	1		100											1									Mt  luyn cp
6	1	705	0	1		100											1									Mt  luyn cp
6	1	706	0	1		100											1									Mt  luyn cp
6	1	707	0	1		100											1									Mt  luyn cp
6	1	708	0	1		100											1									Mt  luyn cp
6	1	709	0	1		100											1									Mt  luyn cp
6	1	710	0	1		100											1									Mt  luyn cp
6	1	711	0	1		100											1									Mt  luyn cp
6	1	712	0	1		100											1									Mt  luyn cp
6	1	713	0	1		100											1									Mt  luyn cp
6	1	714	0	1		100											1									Mt  luyn cp
6	1	715	0	1		100											1									Mt  luyn cp
6	1	716	0	1		100											1									Mt  luyn cp
6	1	717	0	1		100											1									Mt  luyn cp
6	1	718	0	1		100											1									Mt  luyn cp
6	1	719	0	1		100											1									Mt  luyn cp
6	1	720	0	1		100											1									Mt  luyn cp
6	1	721	0	1		100											1									Mt  luyn cp
6	1	722	0	1		100											1									Mt  luyn cp
6	1	723	0	1		100											1									Mt  luyn cp
6	1	724	0	1		100											1									Mt  luyn cp
6	1	725	0	1		100											1									Mt  luyn cp
6	1	726	0	1		100											1									Mt  luyn cp
6	1	727	0	1		100											1									Mt  luyn cp
6	1	728	0	1		100											1									Mt  luyn cp
6	1	729	0	1		100											1									Mt  luyn cp
6	1	730	0	1		100											1									Mt  luyn cp
6	1	731	0	1		100											1									Mt  luyn cp
6	1	732	0	1		100											1									Mt  luyn cp
6	1	733	0	1		100											1									Mt  luyn cp
6	1	734	0	1		100											1									Mt  luyn cp
6	1	735	0	1		100											1									Mt  luyn cp
6	1	736	0	1		100											1									Mt  luyn cp
6	1	737	0	1		100											1									Mt  luyn cp
6	1	738	0	1		100											1									Mt  luyn cp
6	1	739	0	1		100											1									Mt  luyn cp
6	1	740	0	1		100											1									Mt  luyn cp
6	1	741	0	1		100											1									Mt  luyn cp
6	1	742	0	1		100											1									Mt  luyn cp
6	1	743	0	1		100											1									Mt  luyn cp
6	1	744	0	1		100											1									Mt  luyn cp
6	1	745	0	1		100											1									Mt  luyn cp
6	1	746	0	1		100											1									Mt  luyn cp
6	1	747	0	1		100											1									Mt  luyn cp
6	1	748	0	1		100											1									Mt  luyn cp
6	1	749	0	1		100											1									Mt  luyn cp
6	1	750	0	1		100											1									Mt  luyn cp
6	1	751	0	1		100											1									Mt  luyn cp
6	1	752	0	1		100											1									Mt  luyn cp
6	1	753	0	1		100											1									Mt  luyn cp
6	1	754	0	1		100											1									Mt  luyn cp
6	1	755	0	1		100											1									Mt  luyn cp
6	1	756	0	1		100											1									Mt  luyn cp
6	1	757	0	1		100											1									Mt  luyn cp
6	1	758	0	1		100											1									Mt  luyn cp
6	1	759	0	1		100											1									Mt  luyn cp
6	1	760	0	1		100											1									Mt  luyn cp
6	1	761	0	1		100											1									Mt  luyn cp
6	1	762	0	1		100											1									Mt  luyn cp
6	1	763	0	1		100											1									Mt  luyn cp
6	1	764	0	1		100											1									Mt  luyn cp
6	1	765	0	1		100											1									Mt  luyn cp
6	1	766	0	1		100											1									Mt  luyn cp
6	1	767	0	1		100											1									Mt  luyn cp
6	1	768	0	1		100											1									Mt  luyn cp
6	1	769	0	1		100											1									Mt  luyn cp
6	1	770	0	1		100											1									Mt  luyn cp
6	1	771	0	1		100											1									Mt  luyn cp
6	1	772	0	1		100											1									Mt  luyn cp
6	1	773	0	1		100											1									Mt  luyn cp
6	1	774	0	1		100											1									Mt  luyn cp
6	1	775	0	1		100											1									Mt  luyn cp
6	1	776	0	1		100											1									Mt  luyn cp
6	1	777	0	1		100											1									Mt  luyn cp
6	1	778	0	1		100											1									Mt  luyn cp
6	1	779	0	1		100											1									Mt  luyn cp
6	1	780	0	1		100											1									Mt  luyn cp
6	1	781	0	1		100											1									Mt  luyn cp
6	1	782	0	1		100											1									Mt  luyn cp
6	1	783	0	1		100											1									Mt  luyn cp
6	1	784	0	1		100											1									Mt  luyn cp
6	1	785	0	1		100											1									Mt  luyn cp
6	1	786	0	1		100											1									Mt  luyn cp
6	1	787	0	1		100											1									Mt  luyn cp
6	1	788	0	1		100											1									Mt  luyn cp
6	1	789	0	1		100											1									Mt  luyn cp
6	1	790	0	1		100											1									Mt  luyn cp
6	1	791	0	1		100											1									Mt  luyn cp
6	1	792	0	1		100											1									Mt  luyn cp
6	1	793	0	1		100											1									Mt  luyn cp
6	1	794	0	1		100											1									Mt  luyn cp
6	1	795	0	1		100											1									Mt  luyn cp
6	1	796	0	1		100											1									Mt  luyn cp
6	1	797	0	1		100											1									Mt  luyn cp
6	1	798	0	1		100											1									Mt  luyn cp
6	1	799	0	1		100											1									Mt  luyn cp
6	1	800	0	1		100											1									Mt  luyn cp
6	1	801	0	1		100											1									Mt  luyn cp
6	1	802	0	1		100											1									Mt  luyn cp
6	1	803	0	1		100											1									Mt  luyn cp
6	1	804	0	1		100											1									Mt  luyn cp
6	1	805	0	1		100											1									Mt  luyn cp
6	1	806	0	1		100											1									Mt  luyn cp
6	1	807	0	1		100											1									Mt  luyn cp
6	1	808	0	1		100											1									Mt  luyn cp
6	1	809	0	1		100											1									Mt  luyn cp
6	1	810	0	1		100											1									Mt  luyn cp
6	1	811	0	1		100											1									Mt  luyn cp
6	1	812	0	1		100											1									Mt  luyn cp
6	1	813	0	1		100											1									Mt  luyn cp
6	1	814	0	1		100											1									Mt  luyn cp
6	1	815	0	1		100											1									Mt  luyn cp
6	1	816	0	1		100											1									Mt  luyn cp
6	1	817	0	1		100											1									Mt  luyn cp
6	1	818	0	1		100											1									Mt  luyn cp
6	1	819	0	1		100											1									Mt  luyn cp
6	1	820	0	1		100											1									Mt  luyn cp
6	1	821	0	1		100											1									Mt  luyn cp
6	1	822	0	1		100											1									Mt  luyn cp
6	1	823	0	1		100											1									Mt  luyn cp
6	1	824	0	1		100											1									Mt  luyn cp
6	1	825	0	1		100											1									Mt  luyn cp
6	1	826	0	1		100											1									Mt  luyn cp
6	1	827	0	1		100											1									Mt  luyn cp
0	11	117	0	1													1									易容面具-成年雷剑(旧版本,不再贩卖)
0	11	118	0	1													1									易容面具-成年笑霜(旧版本,不再贩卖)
0	11	119	0	1													1									易容面具-成年火刃(旧版本,不再贩卖)
0	11	120	0	1													1									易容面具-成年海棠(旧版本,不再贩卖)
0	11	121	0	1													1									易容面具-成年金锋(旧版本,不再贩卖)
6	1	908	0	1													1									易容面具大礼包（所有少年、青年同伴面具）(旧版本,不再贩卖)
6	1	909	0	1													1									易容面具礼包（随机少年、青年同伴面具）(旧版本,不再贩卖)
6	1	910	0	1				2									1	1	20120220	20150220						Bao Dc hon
6	1	911	0	1													1									Mt  Nhim v?ngu nhin (Huyn Thit Kim)
6	1	912	0	1													1									Mt  Nhim v?ngu nhin (Чi Phong ao)
6	1	913	0	1													1									Mt  Nhim v?ngu nhin (Kim C?Bng)
6	1	914	0	1													1									Mt  Nhim v?ngu nhin (Ph?Thin Kch)
6	1	915	0	1													1									Mt  Nhim v?ngu nhin (Ph?Thin Chy)
6	1	916	0	1													1									Mt  Nhim v?ngu nhin (B?Vng Tiu)
6	1	917	0	1													1									Mt  Nhim v?ngu nhin (Ty Nguyt ao)
6	1	918	0	1													1									Mt  Nhim v?ngu nhin (Khng Tc Linh)
6	1	919	0	1													1									Mt  Nhim v?ngu nhin (Long Phng Huyt Ngc Trc)
6	1	920	0	1													1									Mt  Nhim v?ngu nhin (Thin Tm H?Uyn)
6	1	921	0	1													1									Mt  Nhim v?ngu nhin (Thng Thin Pht Qun)
6	1	922	0	1													1									Mt  Nhim v?ngu nhin (Ym Nht khi)
6	1	923	0	1													1									Mt  Nhim v?ngu nhin (Bch Kim yu i)
6	1	924	0	1													1									Mt  Nhim v?ngu nhin (Thin Tm Ngoa)
6	1	925	0	1													1									Mt  Nhim v?ngu nhin (Phi Phng Ngoa)
6	1	926	0	1													1									Hp уng hnh Mt tch (Kim Cang Bt ph?
6	1	927	0	1													1									Hp уng hnh Mt tch (Bch чc Bt Xm)
6	1	928	0	1													1									Hp уng hnh Mt tch (Bng Tuyt S?Dung)
6	1	929	0	1													1									Hp уng hnh Mt tch (Chn Ha Khng Lc)
6	1	930	0	1													1									Hp уng hnh Mt tch (Li ёnh H?gip)
6	1	931	0	1													1									Hp уng hnh Mt tch (Bnh Ho?Kh?Quyt)
6	1	932	0	1													1									Hp уng hnh Mt tch (H?Khng Thim nh)
6	1	933	0	1													1									Hp уng hnh Mt tch (Hi Thn Tnh tm)
6	1	934	0	1													1									Hp уng hnh Mt tch (V?Nim V?Kinh)
6	1	935	0	1													1									Hp уng hnh Mt tch (Ng?Hnh V?Tng)
6	1	936	0	1													1									Hp уng hnh Mt tch (Di Kh?Phiu Tung)
6	1	937	0	1													1									Hp уng hnh Mt tch (Hoa Kh?ip V?
6	1	938	0	1													1									Hp уng hnh Mt tch (V?Nhn V?Ng?
6	1	939	0	1													1									Hp уng hnh Mt tch (Tnh Ngo Tam Йng)
6	1	940	0	1													1									Hp уng hnh Mt tch (im Huyt Tit Mch)
6	1	941	0	1													1									Hp уng hnh Mt tch (Vn чc Bt Phc)
6	1	942	0	1													1									Hp уng hnh Mt tch (Thn Khinh Nh?Yn)
6	1	943	0	1													1									Hp уng hnh Mt tch (Ngng m Quy Nguyn)
6	1	944	0	1													1									Hp уng hnh Mt tch (Dch Ct Kinh)
6	1	945	0	1													1									Hp уng hnh Mt tch (Thc Thn Thut)
6	1	946	0	1													1									Hp уng hnh Mt tch (Hon Thn Thut)
6	1	947	0	1													1									Hp уng hnh Mt tch (Huyn Mc мnh Thn Thut)
6	1	948	0	1													1									Hp уng hnh Mt tch (ch Th?m Dng)
6	1	949	0	1													1	20								Hp уng hnh Mt tch (An Ph?Chi Ng?
6	1	950	0	1													1									Hp уng hnh Mt tch (Tam Sinh Hu Hnh)
6	1	951	0	1													1									Hp уng hnh Mt tch (Qu?M?Ma Hoc)
6	1	952	0	1													1									Hp уng hnh Mt tch (ot Mnh Trin Nhiu)
6	1	953	0	1													1									Hp уng hnh Mt tch (Yu H?Tri nh)
6	1	954	0	1													1									Hp уng hnh Mt tch (Hoc Thn Lon Tm)
6	1	955	0	1													1									Hp уng hnh Mt tch (C?Thn Toi nh)
6	1	956	0	1													1									Hp уng hnh Mt tch (T?Vong Ki Bn)
6	1	957	0	1													1									Hp уng hnh Mt tch (Thm Hn Nim Xng)
6	1	958	0	1													1									Hp уng hnh Mt tch (Cp Hn Ch?
6	1	959	0	1													1									Hp уng hnh Mt tch (Ha Ty V??
6	1	960	0	1													1									Hp уng hnh Mt tch (Dung Ct V?Tung)
6	1	961	0	1													1									Hp уng hnh Mt tch (m чc Chi Th?
6	1	962	0	1													1									Hp уng hnh Mt tch (Tam Phc Chi Kh?
6	1	963	0	1													1	3								Hp уng hnh Mt tch (K?nng khng tnh)
6	1	964	0	1													1	24								Hp уng hnh Mt tch (K?nng th?gii)
6	1	965	0	1													1	3								Hp уng hnh Mt tch (уng bn Kim)
6	1	966	0	1													1	2								Hp уng hnh Mt tch (уng bn Mc)
6	1	967	0	1													1	2								Hp уng hnh Mt tch (уng bn Thy)
6	1	968	0	1													1	2								Hp уng hnh Mt tch (уng bn Ha)
6	1	969	0	1													1	3								Hp уng hnh Mt tch (уng bn Th?
6	1	970	0	1													1	8								Hp Чi Bch Cu Hon
6	1	971	0	1													1	8								Hp Чi Bch Cu hon
6	1	972	0	1													1									易容面具礼包（少年金锋、青年金锋面具）(旧版本,不再贩卖)
6	1	973	0	1													1									易容面具礼包（少年海棠、青年海棠面具）(旧版本,不再贩卖)
6	1	974	0	1													1									易容面具礼包（少年笑霜、青年笑霜面具）(旧版本,不再贩卖)
6	1	975	0	1													1									易容面具礼包（少年火刃、青年火刃面具）(旧版本,不再贩卖)
6	1	976	0	1													1									易容面具礼包（少年雷剑、青年雷剑面具）(旧版本,不再贩卖)
6	1	977	0	1													1									技能大白驹丸（无用项）
6	1	995	0	1													1									Hp Li Tc hon
6	1	996	0	1													1									Hp Cn Khn Na Di
6	1	997	0	1													1									Hp Di Hnh Hon nh
6	1	998	0	1													1									Hp Huyn Thin Hm Tnh
6	1	999	0	1													1									Hp Bng Phong Hm Tnh
6	1	1000	0	1													1									Hp Kinh nghim ph?(cao cp)
6	1	1001	0	1													1									Hp Li Thn Ngc
6	1	1002	0	1													1									Hp Huyn Bng Ngc
6	1	1003	0	1													1									Hp Bng Sng Hiu gic
6	1	1004	0	1													1									Hp Bo Li Hiu gic
0	11	122	0	1													1									易容面具-圣诞精灵(旧版本,不再贩卖)
0	11	123	0	1													1									易容面具-新年侠客(旧版本,不再贩卖)
0	11	124	0	1													1									易容面具-新年侠女(旧版本,不再贩卖)
0	11	126	0	1													1									易容面具-驯鹿(旧版本,不再贩卖)
6	1	1016	0	1													1									Thip Nh??
0	11	127	0	1													1									易容面具-圣诞精灵(蓝)(旧版本,不再贩卖)
0	11	128	0	1													1									易容面具-圣诞精灵(紫)(旧版本,不再贩卖)
0	11	129	0	1													1									易容面具-圣诞精灵(红)(旧版本,不再贩卖)
0	11	130	0	1													1									易容面具-圣诞精灵(黄)(旧版本,不再贩卖)
0	11	131	0	1													1									易容面具-圣诞老人(蓝)(旧版本,不再贩卖)
0	11	132	0	1													1									易容面具-圣诞老人(粉)(旧版本,不再贩卖)
0	11	133	0	1													1									易容面具-圣诞老人(白)(旧版本,不再贩卖)
0	11	134	0	1													1									易容面具-圣诞老人(黄)(旧版本,不再贩卖)
0	11	135	0	1													1									易容面具-圣诞天使(蓝)(旧版本,不再贩卖)
0	11	136	0	1													1									易容面具-圣诞天使(粉)(旧版本,不再贩卖)
0	11	137	0	1													1									易容面具-圣诞天使(白)(旧版本,不再贩卖)
0	11	138	0	1													1									易容面具-圣诞天使(黄)(旧版本,不再贩卖)
0	11	257	0	1				5									1	4								Mt n?- Thin S?Ging Sinh (Hng phn)
6	1	1049	0	1													1									Hp Thip  Nh
6	1	1053	0	1													1									Thip mu
6	1	1054	0	1													1									Thip pho hoa
6	1	1055	0	1													1									Hp Thip mu
6	1	1056	0	1													1	5								Hp Thip pho hoa
6	1	1058	0	1				1									1									L?vt tnh nhn
0	11	267	0	1							245						1									易容面具-西北山贼首领(以下都为帮会面具坊贡献度卖)
0	11	268	0	1							245						1									Mt n?- Ty Nam Sn tc u lnh
0	11	269	0	1							245						1									Mt n?- Giang Nam Sn tc u lnh
0	11	270	0	1							245						1									Mt n?- Йng Bc Sn tc u lnh
0	11	271	0	1							245						1									Mt n?- Hoa Bc Sn tc u lnh
0	11	272	0	1							245						1									Mt n?- Nam B?Sn tc u lnh
0	11	273	0	1							245						1									Mt n?- Sn tc u lnh
0	11	274	0	1							245						1									Mt n?- Ty Bc Sn tc Gip
0	11	275	0	1							245						1									Mt n?- Ty Bc Sn tc t
0	11	276	0	1							245						1									Mt n?- Ty Nam Sn tc Gip
0	11	277	0	1							245						1									Mt n?- Ty Nam Sn tc t
0	11	278	0	1							245						1									Mt n?- Giang Nam Sn tc Gip
0	11	279	0	1							245						1									Mt n?- Giang Nam Sn tc t
0	11	280	0	1							245						1									Mt n?- Hoa Nam Sn tc Gip
0	11	281	0	1							245						1									Mt n?- Hoa Nam Sn tc t
0	11	282	0	1							245						1									Mt n?- Йng Bc Sn tc Gip
0	11	283	0	1							245						1									Mt n?- Йng Bc Sn tc t
0	11	284	0	1							245						1									Mt n?- Hoa Bc Sn tc Gip
0	11	285	0	1							245						1									Mt n?- Hoa Bc Sn tc t
0	11	286	0	1							245						1									Mt n?- Trung Nguyn Sn tc Gip
0	11	287	0	1							245						1									Mt n?- Trung Nguyn Sn tc t
0	11	288	0	1							245						1									Mt n?- Sn tc Gip
0	11	289	0	1							245						1									Mt n?- Sn tc t
0	11	290	0	1							245						1									Mt n?- Sn tc Bnh
0	11	291	0	1							245						1									Mt n?- Sn tc inh
0	11	292	0	1							245						1									Mt n?- Sn tc Mu
0	11	293	0	1							245						1									Mt n?- Sn tc K?
0	11	294	0	1							245						1									Mt n?- Sn tc Canh
0	11	295	0	1							490						1									Mt n?- Qui th?
0	11	296	0	1							490						1									Mt n?- Mc nhn
0	11	297	0	1							490						1									Mt n?- уng nhn
0	11	298	0	1							490						1									Mt n?- N?thch khch
0	11	299	0	1							490						1									Mt n?- Diu Nh?
0	11	300	0	1							490						1									Mt n?- Diu n
0	11	301	0	1							490						1									Mt n?- Dip Bng Hn
0	11	302	0	1							490						1									Mt n?- Tn ?Phong
0	11	303	0	1							490						1									Mt n?- T?Vn La
0	11	304	0	1							490						1									Mt n?- Thanh Lin T?
0	11	305	0	1							490						1									Mt n?- уng Tch Nhan
0	11	306	0	1							490						1									Mt n?- Ngy Liu ng
0	11	307	0	1							490						1									Mt n?- Ha Thng chin u
0	11	308	0	1							490						1									Mt n?- La Khung Sinh
0	11	309	0	1							490						1									Mt n?- Лng Cu
0	11	310	0	1							490						1									Mt n?- Лng Nhn
0	11	311	0	1							490						1									Mt n?- Лng Vn
0	11	312	0	1							490						1									Mt n?- Лng D?
0	11	313	0	1							490						1									Mt n?- H?Thnh
0	11	314	0	1							490						1									Mt n?- Hc Din Lang Qun
0	11	315	0	1							490						1									Mt n?- у D?
0	11	316	0	1							490						1									Mt n?- Ni c?chin u
0	11	317	0	1							490						1									Mt n?- Kim Quc Quan vin
0	11	318	0	1							490						1									Mt n?- Long Bt
0	11	319	0	1							490						1									Mt n?- Liu K?
0	11	320	0	1							490						1									Mt n?- Phng Hp Nh?
0	11	321	0	1							490						1									Mt n?- T?T?Lc
0	11	322	0	1							490						1									Mt n?- Kim Thp Tam
0	11	323	0	1							490						1									Mt n?- Yn Cu
0	11	324	0	1							490						1									Mt n?- Bnh Lin c
0	11	325	0	1							490						1									Mt n?- Lu Phi Long
0	11	326	0	1							490						1									Mt n?- Mc Tiu Oanh
0	11	327	0	1							490						1									Mt n?- Уm Tam Thoi
0	11	328	0	1							490						1									Mt n?- Nam trung nin Thn b?
0	11	329	0	1							490						1									Mt n?- Long Ng?
0	11	330	0	1							490						1									Mt n?- L?Trng Thin
0	11	331	0	1							490						1									Mt n?- Lc lm
0	11	332	0	1							490						1									Mt n?- Phan Nh?Long
0	11	333	0	1							490						1									Mt n?- Mng C?V?s?
0	11	334	0	1							490						1									Mt n?- Thy Tc
0	11	335	0	1							490						1									Mt n?- H?Hoa Чo
0	11	336	0	1							490						1									Mt n?- Long Truy V?
0	11	337	0	1							660						1									Mt n?- Liu мnh
0	10	6	0	1								40000					1									Nga cp 120
6	1	1254	0	1								600					1									Lnh bi vinh d?Hong Kim
6	1	1255	0	1								120					1									Lnh bi vinh d?Bch Ngn
6	1	1256	0	1								60					1									Lnh bi vinh d?Thanh ng
6	1	1257	0	1								12					1									Lnh bi vinh d?Hn thit
6	1	1328	0	1		1000000											1									Thip ging sinh 1
6	1	1329	0	1		1000000											1									Thip ging sinh 2
6	1	1330	0	1		1000000											1									Thip ging sinh 3
6	1	1331	0	1		1000000											1									Thip ging sinh 4
6	1	1332	0	1		1000000											1									Thip ging sinh 5
6	1	1346	0	1		1200000											1									Thip chc Tt 1
6	1	1347	0	1		1200000											1									Thip chc Tt 2
6	1	1348	0	1		1200000											1									Thip chc Tt 3
6	1	1349	0	1		1200000											1									Thip chc Tt 4
0	11	338	0	1				2									1									易容面具-落光(以下都为帮会面具坊铜钱卖)
0	11	339	0	1				2									1									Mt n?- Ngn Nha
0	11	340	0	1				2									1									Mt n?- Sng ao
0	11	341	0	1				2									1									Mt n?- Lnh ao
0	11	342	0	1				2									1									Mt n?- Hn Thng
0	11	343	0	1				2									1									Mt n?- Bn Li
0	11	344	0	1				2									1									Mt n?- чc B?
0	11	345	0	1				2									1									Mt n?- Ging Chy
0	11	346	0	1				2									1									Mt n?- Xch Chng
0	11	347	0	1				2									1									Mt n?- Lang Bng
0	11	348	0	1				2									1									Mt n?- B?Hi Trn
0	11	349	0	1				2									1									Mt n?- Kiu жnh Thin
0	11	350	0	1				2									1									Mt n?- iu Dch ao
0	11	351	0	1				2									1									Mt n?- Ty Mn Gii
0	11	352	0	1				2									1									Mt n?- Hu Kht Kim
0	11	353	0	1				2									1									Mt n?- ng Khiu Phong
0	11	354	0	1				2									1									Mt n?- Vin Nim Tch
0	11	355	0	1				2									1									Mt n?- Ch?Thin Mn
0	11	139	0	1				3									1									Mt n?- Trng Tng Chnh
0	11	141	0	1				3									1									Mt n?- Liu Thanh Thanh
0	11	142	0	1				3									1									Mt n?- Phin Khch
0	11	143	0	1				5									1									Mt n?- Lam Y Y
0	11	144	0	1				5									1									Mt n?- C?Bch
0	11	145	0	1				5									1									Mt n?- Чo Thanh Chn Nhn
0	11	146	0	1				5									1									Mt n?- Gia Lut T?Ly
0	11	147	0	1				5									1									Mt n?- Hon Nhan Tuyt Y
0	11	148	0	1				5									1									Mt n?- oan Mc Du?
0	11	149	0	1				5									1									Mt n?- Chung Linh T?
0	11	150	0	1				5									1									Mt n?- H?Linh Phiu
0	11	151	0	1				5									1									Mt n?- Mnh Thng Lng
0	11	208	0	1				5									1									Mt n?- Vng T?
0	11	209	0	1				5									1									Mt n?- Huyn Gic Чi S?
0	11	210	0	1				5									1									Mt n?- Лng Bt Nhim
0	11	211	0	1				5									1									Mt n?- Bch Doanh Doanh
0	11	212	0	1				5									1									Mt n?- Thanh Tuyt S?Thi
0	11	213	0	1				5									1									Mt n?- Yn Hiu Tri
0	11	214	0	1				5									1									Mt n?- H?Nhn Ng?
0	11	215	0	1				5									1									Mt n?- Кn T?Nam
0	11	216	0	1				5									1									Mt n?- Tuyn C?T?
0	11	217	0	1				5									1									Mt n?- Hn Mng
0	11	260	0	1				5									1									Mt n?- H?Thnh
0	11	261	0	1				5									1									Mt n?- T?T?Hinh
0	11	262	0	1				5									1									Mt n?- Лng Thin Tm
0	11	238	0	1				5									1									Mt n?- Thnh Nin Li Kim
0	11	239	0	1				5									1									Mt n?- Thnh Nin Tiu Sng
0	11	240	0	1				5									1									Mt n?- Thnh Nin Ha Nhn
0	11	241	0	1				5									1									Mt n?- Thnh Nin Hi Лng
0	11	242	0	1				5									1									Mt n?- Thnh Nin Kim Phong
0	11	233	0	1				5									1									Mt n?- Thanh Nin Li Kim
0	11	234	0	1				5									1									Mt n?- Thanh Nin Tiu Sng
0	11	235	0	1				5									1									Mt n?- Thanh Nin Ha Nhn
0	11	236	0	1				5									1									Mt n?- Thanh Nin Hi Лng
0	11	237	0	1				5									1									Mt n?- Thanh Nin Kim Phong
0	11	223	0	1				6									1									Mt n?- Thiu Nin Li Kim
0	11	224	0	1				6									1									Mt n?- Thiu Nin Tiu Sng
0	11	225	0	1				6									1									Mt n?- Thiu Nin Ha Nhn
0	11	226	0	1				6									1									Mt n?- Thiu Nin Hi Лng
0	11	227	0	1				6									1									Mt n?- Thiu Nin Kim Phong
0	11	384	0	1				4									1									Mt n?- ao song phng
0	11	385	0	1				4									1									Mt n?- M?Dung Yn
0	11	386	0	1				4									1									Mt n?- T?hip
0	11	387	0	1				4									1									Mt n?- Bch thch o trng
0	11	388	0	1				4									1									Mt n?- Khai thch i s?
0	11	389	0	1				4									1									Mt n?- Лng thn
0	11	390	0	1				4									1									Mt n?- Nguyt dao dao
0	11	391	0	1				4									1									Mt n?- Yn triu
0	11	392	0	1				4									1									Mt n?- Liu Phi Yn
0	11	393	0	1				6									1									Mt n?- Long thp tam gia
0	11	199	0	1				6									1									Mt n?- Nam S?
0	11	200	0	1				6									1									Mt n?- Bc S?
0	11	201	0	1				6									1									Mt n?- Long Chu
0	11	202	0	1				6									1									Mt n?- u Rng
0	11	203	0	1				6									1									Mt n?- Thn Rng
0	11	204	0	1				6									1									Mt n?- ui Rng
0	11	205	0	1				8									1									Mt n?- Tn Nin Hip Khch
0	11	206	0	1				8									1									Mt n?- Tn Nin Hip N?
0	11	207	0	1				8									1									Mt n?- Th?trng
0	11	244	0	1				8									1									Mt n?- Tun Lc
0	11	245	0	1				7									1									Mt n?- Tinh Linh (xanh)
0	11	248	0	1				7									1									Mt n?- Tinh Linh (tm)
0	11	249	0	1				7									1									Mt n?- Tinh Linh ()
0	11	250	0	1				7									1									Mt n?- Tinh Linh (vng)
0	11	251	0	1				7									1									Mt n?- ng Gi?Nel (xanh)
0	11	252	0	1				7									1									Mt n?- ng Gi?Nel (Hng phn)
0	11	253	0	1				7									1									Mt n?- ng Gi?Nel (trng)
0	11	254	0	1				7									1									Mt n?- ng Gi?Nel (vng)
0	11	255	0	1				7									1									Mt n?- Thin S?Ging Sinh (xanh)
0	11	256	0	1				7									1									Mt n?- Thin S?Ging Sinh (Hng phn)
0	11	257	0	1				7									1									Mt n?- Thin S?Ging Sinh (trng)
0	11	258	0	1				7									1									Mt n?- Thin S?Ging Sinh (vng)
0	11	259	0	1				9									1									易容面具-年兽(以上都为帮会面具坊铜钱卖)
6	1	1019	0	1							100						1									Trn bang chi thch cp 1
6	1	1019	0	2							200						1									Trn bang chi thch cp 2
6	1	1019	0	3							500						1									Trn bang chi thch cp 3
6	1	1019	0	4							1000						1									Trn bang chi thch cp 4
6	1	1019	0	5							2000						1									Trn bang chi thch cp 5
6	1	1019	0	6							5000						1									Trn bang chi thch cp 6
6	1	1019	0	7							10000						1									Trn bang chi thch cp 7
6	1	1019	0	8							20000						1									Trn bang chi thch cp 8
6	1	1019	0	9							40000						1									Trn bang chi thch cp 9
6	1	1019	0	10							70000						1									Trn bang chi thch cp 10
4	1317	1	0	1		100000											1									Mnh thin thch 1
4	1318	1	0	1		100000											1									Mnh thin thch 2
4	1319	1	0	1		100000											1									Mnh thin thch 3
4	1320	1	0	1		100000											1									Mnh thin thch 4
4	1321	1	0	1		100000											1									Mnh thin thch 5
4	1322	1	0	1		100000											1									Mnh thin thch 6
4	1323	1	0	1		100000											1									Mnh thin thch 7
4	1324	1	0	1		100000											1									Mnh thin thch 8
4	1325	1	0	1		100000											1									Mnh thin thch 9
6	1	1763	0	1		5000											0									Ha thch
6	1	1835	0	1			1										1									Phc Duyn Tinh Thch
0	11	447	0	1				4	20000								1									Mt n?nguyn soi
6	1	2213	0	1											13	40	1						10080			Khai Quang Chn Kinh
6	1	2214	0	1											13	80	1						10080			Tch Cc Chn Kinh
6	1	2215	0	1											13	120	1						10080			Dung Hp Chn Kinh
6	1	2216	0	1											13	160	1						10080			Tm чng Chn Kinh
6	1	2220	0	1											13	200	1						10080			Kim Кn Bo Rng
6	1	2126	0	1											13	330	1						10080			Nht K?Cn Khn Ph?
6	1	2219	0	1											13	360	1						10080			Cn Khn Song Tuyt Bi
6	1	2355	0	1											15	100	1									Huyn Thin Cm Nang
6	1	2317	0	1											15	100	1									Th?Luyn Thip
6	1	2369	0	1											15	1500	1									Thanh Cu Lnh
6	1	2353	0	1											15	4000	1									Vn Lc Lnh
6	1	2352	0	1											15	13000	1									Thng Lang Lnh
6	1	2351	0	1											15	46000	1									Huyn Vin Lnh
6	1	2350	0	1											15	70000	1									T?Mng Lnh
6	1	1604	0	1											11	1000	2									Anh Hng Thip
6	1	2744	0	1											15	20	1						20160			Cha Kha Nh??
6	1	2839													15	300	1									Vng Thit Tng Lnh Ph?
16	3465	0	0	0											15	250	1						10080			Phi phong Lng Vn
16	3466	0	0	0											15	500	1						10080			Phi phong Tuyt Th?
16	3467	0	0	0											15	750	1						10080			Phi phong cp Ph?Qun ( dch chuyn tc thi )
16	3468	0	0	0											15	2000	1						10080			Phi phong Ngao tuyt (Dch chuyn tc thi)
16	3469	0	0	0											15	2000	1						10080			Phi phong Ngo Tuyt (Xc sut ha gii st thng)
16	3470	0	0	0											15	3000	1						10080			Phi phong Kinh Li (Dch chuyn tc thi)
16	3471	0	0	0											15	3000	1						10080			Phi phong Kinh Li (Xc sut ha gii st thng)
16	3472	0	0	0											15	3000	1						10080			Phi phong Kinh Li ( Trng kch )
6	1	30083	0	1											15	30	1						1440			Tng Kim Chiu Binh Lnh
6	1	30084	0	1											15	100	1						1440			Tng Kim Chiu Binh Lnh
6	1	2721	0	1											15	100000	1									у Ph?T?Mng Thng Gii Ch?
6	1	2722	0	1											15	100000	1									у Ph?T?Mng H?Gii Ch?
6	1	2723	0	1											15	100000	1									у Ph?T?Mng Kh?Gii
6	1	18	0	1											15	50	1									Tm Tm Tng nh Ph?
6	1	2657	0	1											15	20	1									Hi Sinh Ph?
6	1	30105	0	1											15	20	1						10080			Mc Nhn Lnh
6	1	30106	0	1											15	10	1						10080			Lnh bi nh qui
6	1	30107	0	1											15	10	1						10080			Lnh bi tm vt phm
6	1	30108	0	1											15	15	1						10080			Lnh bi khong thch
6	1	30117	0	1											15	70	1						1440			Cu Chu Lnh
6	1	3148	0	1											15	10	1						10080			Ph?Ha Gii
6	1	3149	0	1											15	10	1						10080			n Thn Ph?
6	1	30194	0	1											15	40	1						10080			Thin Tr?Mt Lnh
6	1	2349	0	1											17	600	1									Kim ?Lnh
16	3880	0	0	1											17	10	1						10080			V?Х H?(7 ngy)
16	3881	0	0	1											17	10	1						10080			Thanh Bnh Lc (7 ngy)
16	3882	0	0	1											17	10	1						10080			Hi Xun (7 ngy)
16	3883	0	0	1											17	10	1						10080			Kh?Mc (7 ngy)
16	3884	0	0	1											17	10	1						10080			Lu Vn (7 ngy)
16	3885	0	0	1											17	10	1						10080			N?Trch (7 ngy)
16	3886	0	0	1											17	10	1						10080			Li Ha Kip (7 ngy)
16	3887	0	0	1											17	10	1						10080			M?Ty Thin Hng (7 ngy)
16	3888	0	0	1											17	10	1						10080			ip V?Hoa Phi (7 ngy)
6	1	1604	0	1											17	2	1									Anh Hng Thip
0	11	561	0	1								4000					1						10080			Mt n Vng Gi (7 ngy)
6	1	30183	0	1											18	30	1						10080			Mt n?Anh hng chin trng  ( 7 ngy,1 gi?)
6	1	2219	0	1											18	240	1						43200			Cn khn song tuyt bi ( 30 ngy)
0	10	19	5	1											18	100	1						129600			Phong Vn Bch M?( 3 thng )
0	10	7	5	1											18	20	1						43200			Phin v?Cp 1  ( 1 thng )
0	10	7	5	1											18	60	1						129600			Phin v?Cp 1  ( 3 thng )
16	3880	0	0	1											18	10	1						10080			V?Х H?(7 ngy)
16	3881	0	0	1											18	10	1						10080			Thanh Bnh Lc (7 ngy)
16	3882	0	0	1											18	10	1						10080			Hi Xun (7 ngy)
16	3883	0	0	1											18	10	1						10080			Kh?Mc (7 ngy)
16	3884	0	0	1											18	10	1						10080			Lu Vn (7 ngy)
16	3885	0	0	1											18	10	1						10080			N?Trch (7 ngy)
16	3886	0	0	1											18	10	1						10080			Li Ha Kip (7 ngy)
16	3887	0	0	1											18	10	1						10080			M?Ty Thin Hng (7 ngy)
16	3888	0	0	1											18	10	1						10080			ip V?Hoa Phi (7 ngy)
6	1	1604	0	1											18	2	1									Anh Hng Thip
6	1	30240	0	1											19	8	1									1000v
16	3880	0	0	1											19	10	1						10080			V?Х H?(7 ngy)
16	3881	0	0	1											19	10	1						10080			Thanh Bnh Lc (7 ngy)
16	3882	0	0	1											19	10	1						10080			Hi Xun (7 ngy)
16	3883	0	0	1											19	10	1						10080			Kh?Mc (7 ngy)
16	3884	0	0	1											19	10	1						10080			Lu Vn (7 ngy)
16	3885	0	0	1											19	10	1						10080			N?Trch (7 ngy)
16	3886	0	0	1											19	10	1						10080			Li Ha Kip (7 ngy)
16	3887	0	0	1											19	10	1						10080			M?Ty Thin Hng (7 ngy)
16	3888	0	0	1											19	10	1						10080			ip V?Hoa Phi (7 ngy)
6	1	1604	0	1											19	2	1									Anh Hng Thip
16	3211	0	0	1											20	2000	1									Hong Kim n (Cng Ha) Cp 7
16	3212	0	0	1											20	3000	1						129600			Hong Kim n (Cng Ha) Cp 8 ( 3 thng )
16	3221	0	0	1											20	2000	1									Hong Kim n (Nhc Ha) Cp 7
16	3222	0	0	1											20	3000	1						129600			Hong Kim n (Nhc Ha) Cp 8 ( 3 thng )
16	3880	0	0	1											20	10	1						10080			V?Х H?(7 ngy)
16	3881	0	0	1											20	10	1						10080			Thanh Bnh Lc (7 ngy)
16	3882	0	0	1											20	10	1						10080			Hi Xun (7 ngy)
16	3883	0	0	1											20	10	1						10080			Kh?Mc (7 ngy)
16	3884	0	0	1											20	10	1						10080			Lu Vn (7 ngy)
16	3885	0	0	1											20	10	1						10080			N?Trch (7 ngy)
16	3886	0	0	1											20	10	1						10080			Li Ha Kip (7 ngy)
16	3887	0	0	1											20	10	1						10080			M?Ty Thin Hng (7 ngy)
16	3888	0	0	1											20	10	1						10080			ip V?Hoa Phi (7 ngy)
6	1	1604	0	1											20	2	1									Anh Hng Thip
6	1	2126	0	1											21	300	1						43200			Nht K?Cn Khn Ph?
0	11	455	0	1											21	3	1						10080			Mt n?qu?nh
0	11	454	0	1											21	5	1						10080			Mt n?cu mnh
6	1	156	0	1											1	50000	1									Chin c?
6	1	157	0	1											1	50000	1									Lnh bi
6	1	190	0	1											1	30000	1									Phi Tc
6	1	215	0	1											1	80000	1									Cn Khn To Ha Кn (i)
6	1	2527	0	1											1	800000	1									Hi Thin Ti To L?bao
6	1	3307	0	1											1	100000	1									Lnh Bi Tng Kim Lin Server
6	1	3001	0	1											22	400	1									Kim ?Kim Bi
6	1	3183	0	1											22	1000	1									Bch H?Kim Bi
6	1	3392	0	1											22	1200	1									Xch Ln Kim Bi
1	0	0	0	5											1	30	1									Cu Chuyn Hon Hn an
1	2	0	0	5											1	40	1									Ng?Hoa Ngc L?Hon
1	1	0	0	5											1	30	1									?u Hon Thn an
6	1	30473	0	1											23	50	1									Hun Cng L?Hp
6	1	30495	0	1											22	1400	1									Minh Phng Kim Bi
6	1	393	0	1					500								0									Xuyn Tm Lnh
6	1	394	0	1					500								0									чc Thch lnh
6	1	395	0	1					500								0									Hn Bng lnh
6	1	396	0	1					500								0									мa Ha lnh
6	1	397	0	1					500								0									Li Kch lnh
6	1	4374	0	1		2000			500								0									Cu Chuyn Hon Hn Кn chuyn dng chin trng Tng Kim
6	1	4375	0	1		2000			500								0									Th  Hon Thn Кn chuyn dng chin trng Tng Kim
6	1	4393	0	1											3	60	1									Th Ho Hip
6	1	4529	0	1				1							3	1	1						20150302			Tri da
6	1	4544	0	1		10000											1				20150316	20150415	20150416			Phn Bn
6	1	4545	0	1											3	1	1				20150316	20150415	20150416			Phn Bn c Bit
6	1	4546	0	1											3	3	1									Tn vt bang
6	1	4558	0	1											3	300	1						43200			Cha Kha Hong Kim
6	1	4625	0	1											3	2	1						1440			Thin C Lnh
6	1	4626	0	1		1000000											1						1440			Dao Quang Lnh
6	1	4631	0	1											3	2	1						1440			Thin Nin Linh Dc
6	1	4632	0	1											3	3	1						1440			Cu Thin Linh Dc
1	0	0	0	3		500											0									
1	0	0	0	4		1000											0									
1	0	0	0	5		4000											0									
1	1	0	0	3		500											0									
1	1	0	0	4		1000											0									
1	1	0	0	5		4000											0									
1	2	0	0	3		800											0									
1	2	0	0	4		1600											0									
1	2	0	0	5		6000											0									
1	4	0	0	3		100											0									
1	4	0	0	4		200											0									
1	4	0	0	5		400											0									
1	2	0	0	5		4000											1									Ng Hoa Ngc L Hon
1	2	0	5	0		3000											1									 u Hon Hn Кn
1	1	0	5	0		3000											1									Cu Chuyn Hon Hn an
6	1	217	0	1		3000											1									Cn Khn To Ha an (tiu)
6	1	216	0	1		6000											1									Cn Khn To Ha an (trung)
6	1	4635	0	1											3	30	1						43200			Tn Th thip
6	1	4637	0	1											3	120	1						43200			Th Чi Hip
6	1	30594	0	1											3	100	1						43200			Hong Kim Cng C
6	1	30593	0	1											3	68	1						43200			Rng M Rng 1
6	1	30577	0	1											3	2	1						10080			Tng Kim Hon Thnh Lnh
6	1	30578	0	1											3	2	1						10080			Цnh Qui Hon Thnh Lnh
6	1	2424	0	1											3	250	1						43200			Чi thnh b kp 90
6	1	30591	0	1											3	200	1						43200			Ph kha cng c
6	1	30561	0	1											3	50	1						43200			Thin Tinh Khong
6	1	30556	0	1											3	500	1						43200			Чi HK cng c
6	1	2006	0	1				5									1						10080			Hp Khiu Chin Lnh
6	1	30555	0	1											3	300	1						43200			Ci Tnh Chi Lnh
6	1	30554	0	1											3	10	1						43200			Чi X Lnh Bi
0	11	494	0	1											3	20	1						30			Ph Tang Din Tro
6	1	30415	0	1											3	1	1				20160316	20160331	20160401			Vn Nin Trn L
6	1	30409	0	1											3	50	1				20160316	20160331	20160401			Tin Кn
6	1	30548	0	1		500000											1						1440			Cha Kha Bc
6	1	30558	0	1											3	10	1						1440			Lnh Bi Nng чng
6	1	30559	0	1											3	2	1						1440			Hon Thnh Nhim v
6	1	30416	0	1											3	100	1				20160316	20160331	20160401			Hp Vn Nin Trn L
6	1	30549	0	1											3	1	1						1440			Cha Kha Vng
6	1	1617	0	1											3	3	1						10080			Vim д Lnh
6	1	71	0	1											3	10	1						1440			Tin Tho L
6	1	1670	0	1				10									0									Tn vt mn phi
6	1	1671	0	1				10									0									Tn vt Dng Anh
6	1	1704	0	1				10									0									Trn phi linh n
6	1	1705	0	1				10									0									Trn phi linh dc
6	1	2312	0	1				2									0									Hn Nguyn Linh L
6	1	1375	0	1				10									0									Th c x triu nh
6	1	1617	0	1				2									0									Vim д Lnh
6	1	2514	0	1				16									0									Mnh bn  sn h x tc (1000 mnh)
6	1	440	0	1				2									0									Mnh bn  sn h x tc (100 mnh)
6	1	2393	0	1				10									0									Чi Bt Nh Tm Kinh
6	1	2340	0	1				20									0									Nhc Vng Kim l bao
6	0	20	0	1				1									0									Hoa hng
6	0	1012	0	1				1									0									Qu mu Xanh
6	0	11	0	1				1									0									Pho hoa
6	0	1013	0	1				1									0									Bng Tuyt
6	1	1181	0	1				5									0									Tin Tho L c bit
6	1	2218	0	1				10									0									Hng nh Bo Rng
6	1	26	0	1				10									0									V Lm Mt Tch
6	1	22	0	1				10									0									Ty Ty Kinh
6	1	2527	0	1			150	2									0									Hi thin ti to l bao
6	1	2219	0	1				20									0									Cn khn song tuyt Bi
6	1	4089	0	0			150	5									0									Kim M l bao
6	1	4088	0	1				10									0									Kim M Cm Nang
6	1	1309	0	1				1									0									Mnh B Thin Thch (trung)
6	1	1310	0	1				1									0									Mnh B Thin Thch (i)
6	1	2127	0	1				1									0									Bc u Luyn Kim Thut (Quyn 1)
6	1	2309	0	1				200									0									Trng Khi Hon
6	1	3147	0	1				10									0									Gia Tc Ph
6	1	3148	0	1				10									0									Ph Ha Gii
6	1	3149	0	1				10									0									n Thn Ph
6	1	2311	0	1				1									0									Ngc Qun
6	1	30109	0	1				20									0									Ht Thin Tu
6	1	1157	0	1				30									0									Bch Cu Hon c Bit
6	1	27	0	1		6000000		10									0									B kp v cng
6	1	28	0	1		6000000		10									0									B kp v cng
6	1	33	0	1		6000000		10									0									B kp v cng
6	1	34	0	1		6000000		10									0									B kp v cng
6	1	35	0	1		6000000		10									0									B kp v cng
6	1	36	0	1		6000000		10									0									B kp v cng
6	1	37	0	1		6000000		10									0									B kp v cng
6	1	38	0	1		6000000		10									0									B kp v cng
6	1	39	0	1		6000000		10									0									B kp v cng
6	1	40	0	1		6000000		10									0									B kp v cng
6	1	41	0	1		6000000		10									0									B kp v cng
6	1	42	0	1		6000000		10									0									B kp v cng
6	1	43	0	1		6000000		10									0									B kp v cng
6	1	45	0	1		6000000		10									0									B kp v cng
6	1	46	0	1		6000000		10									0									B kp v cng
6	1	47	0	1		6000000		10									0									B kp v cng
6	1	48	0	1		6000000		10									0									B kp v cng
6	1	49	0	1		6000000		10									0									B kp v cng
6	1	50	0	1		6000000		10									0									B kp v cng
6	1	51	0	1		6000000		10									0									B kp v cng
6	1	52	0	1		6000000		10									0									B kp v cng
6	1	53	0	1		6000000		10									0									B kp v cng
6	1	54	0	1		6000000		10									0									B kp v cng
6	1	55	0	1		6000000		10									0									B kp v cng
6	1	56	0	1		6000000		10									0									B kp v cng
6	1	57	0	1		6000000		10									0									B kp v cng
6	1	58	0	1		6000000		10									0									B kp v cng
6	1	59	0	1		6000000		10									0									B kp v cng
6	1	4062	0	1				10									0									B kp v cng
6	1	4063	0	1				10									0									B kp v cng
6	1	1125	0	1				10									0									B quyt k nng cp 120
6	1	2921	0	1				10									0									V Hc Kinh Nhu
6	1	2424	0	1			150	10									0									Чi Thnh B Kp 90
6	1	2425	0	1			150	10									0									Чi Thnh B Kp 120
6	1	2975	0	1				10									0									Tc Hiu Bch Cu Hon cp 150
6	1	30446	0	1				10									0									Чi Thnh B Kp 150
6	1	4039	0	1				10									0									Mt Tch Chinh Chin Bt Phng
6	1	4040	0	1				10									0									Mt Tch La Hn Kim Thn
6	1	4041	0	1				10									0									Mt Tch Hp Tinh Trn
6	1	4042	0	1				10									0									Mt Tch Sm La чc Hi
6	1	4043	0	1				10									0									Ba La Tm Kinh B Tch
6	1	4044	0	1				10									0									Mt Tch Huyn Bng V Tc
6	1	4045	0	1				10									0									Mt Tch  Y Quyt
6	1	4046	0	1				10									0									Mt Tch Lit Ha Phn Thin
6	1	4047	0	1				10									0									Mt Tch Chn V Tht Trit
6	1	4048	0	1				10									0									Mt Tch Thin Cang Kh Knh
6	1	1448	0	1			150	1									0									Mc Bc Truyn Tng Lnh
6	1	2432	0	1			150	1									0									Lnh bi Vi Sn o
6	1	30083	0	1			150	1									0									Tng Kim Chiu Binh Lnh
6	1	2623	0	1			150	2									0									Ngc Long Lnh Bi
6	1	2657	0	1			150	2									0									Hi Sinh Ph
6	1	2595	0	1				1									0									Truyn Tng Ph Thin Tr Mt Cnh tng 5
6	1	2590	0	1				1									0									Lnh bi thng hnh
6	1	30194	0	1				1									0									Thin Tr Mt Lnh
6	1	4203	0	1				2									0									H Tiu Lnh
6	1	1617	0	1				2									0									Vim д Lnh
4	489	0	0	1			150	1									0									Lnh bi Phong Lng ч
6	1	3083	0	1				1									0									Lnh bi Boss - Trng Tuyn
6	1	3084	0	1				1									0									Lnh bi Boss - Kim Th Lng
6	1	3085	0	1				1									0									Lnh bi Boss - M Dung Ton
6	1	1022	0	1				1									0									Boss Triu Hon Ph
6	1	18	0	1			50	1									0									Tm Tm Tng nh ph
6	1	15	0	1			50	10									0									Phi phong
6	1	1266	0	1				30									0									Thn Hnh Ph
6	1	438	0	1				30									0									Th a ph (s dng v hn)
6	1	1427	0	1			150	10									0									T Mu Lnh
6	1	1014	0	1				2									0									Hp l vt Xanh
6	1	1015	0	1				2									0									Hp Hoa Tuyt
6	1	1018	0	1				2									0									Hp hoa
6	1	2335	0	1			150	10									0									Thanh Tuyt Y l hp
6	1	2336	0	1			150	10									0									Bng Tinh Qun l hp
6	1	2337	0	1			150	10									0									Kinh Thin Gip l hp
6	1	2338	0	1			150	10									0									Khp мa Qun l hp
0	11	0	0	1				1									0						43200			Mt n
0	11	1	0	1				1									0						43200			Mt n
0	11	2	0	1				1									0						43200			Mt n
0	11	3	0	1				1									0						43200			Mt n
0	11	4	0	1				1									0						43200			Mt n
0	11	5	0	1				1									0						43200			Mt n
0	11	6	0	1				1									0						43200			Mt n
0	11	7	0	1				1									0						43200			Mt n
0	11	8	0	1				1									0						43200			Mt n
0	11	9	0	1				1									0						43200			Mt n
6	1	2396	0	1			150	100									0									Ma bi
6	1	2328	0	1			150	50									0									Ma bi
6	1	2329	0	1			150	50									0									Ma bi
6	1	2330	0	1			150	50									0									Ma bi
6	1	2331	0	1			150	50									0									Ma bi
6	1	2332	0	1			150	50									0									Ma bi
4	353	0	0	1				2									0									Tinh Hng Bo Thch
4	238	0	0	1				2									0									Lam Thy Tinh
4	239	0	0	1				2									0									T Thy Tinh
4	240	0	0	1				2									0									Lc Thy Tinh
4	979	0	0	1			150	4									0									Kim T
6	1	398	0	1			150	5									0									Thn b khong thch
6	1	1019	0	10			150	5									0									Trn Bang Thch
6	1	147	0	1				2									0									Huyn Tinh Khong Thch-Phm cht: 1
6	1	147	0	2				5									0									Huyn Tinh Khong Thch-Phm cht: 2
6	1	147	0	3				12									0									Huyn Tinh Khong Thch-Phm cht: 3
6	1	147	0	4				30									0									Huyn Tinh Khong Thch-Phm cht: 4
6	1	147	0	5				60									0									Huyn Tinh Khong Thch-Phm cht: 5
6	1	147	0	6				100									0									Huyn Tinh Khong Thch-Phm cht: 6
6	1	147	0	7				130									0									Huyn Tinh Khong Thch-Phm cht: 7
6	1	147	0	8				150									0									Huyn Tinh Khong Thch-Phm cht: 8
6	1	30083	0	1		10000											0									Tng Kim Chiu Binh Lnh
6	1	2745	0	1		10000											0									Lnh Bi Thy Tc
4	489	1	0	1		10000											0									Lnh bi Phong Lng ч
6	1	2317	0	1		10000											0									Th Luyn Thip
6	1	2348	0	1		10000											0									Huyn Thin Chy
6	1	1448	0	1		10000											0									Mc Bc Truyn Tng Lnh
6	1	1091	0	1		10000											0									Thin C Lnh
6	1	71	0	1		10000											0									Tin Tho L
6	1	72	0	1		100000											0									Thin sn  Bo L
6	1	125	0	1		200000											0									Qu Hoa Tu
6	1	2255	0	1				1									0									Bch Ct Lnh
6	1	2256	0	1				1									0									Thin Long Lnh
6	1	150	0	1				1																		Khng Tc Nguyn Thch 
6	1	152	0	1				1																		Ph Dung Nguyn Thch 
6	1	154	0	1				1																		Chung Nh? Nguyn Thch 
6	1	150	1	1				1																		Khng Tc Nguyn Thch 
6	1	152	1	1				1																		Ph Dung Nguyn Thch 
6	1	154	1	1				1																		Chung Nh? Nguyn Thch 
6	1	150	2	1				1																		Khng Tc Nguyn Thch 
6	1	152	2	1				1																		Ph Dung Nguyn Thch 
6	1	154	2	1				1																		Chung Nh? Nguyn Thch 
6	1	150	3	1				1																		Khng Tc Nguyn Thch 
6	1	152	3	1				1																		Ph Dung Nguyn Thch 
6	1	154	3	1				1																		Chung Nh? Nguyn Thch 
6	1	150	4	1				1																		Khng Tc Nguyn Thch 
6	1	152	4	1				1																		Ph Dung Nguyn Thch 
6	1	154	4	1				1																		Chung Nh? Nguyn Thch 
