XPOS	YPOS
41312	80448
41504	80224
41856	80704
42336	80416
42912	80480
43232	80096
43328	80864
43680	80160
43744	80672
44064	80064
44384	80480
44064	80608
44544	79872
44800	79936
44672	80448
45248	80576
45056	80608
45344	80640
45440	80768
41216	81184
41024	81600
41408	81728
41568	81024
41792	81568
42240	81152
42048	81184
42144	81856
42496	81216
43072	80960
43200	81568
43488	81888
43648	81216
43840	81248
44288	81024
44320	81632
44032	81760
44576	80960
44864	80960
44928	81504
44608	81536
45056	81088
45152	81120
45248	81184
40864	81984
40704	82432
40672	82592
40928	82624
40640	82752
40864	82784
41408	82208
41248	82592
41888	82144
41792	82592
41472	82912
42240	82624
42816	82144
42624	82368
42976	82624
42848	82912
43200	82112
43456	82368
43328	82848
43712	82048
43968	82304
43616	82752
44416	82176
44128	82624
40832	82944
41728	83296
41472	83392
41984	83008
42464	83008
42048	83360
42368	83456
42176	83808
42688	83456
42560	83840
43424	83360
43040	83424
43424	83712
43072	83872
43968	83136
43680	83360
44000	83680
43712	83840
44480	83744
41920	84896
42272	84352
42048	84544
41984	84736
42304	84896
42624	84448
42912	84544
42624	84928
43424	84064
43232	84416
43360	84800
43712	84416
43840	84704
44320	84096
44192	84544
44448	84864
44864	84256
44640	84512
45216	84512
45184	84704
45120	84928
45600	84800
42176	84992
42080	85088
42464	85824
42720	85312
42976	85376
42944	85824
43168	85088
43456	85440
43584	85088
43776	85376
43840	85920
44064	85248
44416	85280
44160	85920
44448	85920
44864	85024
44704	85568
44992	85856
45536	85184
45216	85344
45568	84992
43456	86112
43968	86688
44256	86432
44416	87008
44640	86368
44960	86784
45472	86368
45120	86464
45440	87008
45856	86784
45824	86976
43040	87968
44160	87200
44512	87808
44128	87872
44832	87200
45024	87776
45408	87648
45760	87136
46048	87392
46048	87904
45696	88032
46176	87040
46112	87232
42880	88640
43424	88736
43520	88128
43904	88640
44352	88416
44352	88992
44864	88256
44864	88704
44608	88800
45184	88288
45440	88768
45120	88896
45568	88448
46048	88448
45792	88768
46208	88864
47072	88640
47008	88768
46592	88832
47168	88480
47520	88768
47520	88960
43616	89696
44128	89120
44224	89504
44416	90048
44736	89120
44928	89472
44544	89504
44800	89952
45184	89472
45536	89504
45824	89280
46144	89472
46464	89504
46144	90016
46816	89376
46912	89920
47488	89120
47200	89376
47488	89600
47168	89696
47520	90048
47936	89408
47904	90080
48544	89728
48416	89760
48256	89952
48704	89696
48864	89824
48832	90048
43456	90528
43360	90720
43328	90944
43456	91104
43904	90144
43584	91072
44256	90464
44512	90752
44864	90688
45376	90272
45280	90944
45792	90144
45696	90848
46464	90528
46080	90624
46624	90112
46912	90496
46784	90816
47232	90432
47584	90432
47296	91008
47872	91072
48448	90368
48128	90560
48800	90272
48704	91104
50144	90752
49888	90944
50528	90720
50240	90944
43712	91200
44128	91520
44064	91904
44672	91680
45984	91328
46560	91200
46272	91296
46464	91808
47040	91264
46784	91808
47552	91328
47392	91712
47136	92000
47904	91648
48000	91968
47744	92032
48320	91168
48128	91488
48576	91584
48544	92096
48960	91616
48928	92064
49632	91424
49216	91488
49504	91936
49280	92128
49920	91136
49952	91360
50016	91776
49760	91936
50112	92032
50336	91136
44736	93152
45440	92896
45568	92320
45856	92960
46080	92384
46432	92448
46112	92928
46464	92928
46720	92256
46816	92832
47392	92384
47200	92896
47520	92928
47776	92416
47776	92864
48256	92288
48128	92736
48480	92800
48800	92640
49056	92864
49184	92512
49408	92544
49600	92864
49728	92384
49920	92576
49920	92992
50464	92416
50208	92960
44384	93632
45344	93248
45792	93600
46112	93408
46304	93664
46112	93952
47040	93216
46688	93376
46912	93824
47552	93600
47232	93632
48000	93824
47680	94080
48160	93248
48608	93376
48480	93888
48864	93184
49056	93312
48960	93760
49344	93280
49280	93696
49568	93824
49312	94144
49696	93376
50048	93408
49984	93856
44832	94304
45376	95008
45824	94208
45792	94784
46016	95136
45664	95200
46496	94432
46240	94560
46400	94912
46720	94208
46880	94912
47424	94240
47136	94496
48000	94528
47648	94560
48096	95104
48352	94624
48736	94272
49024	94528
48672	94752
48928	95200
49536	94464
49248	94816
49472	94912
49792	94368
49792	94944
50016	94944
50208	94272
45248	95328
45120	95392
45056	95552
45344	95680
45472	95680
45248	95776
45600	95584
45920	95584
45952	96128
46432	95360
46208	95872
46560	95936
46656	95424
46976	95520
46784	95840
47072	96224
47232	95456
47328	96032
47552	96096
47712	95424
48064	95648
47744	96096
48416	95232
48544	95680
48352	96096
48960	95488
48992	95712
48672	95744
48768	95840
48992	96128
49600	95360
49856	95424
50176	95744
50176	96160
45568	96608
45920	96992
46176	96512
46496	96896
46176	96960
46880	96480
46592	96544
46880	96992
47488	96576
47232	96800
47872	96576
48000	97216
47616	97248
48160	96480
48320	97184
48896	96736
49184	96640
49536	96832
49312	97024
50336	96800
46912	97472
46816	98272
47328	97472
47232	97888
47488	98240
48064	97856
47680	97920
47872	98240
48512	97568
48608	97792
48480	97920
48736	97664
48896	97760
48896	97984
48896	98208
49600	97920
49888	97632
50112	97792
50432	97376
46368	98400
46432	98912
46560	99296
46944	98784
46880	99232
47200	98304
47584	98592
47328	98944
47968	98816
47744	99136
48544	98496
48160	98688
48480	99296
48736	98816
48992	99168
49344	98368
49280	98784
49632	98976
49280	99232
49728	98336
50144	98336
50208	98944
46944	99840
46816	100064
46752	100256
47136	99552
47456	99584
47584	99968
47488	100224
47936	99424
47872	100064
48224	99840
48928	99680
48896	100128
49568	99488
49152	99808
49568	100096
49216	100160
49888	99808
50016	100224
47008	100480
46880	100576
47136	100416
47296	100960
47648	100672
47936	100672
48032	101088
48480	100384
48224	100640
48672	100416
49568	100608
49184	100928
49440	101152
50080	100864
49792	100896
48480	101568
49056	101728
49248	101504
