EqName	FreeStand1	FreeStand2	FreeStand3	MeleeWStand	RangeWStand	DoubleWStand	FreeWalk	NormalWalk	MeleeWWalk	RangeWWalk	DoubleWWalk	FreeRun	NormalRun	MeleeWRun	RangeWRun	DoubleWRun	FreeWound	MeleeWWound	RangeWWound	DoubleWWound	FreeDie	MeleeWDie	RangeWDie	DoubleWDie	FreeAttack	MeleeWPuncture	MeleeWCut	RangeWPuncture	RangeWCut	DoubleWPull	DoubleWPound	DartThrow	FreeMagic	MeleeWMagic	RangeWMagic	DoubleWMagic	SitDown	Jump	RideStand	RideWalk	RideRun	RideCut	RidePuncture	RideMagic	RideWound	RideDie	RideStand1	RideStand2
phn u 01	120,8,1	120,8,1	88,8,1	88,8,1	88,8,1	88,8,1	120,8,1	120,8,1	120,8,1	120,8,1	120,8,1	88,8,1	88,8,1	88,8,1	88,8,1	88,8,1	72,8,1	64,8,1	56,8,1	96,8,1	96,8,1	88,8,1	120,8,1	144,8,1	144,8,1	128,8,1	112,8,1	96,8,1	96,8,1	128,8,1	96,8,1	128,8,1	96,8,1	96,8,1	104,8,1	128,8,1	72,8,1	160,8,1	112,8,1	96,8,1	80,8,1	96,8,1	112,8,1	96,8,1	48,8,1	112,8,1	112,8,1	112,8,1
phn u 02	120,8,1	120,8,1	88,8,1	88,8,1	88,8,1	88,8,1	120,8,1	120,8,1	120,8,1	120,8,1	120,8,1	88,8,1	88,8,1	88,8,1	88,8,1	88,8,1	72,8,1	64,8,1	56,8,1	96,8,1	96,8,1	88,8,1	120,8,1	144,8,1	144,8,1	128,8,1	112,8,1	96,8,1	96,8,1	128,8,1	96,8,1	128,8,1	96,8,1	96,8,1	104,8,1	128,8,1	72,8,1	160,8,1	112,8,1	96,8,1	80,8,1	96,8,1	112,8,1	96,8,1	48,8,1	112,8,1	112,8,1	112,8,1
phn u 03	120,8,1	120,8,1	88,8,1	88,8,1	88,8,1	88,8,1	120,8,1	120,8,1	120,8,1	120,8,1	120,8,1	88,8,1	88,8,1	88,8,1	88,8,1	88,8,1	72,8,1	64,8,1	56,8,1	96,8,1	96,8,1	88,8,1	120,8,1	144,8,1	144,8,1	128,8,1	112,8,1	96,8,1	96,8,1	128,8,1	96,8,1	128,8,1	96,8,1	96,8,1	104,8,1	128,8,1	72,8,1	160,8,1	112,8,1	96,8,1	80,8,1	96,8,1	112,8,1	96,8,1	48,8,1	112,8,1	112,8,1	112,8,1
phn u 04	120,8,1	120,8,1	88,8,1	88,8,1	88,8,1	88,8,1	120,8,1	120,8,1	120,8,1	120,8,1	120,8,1	88,8,1	88,8,1	88,8,1	88,8,1	88,8,1	72,8,1	64,8,1	56,8,1	96,8,1	96,8,1	88,8,1	120,8,1	144,8,1	144,8,1	128,8,1	112,8,1	96,8,1	96,8,1	128,8,1	96,8,1	128,8,1	96,8,1	96,8,1	104,8,1	128,8,1	72,8,1	160,8,1	112,8,1	96,8,1	80,8,1	96,8,1	112,8,1	96,8,1	48,8,1	112,8,1	112,8,1	112,8,1
phn u 05	120,8,1	120,8,1	88,8,1	88,8,1	88,8,1	88,8,1	120,8,1	120,8,1	120,8,1	120,8,1	120,8,1	88,8,1	88,8,1	88,8,1	88,8,1	88,8,1	72,8,1	64,8,1	56,8,1	96,8,1	96,8,1	88,8,1	120,8,1	144,8,1	144,8,1	128,8,1	112,8,1	96,8,1	96,8,1	128,8,1	96,8,1	128,8,1	96,8,1	96,8,1	104,8,1	128,8,1	72,8,1	160,8,1	112,8,1	96,8,1	80,8,1	96,8,1	112,8,1	96,8,1	48,8,1	112,8,1	112,8,1	112,8,1
phn u 06	120,8,1	120,8,1	88,8,1	88,8,1	88,8,1	88,8,1	120,8,1	120,8,1	120,8,1	120,8,1	120,8,1	88,8,1	88,8,1	88,8,1	88,8,1	88,8,1	72,8,1	64,8,1	56,8,1	96,8,1	96,8,1	88,8,1	120,8,1	144,8,1	144,8,1	128,8,1	112,8,1	96,8,1	96,8,1	128,8,1	96,8,1	128,8,1	96,8,1	96,8,1	104,8,1	128,8,1	72,8,1	160,8,1	112,8,1	96,8,1	80,8,1	96,8,1	112,8,1	96,8,1	48,8,1	112,8,1	112,8,1	112,8,1
phn u 07	120,8,1	120,8,1	88,8,1	88,8,1	88,8,1	88,8,1	120,8,1	120,8,1	120,8,1	120,8,1	120,8,1	88,8,1	88,8,1	88,8,1	88,8,1	88,8,1	72,8,1	64,8,1	56,8,1	96,8,1	96,8,1	88,8,1	120,8,1	144,8,1	144,8,1	128,8,1	112,8,1	96,8,1	96,8,1	128,8,1	96,8,1	128,8,1	96,8,1	96,8,1	104,8,1	128,8,1	72,8,1	160,8,1	112,8,1	96,8,1	80,8,1	96,8,1	112,8,1	96,8,1	48,8,1	112,8,1	112,8,1	112,8,1
phn u 08	120,8,1	120,8,1	88,8,1	88,8,1	88,8,1	88,8,1	120,8,1	120,8,1	120,8,1	120,8,1	120,8,1	88,8,1	88,8,1	88,8,1	88,8,1	88,8,1	72,8,1	64,8,1	56,8,1	96,8,1	96,8,1	88,8,1	120,8,1	144,8,1	144,8,1	128,8,1	112,8,1	96,8,1	96,8,1	128,8,1	96,8,1	128,8,1	96,8,1	96,8,1	104,8,1	128,8,1	72,8,1	160,8,1	112,8,1	96,8,1	80,8,1	96,8,1	112,8,1	96,8,1	48,8,1	112,8,1	112,8,1	112,8,1
phn u 09	120,8,1	120,8,1	88,8,1	88,8,1	88,8,1	88,8,1	120,8,1	120,8,1	120,8,1	120,8,1	120,8,1	88,8,1	88,8,1	88,8,1	88,8,1	88,8,1	72,8,1	64,8,1	56,8,1	96,8,1	96,8,1	88,8,1	120,8,1	144,8,1	144,8,1	128,8,1	112,8,1	96,8,1	96,8,1	128,8,1	96,8,1	128,8,1	96,8,1	96,8,1	104,8,1	128,8,1	72,8,1	160,8,1	112,8,1	96,8,1	80,8,1	96,8,1	112,8,1	96,8,1	48,8,1	112,8,1	112,8,1	112,8,1
phn u 10	120,8,1	120,8,1	88,8,1	88,8,1	88,8,1	88,8,1	120,8,1	120,8,1	120,8,1	120,8,1	120,8,1	88,8,1	88,8,1	88,8,1	88,8,1	88,8,1	72,8,1	64,8,1	56,8,1	96,8,1	96,8,1	88,8,1	120,8,1	144,8,1	144,8,1	128,8,1	112,8,1	96,8,1	96,8,1	128,8,1	96,8,1	128,8,1	96,8,1	96,8,1	104,8,1	128,8,1	72,8,1	160,8,1	112,8,1	96,8,1	80,8,1	96,8,1	112,8,1	96,8,1	48,8,1	112,8,1	112,8,1	112,8,1
phn u 11	120,8,1	120,8,1	88,8,1	88,8,1	88,8,1	88,8,1	120,8,1	120,8,1	120,8,1	120,8,1	120,8,1	88,8,1	88,8,1	88,8,1	88,8,1	88,8,1	72,8,1	64,8,1	56,8,1	96,8,1	96,8,1	88,8,1	120,8,1	144,8,1	144,8,1	128,8,1	112,8,1	96,8,1	96,8,1	128,8,1	96,8,1	128,8,1	96,8,1	96,8,1	104,8,1	128,8,1	72,8,1	160,8,1	112,8,1	96,8,1	80,8,1	96,8,1	112,8,1	96,8,1	48,8,1	112,8,1	112,8,1	112,8,1
phn u 12	120,8,1	120,8,1	88,8,1	88,8,1	88,8,1	88,8,1	120,8,1	120,8,1	120,8,1	120,8,1	120,8,1	88,8,1	88,8,1	88,8,1	88,8,1	88,8,1	72,8,1	64,8,1	56,8,1	96,8,1	96,8,1	88,8,1	120,8,1	144,8,1	144,8,1	128,8,1	112,8,1	96,8,1	96,8,1	128,8,1	96,8,1	128,8,1	96,8,1	96,8,1	104,8,1	128,8,1	72,8,1	160,8,1	112,8,1	96,8,1	80,8,1	96,8,1	112,8,1	96,8,1	48,8,1	112,8,1	112,8,1	112,8,1
phn u 13	120,8,1	120,8,1	88,8,1	88,8,1	88,8,1	88,8,1	120,8,1	120,8,1	120,8,1	120,8,1	120,8,1	88,8,1	88,8,1	88,8,1	88,8,1	88,8,1	72,8,1	64,8,1	56,8,1	96,8,1	96,8,1	88,8,1	120,8,1	144,8,1	144,8,1	128,8,1	112,8,1	96,8,1	96,8,1	128,8,1	96,8,1	128,8,1	96,8,1	96,8,1	104,8,1	128,8,1	72,8,1	160,8,1	112,8,1	96,8,1	80,8,1	96,8,1	112,8,1	96,8,1	48,8,1	112,8,1	112,8,1	112,8,1
phn u 14	120,8,1	120,8,1	88,8,1	88,8,1	88,8,1	88,8,1	120,8,1	120,8,1	120,8,1	120,8,1	120,8,1	88,8,1	88,8,1	88,8,1	88,8,1	88,8,1	72,8,1	64,8,1	56,8,1	96,8,1	96,8,1	88,8,1	120,8,1	144,8,1	144,8,1	128,8,1	112,8,1	96,8,1	96,8,1	128,8,1	96,8,1	128,8,1	96,8,1	96,8,1	104,8,1	128,8,1	72,8,1	160,8,1	112,8,1	96,8,1	80,8,1	96,8,1	112,8,1	96,8,1	48,8,1	112,8,1	112,8,1	112,8,1
phn u 15	120,8,1	120,8,1	88,8,1	88,8,1	88,8,1	88,8,1	120,8,1	120,8,1	120,8,1	120,8,1	120,8,1	88,8,1	88,8,1	88,8,1	88,8,1	88,8,1	72,8,1	64,8,1	56,8,1	96,8,1	96,8,1	88,8,1	120,8,1	144,8,1	144,8,1	128,8,1	112,8,1	96,8,1	96,8,1	128,8,1	96,8,1	128,8,1	96,8,1	96,8,1	104,8,1	128,8,1	72,8,1	160,8,1	112,8,1	96,8,1	80,8,1	96,8,1	112,8,1	96,8,1	48,8,1	112,8,1	112,8,1	112,8,1
phn u 16	120,8,1	120,8,1	88,8,1	88,8,1	88,8,1	88,8,1	120,8,1	120,8,1	120,8,1	120,8,1	120,8,1	88,8,1	88,8,1	88,8,1	88,8,1	88,8,1	72,8,1	64,8,1	56,8,1	96,8,1	96,8,1	88,8,1	120,8,1	144,8,1	144,8,1	128,8,1	112,8,1	96,8,1	96,8,1	128,8,1	96,8,1	128,8,1	96,8,1	96,8,1	104,8,1	128,8,1	72,8,1	160,8,1	112,8,1	96,8,1	80,8,1	96,8,1	112,8,1	96,8,1	48,8,1	112,8,1	112,8,1	112,8,1
phn u 17	120,8,1	120,8,1	88,8,1	88,8,1	88,8,1	88,8,1	120,8,1	120,8,1	120,8,1	120,8,1	120,8,1	88,8,1	88,8,1	88,8,1	88,8,1	88,8,1	72,8,1	64,8,1	56,8,1	96,8,1	96,8,1	88,8,1	120,8,1	144,8,1	144,8,1	128,8,1	112,8,1	96,8,1	96,8,1	128,8,1	96,8,1	128,8,1	96,8,1	96,8,1	104,8,1	128,8,1	72,8,1	160,8,1	112,8,1	96,8,1	80,8,1	96,8,1	112,8,1	96,8,1	48,8,1	112,8,1	112,8,1	112,8,1
phn u 18	120,8,1	120,8,1	88,8,1	88,8,1	88,8,1	88,8,1	120,8,1	120,8,1	120,8,1	120,8,1	120,8,1	88,8,1	88,8,1	88,8,1	88,8,1	88,8,1	72,8,1	64,8,1	56,8,1	96,8,1	96,8,1	88,8,1	120,8,1	144,8,1	144,8,1	128,8,1	112,8,1	96,8,1	96,8,1	128,8,1	96,8,1	128,8,1	96,8,1	96,8,1	104,8,1	128,8,1	72,8,1	160,8,1	112,8,1	96,8,1	80,8,1	96,8,1	112,8,1	96,8,1	48,8,1	112,8,1	112,8,1	112,8,1
phn u 19	120,8,1	120,8,1	88,8,1	88,8,1	88,8,1	88,8,1	120,8,1	120,8,1	120,8,1	120,8,1	120,8,1	88,8,1	88,8,1	88,8,1	88,8,1	88,8,1	72,8,1	64,8,1	56,8,1	96,8,1	96,8,1	88,8,1	120,8,1	144,8,1	144,8,1	128,8,1	112,8,1	96,8,1	96,8,1	128,8,1	96,8,1	128,8,1	96,8,1	96,8,1	104,8,1	128,8,1	72,8,1	160,8,1	112,8,1	96,8,1	80,8,1	96,8,1	112,8,1	96,8,1	48,8,1	112,8,1	112,8,1	112,8,1
phn u 20	120,8,1	120,8,1	88,8,1	88,8,1	88,8,1	88,8,1	120,8,1	120,8,1	120,8,1	120,8,1	120,8,1	88,8,1	88,8,1	88,8,1	88,8,1	88,8,1	72,8,1	64,8,1	56,8,1	96,8,1	96,8,1	88,8,1	120,8,1	144,8,1	144,8,1	128,8,1	112,8,1	96,8,1	96,8,1	128,8,1	96,8,1	128,8,1	96,8,1	96,8,1	104,8,1	128,8,1	72,8,1	160,8,1	112,8,1	96,8,1	80,8,1	96,8,1	112,8,1	96,8,1	48,8,1	112,8,1	112,8,1	112,8,1
phn u 21	120,8,1	120,8,1	88,8,1	88,8,1	88,8,1	88,8,1	120,8,1	120,8,1	120,8,1	120,8,1	120,8,1	88,8,1	88,8,1	88,8,1	88,8,1	88,8,1	72,8,1	64,8,1	56,8,1	96,8,1	96,8,1	88,8,1	120,8,1	144,8,1	144,8,1	128,8,1	112,8,1	96,8,1	96,8,1	128,8,1	96,8,1	128,8,1	96,8,1	96,8,1	104,8,1	128,8,1	72,8,1	160,8,1	112,8,1	96,8,1	80,8,1	96,8,1	112,8,1	96,8,1	48,8,1	112,8,1	112,8,1	112,8,1
phn u 22	120,8,1	120,8,1	88,8,1	88,8,1	88,8,1	88,8,1	120,8,1	120,8,1	120,8,1	120,8,1	120,8,1	88,8,1	88,8,1	88,8,1	88,8,1	88,8,1	72,8,1	64,8,1	56,8,1	96,8,1	96,8,1	88,8,1	120,8,1	144,8,1	144,8,1	128,8,1	112,8,1	96,8,1	96,8,1	128,8,1	96,8,1	128,8,1	96,8,1	96,8,1	104,8,1	128,8,1	72,8,1	160,8,1	112,8,1	96,8,1	80,8,1	96,8,1	112,8,1	96,8,1	48,8,1	112,8,1	112,8,1	112,8,1
头部23	120,8,1	120,8,1	88,8,1	88,8,1	88,8,1	88,8,1	120,8,1	120,8,1	120,8,1	120,8,1	120,8,1	88,8,1	88,8,1	88,8,1	88,8,1	88,8,1	72,8,1	64,8,1	56,8,1	96,8,1	96,8,1	88,8,1	120,8,1	144,8,1	144,8,1	128,8,1	112,8,1	96,8,1	96,8,1	128,8,1	96,8,1	128,8,1	96,8,1	96,8,1	104,8,1	128,8,1	72,8,1	160,8,1	112,8,1	96,8,1	80,8,1	96,8,1	112,8,1	96,8,1	48,8,1	112,8,1	112,8,1	112,8,1
头部24	120,8,1	120,8,1	88,8,1	88,8,1	88,8,1	88,8,1	120,8,1	120,8,1	120,8,1	120,8,1	120,8,1	88,8,1	88,8,1	88,8,1	88,8,1	88,8,1	72,8,1	64,8,1	56,8,1	96,8,1	96,8,1	88,8,1	120,8,1	144,8,1	144,8,1	128,8,1	112,8,1	96,8,1	96,8,1	128,8,1	96,8,1	128,8,1	96,8,1	96,8,1	104,8,1	128,8,1	72,8,1	160,8,1	112,8,1	96,8,1	80,8,1	96,8,1	112,8,1	96,8,1	48,8,1	112,8,1	112,8,1	112,8,1
头部25	120,8,1	120,8,1	88,8,1	88,8,1	88,8,1	88,8,1	120,8,1	120,8,1	120,8,1	120,8,1	120,8,1	88,8,1	88,8,1	88,8,1	88,8,1	88,8,1	72,8,1	64,8,1	56,8,1	96,8,1	96,8,1	88,8,1	120,8,1	144,8,1	144,8,1	128,8,1	112,8,1	96,8,1	96,8,1	128,8,1	96,8,1	128,8,1	96,8,1	96,8,1	104,8,1	128,8,1	72,8,1	160,8,1	112,8,1	96,8,1	80,8,1	96,8,1	112,8,1	96,8,1	48,8,1	112,8,1	112,8,1	112,8,1
头部26	120,8,1	120,8,1	88,8,1	88,8,1	88,8,1	88,8,1	120,8,1	120,8,1	120,8,1	120,8,1	120,8,1	88,8,1	88,8,1	88,8,1	88,8,1	88,8,1	72,8,1	64,8,1	56,8,1	96,8,1	96,8,1	88,8,1	120,8,1	144,8,1	144,8,1	128,8,1	112,8,1	96,8,1	96,8,1	128,8,1	96,8,1	128,8,1	96,8,1	96,8,1	104,8,1	128,8,1	72,8,1	160,8,1	112,8,1	96,8,1	80,8,1	96,8,1	112,8,1	96,8,1	48,8,1	112,8,1	112,8,1	112,8,1
头部27	120,8,1	120,8,1	88,8,1	88,8,1	88,8,1	88,8,1	120,8,1	120,8,1	120,8,1	120,8,1	120,8,1	88,8,1	88,8,1	88,8,1	88,8,1	88,8,1	72,8,1	64,8,1	56,8,1	96,8,1	96,8,1	88,8,1	120,8,1	144,8,1	144,8,1	128,8,1	112,8,1	96,8,1	96,8,1	128,8,1	96,8,1	128,8,1	96,8,1	96,8,1	104,8,1	128,8,1	72,8,1	160,8,1	112,8,1	96,8,1	80,8,1	96,8,1	112,8,1	96,8,1	48,8,1	112,8,1	112,8,1	112,8,1
头部28	120,8,1	120,8,1	88,8,1	88,8,1	88,8,1	88,8,1	120,8,1	120,8,1	120,8,1	120,8,1	120,8,1	88,8,1	88,8,1	88,8,1	88,8,1	88,8,1	72,8,1	64,8,1	56,8,1	96,8,1	96,8,1	88,8,1	120,8,1	144,8,1	144,8,1	128,8,1	112,8,1	96,8,1	96,8,1	128,8,1	96,8,1	128,8,1	96,8,1	96,8,1	104,8,1	128,8,1	72,8,1	160,8,1	112,8,1	96,8,1	80,8,1	96,8,1	112,8,1	96,8,1	48,8,1	112,8,1	112,8,1	112,8,1
头部29	120,8,1	120,8,1	88,8,1	88,8,1	88,8,1	88,8,1	120,8,1	120,8,1	120,8,1	120,8,1	120,8,1	88,8,1	88,8,1	88,8,1	88,8,1	88,8,1	72,8,1	64,8,1	48,8,1	104,8,1	96,8,1	88,8,1	120,8,1	144,8,1	144,8,1	128,8,1	112,8,1	96,8,1	104,8,1	136,8,1	96,8,1	128,8,1	96,8,1	96,8,1	104,8,1	128,8,1	72,8,1	160,8,1	112,8,1	96,8,1	80,8,1	96,8,1	112,8,1	104,8,1	48,8,1	112,8,1	112,8,1	112,8,1
头部30	120,8,1	120,8,1	88,8,1	88,8,1	88,8,1	88,8,1	120,8,1	120,8,1	120,8,1	120,8,1	120,8,1	88,8,1	88,8,1	88,8,1	88,8,1	88,8,1	72,8,1	64,8,1	48,8,1	104,8,1	96,8,1	88,8,1	120,8,1	144,8,1	144,8,1	128,8,1	112,8,1	96,8,1	96,8,1	128,8,1	96,8,1	128,8,1	96,8,1	96,8,1	104,8,1	128,8,1	72,8,1	160,8,1	112,8,1	96,8,1	80,8,1	96,8,1	112,8,1	104,8,1	48,8,1	112,8,1	112,8,1	112,8,1
头部31																																																
头部32																																																
头部33	120,8,1	120,8,1	88,8,1	88,8,1	88,8,1	88,8,1	120,8,1	120,8,1	120,8,1	120,8,1	120,8,1	88,8,1	88,8,1	88,8,1	88,8,1	88,8,1	72,8,1	64,8,1	48,8,1	104,8,1	96,8,1	88,8,1	120,8,1	144,8,1	144,8,1	128,8,1	112,8,1	96,8,1	104,8,1	136,8,1	96,8,1	128,8,1	96,8,1	96,8,1	104,8,1	128,8,1	72,8,1	160,8,1	112,8,1	96,8,1	80,8,1	96,8,1	112,8,1	104,8,1	48,8,1	112,8,1	112,8,1	112,8,1
头部34	120,8,1	120,8,1	88,8,1	88,8,1	88,8,1	88,8,1	120,8,1	120,8,1	120,8,1	120,8,1	120,8,1	88,8,1	88,8,1	88,8,1	88,8,1	88,8,1	72,8,1	64,8,1	56,8,1	96,8,1	96,8,1	88,8,1	120,8,1	144,8,1	144,8,1	128,8,1	112,8,1	96,8,1	96,8,1	128,8,1	96,8,1	128,8,1	96,8,1	96,8,1	104,8,1	128,8,1	72,8,1	160,8,1	112,8,1	96,8,1	80,8,1	96,8,1	112,8,1	96,8,1	48,8,1	112,8,1	112,8,1	112,8,1
头部35	120,8,1	120,8,1	88,8,1	88,8,1	88,8,1	88,8,1	120,8,1	120,8,1	120,8,1	120,8,1	120,8,1	88,8,1	88,8,1	88,8,1	88,8,1	88,8,1	72,8,1	64,8,1	48,8,1	104,8,1	96,8,1	88,8,1	120,8,1	144,8,1	144,8,1	128,8,1	112,8,1	96,8,1	104,8,1	136,8,1	96,8,1	128,8,1	96,8,1	96,8,1	104,8,1	128,8,1	72,8,1	160,8,1	112,8,1	96,8,1	80,8,1	96,8,1	112,8,1	104,8,1	48,8,1	112,8,1	112,8,1	112,8,1
头部36	120,8,1	120,8,1	88,8,1	88,8,1	88,8,1	88,8,1	120,8,1	120,8,1	120,8,1	120,8,1	120,8,1	88,8,1	88,8,1	88,8,1	88,8,1	88,8,1	72,8,1	64,8,1	56,8,1	96,8,1	96,8,1	88,8,1	120,8,1	144,8,1	144,8,1	128,8,1	112,8,1	96,8,1	96,8,1	128,8,1	96,8,1	128,8,1	96,8,1	96,8,1	104,8,1	128,8,1	72,8,1	160,8,1	112,8,1	96,8,1	80,8,1	96,8,1	112,8,1	96,8,1	48,8,1	112,8,1	112,8,1	112,8,1
头部37	120,8,1	120,8,1	88,8,1	88,8,1	88,8,1	88,8,1	120,8,1	120,8,1	120,8,1	120,8,1	120,8,1	88,8,1	88,8,1	88,8,1	88,8,1	88,8,1	72,8,1	64,8,1	56,8,1	96,8,1	96,8,1	88,8,1	120,8,1	144,8,1	144,8,1	128,8,1	112,8,1	96,8,1	96,8,1	128,8,1	96,8,1	128,8,1	96,8,1	96,8,1	104,8,1	128,8,1	72,8,1	160,8,1	112,8,1	96,8,1	80,8,1	96,8,1	112,8,1	96,8,1	48,8,1	112,8,1	112,8,1	112,8,1
头部38	120,8,1	120,8,1	88,8,1	88,8,1	88,8,1	88,8,1	120,8,1	120,8,1	120,8,1	120,8,1	120,8,1	88,8,1	88,8,1	88,8,1	88,8,1	88,8,1	72,8,1	64,8,1	56,8,1	96,8,1	96,8,1	88,8,1	120,8,1	144,8,1	144,8,1	128,8,1	112,8,1	96,8,1	96,8,1	128,8,1	96,8,1	128,8,1	96,8,1	96,8,1	104,8,1	128,8,1	72,8,1	160,8,1	112,8,1	96,8,1	80,8,1	96,8,1	112,8,1	96,8,1	48,8,1	112,8,1	112,8,1	112,8,1
头部39	120,8,1	120,8,1	88,8,1	88,8,1	88,8,1	88,8,1	120,8,1	120,8,1	120,8,1	120,8,1	120,8,1	88,8,1	88,8,1	88,8,1	88,8,1	88,8,1	72,8,1	64,8,1	56,8,1	96,8,1	96,8,1	88,8,1	120,8,1	144,8,1	144,8,1	128,8,1	112,8,1	96,8,1	96,8,1	128,8,1	96,8,1	128,8,1	96,8,1	96,8,1	104,8,1	128,8,1	72,8,1	160,8,1	112,8,1	96,8,1	80,8,1	96,8,1	112,8,1	96,8,1	48,8,1	112,8,1	112,8,1	112,8,1
