EqName	FreeStand1	FreeStand2	FreeStand3	MeleeWStand	RangeWStand	DoubleWStand	FreeWalk	NormalWalk	MeleeWWalk	RangeWWalk	DoubleWWalk	FreeRun	NormalRun	MeleeWRun	RangeWRun	DoubleWRun	FreeWound	MeleeWWound	RangeWWound	DoubleWWound	FreeDie	MeleeWDie	RangeWDie	DoubleWDie	FreeAttack	MeleeWPuncture	MeleeWCut	RangeWPuncture	RangeWCut	DoubleWPull	DoubleWPound	DartThrow	FreeMagic	MeleeWMagic	RangeWMagic	DoubleWMagic	SitDown	Jump	RideStand	RideWalk	RideRun	RideCut	RidePuncture	RideMagic	RideWound	RideDie	RideStand1	RideStand2	ChangeColor
Tay kh«ng	80,8,1	64,8,1	64,8,1	96,8,1	64,8,1	64,8,1	96,8,1	96,8,1	96,8,1	96,8,1	96,8,1	96,8,1	96,8,1	96,8,1	96,8,1	96,8,1	64,8,1	64,8,1	48,8,1	48,8,1	104,8,1	120,8,1	80,8,1	80,8,1	96,8,1	104,8,1	104,8,1	104,8,1	96,8,1	128,8,1	96,8,1	96,8,1	96,8,1	80,8,1	96,8,1	80,8,1	96,8,1	112,8,1	112,8,1	96,8,1	80,8,1	96,8,1	112,8,1	96,8,1	48,8,1	112,8,1	112,8,1	112,8,1
®¬n thñ kiÕm 1	80,8,1	64,8,1	64,8,1	96,8,1			96,8,1	96,8,1	96,8,1			96,8,1	96,8,1	96,8,1			64,8,1	64,8,1			104,8,1	120,8,1			96,8,1	104,8,1	104,8,1						96,8,1	80,8,1			96,8,1	112,8,1	112,8,1	96,8,1	80,8,1	96,8,1	112,8,1	96,8,1	48,8,1	112,8,1	112,8,1	112,8,1
®¬n thñ kiÕm 2	80,8,1	64,8,1	64,8,1	96,8,1			96,8,1	96,8,1	96,8,1			96,8,1	96,8,1	96,8,1			64,8,1	64,8,1			104,8,1	120,8,1			96,8,1	104,8,1	104,8,1						96,8,1	80,8,1			96,8,1	112,8,1	112,8,1	96,8,1	80,8,1	96,8,1	112,8,1	96,8,1	48,8,1	112,8,1	112,8,1	112,8,1
®¬n thñ kiÕm 3	80,8,1	64,8,1	64,8,1	96,8,1			96,8,1	96,8,1	96,8,1			96,8,1	96,8,1	96,8,1			64,8,1	64,8,1			104,8,1	120,8,1			96,8,1	104,8,1	104,8,1						96,8,1	80,8,1			96,8,1	112,8,1	112,8,1	96,8,1	80,8,1	96,8,1	112,8,1	96,8,1	48,8,1	112,8,1	112,8,1	112,8,1
®¬n thñ ®ao 1	80,8,1	64,8,1	64,8,1	96,8,1			96,8,1	96,8,1	96,8,1			96,8,1	96,8,1	96,8,1			64,8,1	64,8,1			104,8,1	120,8,1			96,8,1	104,8,1	104,8,1						96,8,1	80,8,1			96,8,1	112,8,1	112,8,1	96,8,1	80,8,1	96,8,1	112,8,1	96,8,1	48,8,1	112,8,1	112,8,1	112,8,1
®¬n thñ ®ao 2	80,8,1	64,8,1	64,8,1	96,8,1			96,8,1	96,8,1	96,8,1			96,8,1	96,8,1	96,8,1			64,8,1	64,8,1			104,8,1	120,8,1			96,8,1	104,8,1	104,8,1						96,8,1	80,8,1			96,8,1	112,8,1	112,8,1	96,8,1	80,8,1	96,8,1	112,8,1	96,8,1	48,8,1	112,8,1	112,8,1	112,8,1
®¬n thñ ®ao 3	80,8,1	64,8,1	64,8,1	96,8,1			96,8,1	96,8,1	96,8,1			96,8,1	96,8,1	96,8,1			64,8,1	64,8,1			104,8,1	120,8,1			96,8,1	104,8,1	104,8,1						96,8,1	80,8,1			96,8,1	112,8,1	112,8,1	96,8,1	80,8,1	96,8,1	112,8,1	96,8,1	48,8,1	112,8,1	112,8,1	112,8,1
Lo¹i tr­êng th­¬ng 1	80,8,1	64,8,1	64,8,1		64,8,1		96,8,1	96,8,1		96,8,1		96,8,1	96,8,1		96,8,1		64,8,1		48,8,1		104,8,1		80,8,1		96,8,1			104,8,1	96,8,1				96,8,1		96,8,1		96,8,1	112,8,1	112,8,1	96,8,1	80,8,1	96,8,1	112,8,1	96,8,1	48,8,1	112,8,1	112,8,1	112,8,1
Lo¹i tr­êng th­¬ng 2	80,8,1	64,8,1	64,8,1		64,8,1		96,8,1	96,8,1		96,8,1		96,8,1	96,8,1		96,8,1		64,8,1		48,8,1		104,8,1		80,8,1		96,8,1			104,8,1	96,8,1				96,8,1		96,8,1		96,8,1	112,8,1	112,8,1	96,8,1	80,8,1	96,8,1	112,8,1	96,8,1	48,8,1	112,8,1	112,8,1	112,8,1
Lo¹i tr­êng th­¬ng 3	80,8,1	64,8,1	64,8,1		64,8,1		96,8,1	96,8,1		96,8,1		96,8,1	96,8,1		96,8,1		64,8,1		48,8,1		104,8,1		80,8,1		96,8,1			104,8,1	96,8,1				96,8,1		96,8,1		96,8,1	112,8,1	112,8,1	96,8,1	80,8,1	96,8,1	112,8,1	96,8,1	48,8,1	112,8,1	112,8,1	112,8,1
Lo¹i tr­êng c«n 1	80,8,1	64,8,1	64,8,1		64,8,1		96,8,1	96,8,1		96,8,1		96,8,1	96,8,1		96,8,1		64,8,1		48,8,1		104,8,1		80,8,1		96,8,1			104,8,1	96,8,1				96,8,1		96,8,1		96,8,1	112,8,1	112,8,1	96,8,1	80,8,1	96,8,1	112,8,1	96,8,1	48,8,1	112,8,1	112,8,1	112,8,1
Lo¹i tr­êng c«n 2	80,8,1	64,8,1	64,8,1		64,8,1		96,8,1	96,8,1		96,8,1		96,8,1	96,8,1		96,8,1		64,8,1		48,8,1		104,8,1		80,8,1		96,8,1			104,8,1	96,8,1				96,8,1		96,8,1		96,8,1	112,8,1	112,8,1	96,8,1	80,8,1	96,8,1	112,8,1	96,8,1	48,8,1	112,8,1	112,8,1	112,8,1
Lo¹i tr­êng c«n 3	80,8,1	64,8,1	64,8,1		64,8,1		96,8,1	96,8,1		96,8,1		96,8,1	96,8,1		96,8,1		64,8,1		48,8,1		104,8,1		80,8,1		96,8,1			104,8,1	96,8,1				96,8,1		96,8,1		96,8,1	112,8,1	112,8,1	96,8,1	80,8,1	96,8,1	112,8,1	96,8,1	48,8,1	112,8,1	112,8,1	112,8,1
Lo¹i Song kiÕm 1	80,8,1	64,8,1	64,8,1			64,8,1	96,8,1	96,8,1			96,8,1	96,8,1	96,8,1			96,8,1	64,8,1			48,8,1	104,8,1			80,8,1	96,8,1					128,8,1	96,8,1		96,8,1			80,8,1	96,8,1	112,8,1	112,8,1	96,8,1	80,8,1	96,8,1	112,8,1	96,8,1	48,8,1	112,8,1	112,8,1	112,8,1
Lo¹i Song kiÕm 2	80,8,1	64,8,1	64,8,1			64,8,1	96,8,1	96,8,1			96,8,1	96,8,1	96,8,1			96,8,1	64,8,1			48,8,1	104,8,1			80,8,1	96,8,1					128,8,1	96,8,1		96,8,1			80,8,1	96,8,1	112,8,1	112,8,1	96,8,1	80,8,1	96,8,1	112,8,1	96,8,1	48,8,1	112,8,1	112,8,1	112,8,1
Lo¹i Song kiÕm 3	80,8,1	64,8,1	64,8,1			64,8,1	96,8,1	96,8,1			96,8,1	96,8,1	96,8,1			96,8,1	64,8,1			48,8,1	104,8,1			80,8,1	96,8,1					128,8,1	96,8,1		96,8,1			80,8,1	96,8,1	112,8,1	112,8,1	96,8,1	80,8,1	96,8,1	112,8,1	96,8,1	48,8,1	112,8,1	112,8,1	112,8,1
Lo¹i Song chïy 1	80,8,1	64,8,1	64,8,1			64,8,1	96,8,1	96,8,1			96,8,1	96,8,1	96,8,1			96,8,1	64,8,1			48,8,1	104,8,1			80,8,1	96,8,1					128,8,1	96,8,1		96,8,1			80,8,1	96,8,1	112,8,1	112,8,1	96,8,1	80,8,1	96,8,1	112,8,1	96,8,1	48,8,1	112,8,1	112,8,1	112,8,1
Lo¹i Song chïy 2	80,8,1	64,8,1	64,8,1			64,8,1	96,8,1	96,8,1			96,8,1	96,8,1	96,8,1			96,8,1	64,8,1			48,8,1	104,8,1			80,8,1	96,8,1					128,8,1	96,8,1		96,8,1			80,8,1	96,8,1	112,8,1	112,8,1	96,8,1	80,8,1	96,8,1	112,8,1	96,8,1	48,8,1	112,8,1	112,8,1	112,8,1
Lo¹i Song chïy 3	80,8,1	64,8,1	64,8,1			64,8,1	96,8,1	96,8,1			96,8,1	96,8,1	96,8,1			96,8,1	64,8,1			48,8,1	104,8,1			80,8,1	96,8,1					128,8,1	96,8,1		96,8,1			80,8,1	96,8,1	112,8,1	112,8,1	96,8,1	80,8,1	96,8,1	112,8,1	96,8,1	48,8,1	112,8,1	112,8,1	112,8,1
¸m khÝ 	80,8,1	64,8,1	64,8,1	96,8,1	64,8,1	64,8,1	96,8,1	96,8,1	96,8,1	96,8,1	96,8,1	96,8,1	96,8,1	96,8,1	96,8,1	96,8,1	64,8,1	64,8,1	48,8,1	48,8,1	104,8,1	120,8,1	80,8,1	80,8,1	96,8,1	104,8,1	104,8,1	104,8,1	96,8,1	128,8,1	96,8,1	96,8,1	96,8,1	80,8,1	96,8,1	80,8,1	96,8,1	112,8,1	112,8,1	96,8,1	80,8,1	96,8,1	112,8,1	96,8,1	48,8,1	112,8,1	112,8,1	112,8,1
®¬n thñ kiÕm 4	80,8,1	64,8,1	64,8,1	96,8,1			96,8,1	96,8,1	96,8,1	96,8,1	96,8,1	96,8,1	96,8,1	96,8,1	96,8,1	96,8,1	64,8,1	64,8,1			104,8,1	120,8,1			96,8,1	104,8,1	104,8,1	104,8,1			96,8,1		96,8,1	80,8,1			96,8,1	112,8,1	112,8,1	96,8,1	80,8,1	96,8,1	112,8,1	96,8,1	48,8,1	112,8,1	112,8,1	112,8,1
®¬n thñ kiÕm 5	80,8,1	64,8,1	64,8,1	96,8,1			96,8,1	96,8,1	96,8,1			96,8,1	96,8,1	96,8,1			64,8,1	64,8,1			104,8,1	120,8,1			96,8,1	104,8,1	104,8,1						96,8,1	80,8,1			96,8,1	112,8,1	112,8,1	96,8,1	80,8,1	96,8,1	112,8,1	96,8,1	48,8,1	112,8,1	112,8,1	112,8,1
®¬n thñ ®ao 4	80,8,1	64,8,1	64,8,1	96,8,1			96,8,1	96,8,1	96,8,1			96,8,1	96,8,1	96,8,1			64,8,1	64,8,1			104,8,1	120,8,1			96,8,1	104,8,1	104,8,1						96,8,1	80,8,1			96,8,1	112,8,1	112,8,1	96,8,1	80,8,1	96,8,1	112,8,1	96,8,1	48,8,1	112,8,1	112,8,1	112,8,1
®¬n thñ ®ao 5	80,8,1	64,8,1	64,8,1	96,8,1			96,8,1	96,8,1	96,8,1			96,8,1	96,8,1	96,8,1			64,8,1	64,8,1			104,8,1	120,8,1			96,8,1	104,8,1	104,8,1						96,8,1	80,8,1			96,8,1	112,8,1	112,8,1	96,8,1	80,8,1	96,8,1	112,8,1	96,8,1	48,8,1	112,8,1	112,8,1	112,8,1
Lo¹i tr­êng th­¬ng 4	80,8,1	64,8,1	64,8,1		64,8,1		96,8,1	96,8,1		96,8,1		96,8,1	96,8,1		96,8,1		64,8,1		48,8,1		104,8,1		80,8,1		96,8,1			104,8,1	96,8,1				96,8,1		96,8,1		96,8,1	112,8,1	112,8,1	96,8,1	80,8,1	96,8,1	112,8,1	96,8,1	48,8,1	112,8,1	112,8,1	112,8,1
Lo¹i tr­êng th­¬ng 5	80,8,1	64,8,1	64,8,1		64,8,1		96,8,1	96,8,1		96,8,1		96,8,1	96,8,1		96,8,1		64,8,1		48,8,1		104,8,1		80,8,1		96,8,1			104,8,1	96,8,1				96,8,1		96,8,1		96,8,1	112,8,1	112,8,1	96,8,1	80,8,1	96,8,1	112,8,1	96,8,1	48,8,1	112,8,1	112,8,1	112,8,1
Lo¹i tr­êng c«n 4	80,8,1	64,8,1	64,8,1		64,8,1		96,8,1	96,8,1		96,8,1		96,8,1	96,8,1		96,8,1		64,8,1		48,8,1		104,8,1		80,8,1		96,8,1			104,8,1	96,8,1				96,8,1		96,8,1		96,8,1	112,8,1	112,8,1	96,8,1	80,8,1	96,8,1	112,8,1	96,8,1	48,8,1	112,8,1	112,8,1	112,8,1
Lo¹i tr­êng c«n 5	80,8,1	64,8,1	64,8,1		64,8,1		96,8,1	96,8,1		96,8,1		96,8,1	96,8,1		96,8,1		64,8,1		48,8,1		104,8,1		80,8,1		96,8,1			104,8,1	96,8,1				96,8,1		96,8,1		96,8,1	112,8,1	112,8,1	96,8,1	80,8,1	96,8,1	112,8,1	96,8,1	48,8,1	112,8,1	112,8,1	112,8,1
Lo¹i Song kiÕm 4	80,8,1	64,8,1	64,8,1			64,8,1	96,8,1	96,8,1			96,8,1	96,8,1	96,8,1			96,8,1	64,8,1			48,8,1	104,8,1			80,8,1	96,8,1					128,8,1	96,8,1		96,8,1			80,8,1	96,8,1	112,8,1	112,8,1	96,8,1	80,8,1	96,8,1	112,8,1	96,8,1	48,8,1	112,8,1	112,8,1	112,8,1
Lo¹i Song kiÕm 5	80,8,1	64,8,1	64,8,1			64,8,1	96,8,1	96,8,1			96,8,1	96,8,1	96,8,1			96,8,1	64,8,1			48,8,1	104,8,1			80,8,1	96,8,1					128,8,1	96,8,1		96,8,1			80,8,1	96,8,1	112,8,1	112,8,1	96,8,1	80,8,1	96,8,1	112,8,1	96,8,1	48,8,1	112,8,1	112,8,1	112,8,1
Lo¹i Song chïy 4	80,8,1	64,8,1	64,8,1			64,8,1	96,8,1	96,8,1			96,8,1	96,8,1	96,8,1			96,8,1	64,8,1			48,8,1	104,8,1			80,8,1	96,8,1					128,8,1	96,8,1		96,8,1			80,8,1	96,8,1	112,8,1	112,8,1	96,8,1	80,8,1	96,8,1	112,8,1	96,8,1	48,8,1	112,8,1	112,8,1	112,8,1
Lo¹i Song chïy 5	80,8,1	64,8,1	64,8,1			64,8,1	96,8,1	96,8,1			96,8,1	96,8,1	96,8,1			96,8,1	64,8,1			48,8,1	104,8,1			80,8,1	96,8,1					128,8,1	96,8,1		96,8,1			80,8,1	96,8,1	112,8,1	112,8,1	96,8,1	80,8,1	96,8,1	112,8,1	96,8,1	48,8,1	112,8,1	112,8,1	112,8,1
<<Î´·­Òë>>	80,8,1	64,8,1	64,8,1	96,8,1			96,8,1	96,8,1	96,8,1			96,8,1	96,8,1	96,8,1			64,8,1	64,8,1			104,8,1	120,8,1			96,8,1	104,8,1	104,8,1						96,8,1	80,8,1			96,8,1	112,8,1	112,8,1	96,8,1	80,8,1	96,8,1	112,8,1	96,8,1	48,8,1	112,8,1	112,8,1	112,8,1
<<Î´·­Òë>>	80,8,1	64,8,1	64,8,1	96,8,1			96,8,1	96,8,1	96,8,1			96,8,1	96,8,1	96,8,1			64,8,1	64,8,1			104,8,1	120,8,1			96,8,1	104,8,1	104,8,1						96,8,1	80,8,1			96,8,1	112,8,1	112,8,1	96,8,1	80,8,1	96,8,1	112,8,1	96,8,1	48,8,1	112,8,1	112,8,1	112,8,1
<<Î´·­Òë>>	80,8,1	64,8,1	64,8,1	96,8,1			96,8,1	96,8,1	96,8,1			96,8,1	96,8,1	96,8,1			64,8,1	64,8,1			104,8,1	120,8,1			96,8,1	104,8,1	104,8,1						96,8,1	80,8,1			96,8,1	112,8,1	112,8,1	96,8,1	80,8,1	96,8,1	112,8,1	96,8,1	48,8,1	112,8,1	112,8,1	112,8,1
<<Î´·­Òë>>	80,8,1	64,8,1	64,8,1	96,8,1			96,8,1	96,8,1	96,8,1			96,8,1	96,8,1	96,8,1			64,8,1	64,8,1			104,8,1	120,8,1			96,8,1	104,8,1	104,8,1						96,8,1	80,8,1			96,8,1	112,8,1	112,8,1	96,8,1	80,8,1	96,8,1	112,8,1	96,8,1	48,8,1	112,8,1	112,8,1	112,8,1
<<Î´·­Òë>>	80,8,1	64,8,1	64,8,1	96,8,1			96,8,1	96,8,1	96,8,1			96,8,1	96,8,1	96,8,1			64,8,1	64,8,1			104,8,1	120,8,1			96,8,1	104,8,1	104,8,1						96,8,1	80,8,1			96,8,1	112,8,1	112,8,1	96,8,1	80,8,1	96,8,1	112,8,1	96,8,1	48,8,1	112,8,1	112,8,1	112,8,1
<<Î´·­Òë>>	80,8,1	64,8,1	64,8,1	96,8,1			96,8,1	96,8,1	96,8,1			96,8,1	96,8,1	96,8,1			64,8,1	64,8,1			104,8,1	120,8,1			96,8,1	104,8,1	104,8,1						96,8,1	80,8,1			96,8,1	112,8,1	112,8,1	96,8,1	80,8,1	96,8,1	112,8,1	96,8,1	48,8,1	112,8,1	112,8,1	112,8,1
<<Î´·­Òë>>	80,8,1	64,8,1	64,8,1		64,8,1		96,8,1	96,8,1		96,8,1		96,8,1	96,8,1		96,8,1		64,8,1		48,8,1		104,8,1		80,8,1		96,8,1			104,8,1	96,8,1				96,8,1		96,8,1		96,8,1	112,8,1	112,8,1	96,8,1	80,8,1	96,8,1	112,8,1	96,8,1	48,8,1	112,8,1	112,8,1	112,8,1
<<Î´·­Òë>>	80,8,1	64,8,1	64,8,1		64,8,1		96,8,1	96,8,1		96,8,1		96,8,1	96,8,1		96,8,1		64,8,1		48,8,1		104,8,1		80,8,1		96,8,1			104,8,1	96,8,1				96,8,1		96,8,1		96,8,1	112,8,1	112,8,1	96,8,1	80,8,1	96,8,1	112,8,1	96,8,1	48,8,1	112,8,1	112,8,1	112,8,1
<<Î´·­Òë>>	80,8,1	64,8,1	64,8,1		64,8,1		96,8,1	96,8,1		96,8,1		96,8,1	96,8,1		96,8,1		64,8,1		48,8,1		104,8,1		80,8,1		96,8,1			104,8,1	96,8,1				96,8,1		96,8,1		96,8,1	112,8,1	112,8,1	96,8,1	80,8,1	96,8,1	112,8,1	96,8,1	48,8,1	112,8,1	112,8,1	112,8,1
<<Î´·­Òë>>	80,8,1	64,8,1	64,8,1		64,8,1		96,8,1	96,8,1		96,8,1		96,8,1	96,8,1		96,8,1		64,8,1		48,8,1		104,8,1		80,8,1		96,8,1			104,8,1	96,8,1				96,8,1		96,8,1		96,8,1	112,8,1	112,8,1	96,8,1	80,8,1	96,8,1	112,8,1	96,8,1	48,8,1	112,8,1	112,8,1	112,8,1
<<Î´·­Òë>>	80,8,1	64,8,1	64,8,1			64,8,1	96,8,1	96,8,1			96,8,1	96,8,1	96,8,1			96,8,1	64,8,1			48,8,1	104,8,1			80,8,1	96,8,1					128,8,1	96,8,1		96,8,1			80,8,1	96,8,1	112,8,1	112,8,1	96,8,1	80,8,1	96,8,1	112,8,1	96,8,1	48,8,1	112,8,1	112,8,1	112,8,1
<<Î´·­Òë>>	80,8,1	64,8,1	64,8,1			64,8,1	96,8,1	96,8,1			96,8,1	96,8,1	96,8,1			96,8,1	64,8,1			48,8,1	104,8,1			80,8,1	96,8,1					128,8,1	96,8,1		96,8,1			80,8,1	96,8,1	112,8,1	112,8,1	96,8,1	80,8,1	96,8,1	112,8,1	96,8,1	48,8,1	112,8,1	112,8,1	112,8,1
Ë«²øÊÖ-½ð	80,8,1	64,8,1	64,8,1	96,8,1	64,8,1	64,8,1	96,8,1	96,8,1	96,8,1	96,8,1	96,8,1	96,8,1	96,8,1	96,8,1	96,8,1	96,8,1	64,8,1	64,8,1	48,8,1	48,8,1	104,8,1	120,8,1	80,8,1	80,8,1	96,8,1	104,8,1	104,8,1	104,8,1	96,8,1	128,8,1	96,8,1	96,8,1	96,8,1	80,8,1	96,8,1	80,8,1	96,8,1	112,8,1	112,8,1	96,8,1	80,8,1	96,8,1	112,8,1	96,8,1	48,8,1	112,8,1	112,8,1	112,8,1
Ë«²øÊÖ-Ë®	80,8,1	64,8,1	64,8,1	96,8,1	64,8,1	64,8,1	96,8,1	96,8,1	96,8,1	96,8,1	96,8,1	96,8,1	96,8,1	96,8,1	96,8,1	96,8,1	64,8,1	64,8,1	48,8,1	48,8,1	104,8,1	120,8,1	80,8,1	80,8,1	96,8,1	104,8,1	104,8,1	104,8,1	96,8,1	128,8,1	96,8,1	96,8,1	96,8,1	80,8,1	96,8,1	80,8,1	96,8,1	112,8,1	112,8,1	96,8,1	80,8,1	96,8,1	112,8,1	96,8,1	48,8,1	112,8,1	112,8,1	112,8,1
Ë«²øÊÖ-Ä¾	80,8,1	64,8,1	64,8,1	96,8,1	64,8,1	64,8,1	96,8,1	96,8,1	96,8,1	96,8,1	96,8,1	96,8,1	96,8,1	96,8,1	96,8,1	96,8,1	64,8,1	64,8,1	48,8,1	48,8,1	104,8,1	120,8,1	80,8,1	80,8,1	96,8,1	104,8,1	104,8,1	104,8,1	96,8,1	128,8,1	96,8,1	96,8,1	96,8,1	80,8,1	96,8,1	80,8,1	96,8,1	112,8,1	112,8,1	96,8,1	80,8,1	96,8,1	112,8,1	96,8,1	48,8,1	112,8,1	112,8,1	112,8,1
Ë«²øÊÖ-»ð	80,8,1	64,8,1	64,8,1	96,8,1	64,8,1	64,8,1	96,8,1	96,8,1	96,8,1	96,8,1	96,8,1	96,8,1	96,8,1	96,8,1	96,8,1	96,8,1	64,8,1	64,8,1	48,8,1	48,8,1	104,8,1	120,8,1	80,8,1	80,8,1	96,8,1	104,8,1	104,8,1	104,8,1	96,8,1	128,8,1	96,8,1	96,8,1	96,8,1	80,8,1	96,8,1	80,8,1	96,8,1	112,8,1	112,8,1	96,8,1	80,8,1	96,8,1	112,8,1	96,8,1	48,8,1	112,8,1	112,8,1	112,8,1
³¤¹÷-½ð¹÷	80,8,1	64,8,1	64,8,1		64,8,1		96,8,1	96,8,1		96,8,1		96,8,1	96,8,1		96,8,1		64,8,1		48,8,1		104,8,1		80,8,1		96,8,1			104,8,1	96,8,1				96,8,1		96,8,1		96,8,1	112,8,1	112,8,1	96,8,1	80,8,1	96,8,1	112,8,1	96,8,1	48,8,1	112,8,1	112,8,1	112,8,1
³¤¹÷-»ð¹÷	80,8,1	64,8,1	64,8,1		64,8,1		96,8,1	96,8,1		96,8,1		96,8,1	96,8,1		96,8,1		64,8,1		48,8,1		104,8,1		80,8,1		96,8,1			104,8,1	96,8,1				96,8,1		96,8,1		96,8,1	112,8,1	112,8,1	96,8,1	80,8,1	96,8,1	112,8,1	96,8,1	48,8,1	112,8,1	112,8,1	112,8,1
³¤Ç¹-½ðÇ¹	80,8,1	64,8,1	64,8,1		64,8,1		96,8,1	96,8,1		96,8,1		96,8,1	96,8,1		96,8,1		64,8,1		48,8,1		104,8,1		80,8,1		96,8,1			104,8,1	96,8,1				96,8,1		96,8,1		96,8,1	112,8,1	112,8,1	96,8,1	80,8,1	96,8,1	112,8,1	96,8,1	48,8,1	112,8,1	112,8,1	112,8,1
³¤Ç¹-»ðÇ¹	80,8,1	64,8,1	64,8,1		64,8,1		96,8,1	96,8,1		96,8,1		96,8,1	96,8,1		96,8,1		64,8,1		48,8,1		104,8,1		80,8,1		96,8,1			104,8,1	96,8,1				96,8,1		96,8,1		96,8,1	112,8,1	112,8,1	96,8,1	80,8,1	96,8,1	112,8,1	96,8,1	48,8,1	112,8,1	112,8,1	112,8,1
µ¥ÊÖµ¶-½ð	80,8,1	64,8,1	64,8,1	96,8,1			96,8,1	96,8,1	96,8,1			96,8,1	96,8,1	96,8,1			64,8,1	64,8,1			104,8,1	120,8,1			96,8,1	104,8,1	104,8,1						96,8,1	80,8,1			96,8,1	112,8,1	112,8,1	96,8,1	80,8,1	96,8,1	112,8,1	96,8,1	48,8,1	112,8,1	112,8,1	112,8,1
µ¥ÊÖµ¶-Ä¾	80,8,1	64,8,1	64,8,1	96,8,1			96,8,1	96,8,1	96,8,1			96,8,1	96,8,1	96,8,1			64,8,1	64,8,1			104,8,1	120,8,1			96,8,1	104,8,1	104,8,1						96,8,1	80,8,1			96,8,1	112,8,1	112,8,1	96,8,1	80,8,1	96,8,1	112,8,1	96,8,1	48,8,1	112,8,1	112,8,1	112,8,1
µ¥ÊÖµ¶-Ë®	80,8,1	64,8,1	64,8,1	96,8,1			96,8,1	96,8,1	96,8,1			96,8,1	96,8,1	96,8,1			64,8,1	64,8,1			104,8,1	120,8,1			96,8,1	104,8,1	104,8,1						96,8,1	80,8,1			96,8,1	112,8,1	112,8,1	96,8,1	80,8,1	96,8,1	112,8,1	96,8,1	48,8,1	112,8,1	112,8,1	112,8,1
µ¥ÊÖ»ðµ¶-»ð	80,8,1	64,8,1	64,8,1	96,8,1			96,8,1	96,8,1	96,8,1			96,8,1	96,8,1	96,8,1			64,8,1	64,8,1			104,8,1	120,8,1			96,8,1	104,8,1	104,8,1						96,8,1	80,8,1			96,8,1	112,8,1	112,8,1	96,8,1	80,8,1	96,8,1	112,8,1	96,8,1	48,8,1	112,8,1	112,8,1	112,8,1
µ¥ÊÖµ¶-À×	80,8,1	64,8,1	64,8,1	96,8,1			96,8,1	96,8,1	96,8,1			96,8,1	96,8,1	96,8,1			64,8,1	64,8,1			104,8,1	120,8,1			96,8,1	104,8,1	104,8,1						96,8,1	80,8,1			96,8,1	112,8,1	112,8,1	96,8,1	80,8,1	96,8,1	112,8,1	96,8,1	48,8,1	112,8,1	112,8,1	112,8,1
µ¥ÊÖ½£-Ë®	80,8,1	64,8,1	64,8,1	96,8,1			96,8,1	96,8,1	96,8,1			96,8,1	96,8,1	96,8,1			64,8,1	64,8,1			104,8,1	120,8,1			96,8,1	104,8,1	104,8,1						96,8,1	80,8,1			96,8,1	112,8,1	112,8,1	96,8,1	80,8,1	96,8,1	112,8,1	96,8,1	48,8,1	112,8,1	112,8,1	112,8,1
µ¥ÊÖ½£-À×	80,8,1	64,8,1	64,8,1	96,8,1			96,8,1	96,8,1	96,8,1			96,8,1	96,8,1	96,8,1			64,8,1	64,8,1			104,8,1	120,8,1			96,8,1	104,8,1	104,8,1						96,8,1	80,8,1			96,8,1	112,8,1	112,8,1	96,8,1	80,8,1	96,8,1	112,8,1	96,8,1	48,8,1	112,8,1	112,8,1	112,8,1
µ¥ÊÖÀ×½£-À×	80,8,1	64,8,1	64,8,1	96,8,1			96,8,1	96,8,1	96,8,1			96,8,1	96,8,1	96,8,1			64,8,1	64,8,1			104,8,1	120,8,1			96,8,1	104,8,1	104,8,1						96,8,1	80,8,1			96,8,1	112,8,1	112,8,1	96,8,1	80,8,1	96,8,1	112,8,1	96,8,1	48,8,1	112,8,1	112,8,1	112,8,1
Ë«´¸-½ð	80,8,1	64,8,1	64,8,1			64,8,1	96,8,1	96,8,1			96,8,1	96,8,1	96,8,1			96,8,1	64,8,1			48,8,1	104,8,1			80,8,1	96,8,1					128,8,1	96,8,1		96,8,1			80,8,1	96,8,1	112,8,1	112,8,1	96,8,1	80,8,1	96,8,1	112,8,1	96,8,1	48,8,1	112,8,1	112,8,1	112,8,1
Ë«µ¶-Ë®	80,8,1	64,8,1	64,8,1			64,8,1	96,8,1	96,8,1			96,8,1	96,8,1	96,8,1			96,8,1	64,8,1			48,8,1	104,8,1			80,8,1	96,8,1					128,8,1	96,8,1		96,8,1			80,8,1	96,8,1	112,8,1	112,8,1	96,8,1	80,8,1	96,8,1	112,8,1	96,8,1	48,8,1	112,8,1	112,8,1	112,8,1
µ¥ÊÖµ¶-·¢¹â1	80,8,1	64,8,1	64,8,1	96,8,1			96,8,1	96,8,1	96,8,1			96,8,1	96,8,1	96,8,1			64,8,1	64,8,1			104,8,1	120,8,1			96,8,1	104,8,1	104,8,1						96,8,1	80,8,1			96,8,1	112,8,1	112,8,1	96,8,1	80,8,1	96,8,1	112,8,1	96,8,1	48,8,1	112,8,1	112,8,1	112,8,1
µ¥ÊÖ½£-·¢¹â1	80,8,1	64,8,1	64,8,1	96,8,1			96,8,1	96,8,1	96,8,1			96,8,1	96,8,1	96,8,1			64,8,1	64,8,1			104,8,1	120,8,1			96,8,1	104,8,1	104,8,1						96,8,1	80,8,1			96,8,1	112,8,1	112,8,1	96,8,1	80,8,1	96,8,1	112,8,1	96,8,1	48,8,1	112,8,1	112,8,1	112,8,1
µ¥ÊÖ»ðµ¶-·¢¹â1	80,8,1	64,8,1	64,8,1	96,8,1			96,8,1	96,8,1	96,8,1			96,8,1	96,8,1	96,8,1			64,8,1	64,8,1			104,8,1	120,8,1			96,8,1	104,8,1	104,8,1						96,8,1	80,8,1			96,8,1	112,8,1	112,8,1	96,8,1	80,8,1	96,8,1	112,8,1	96,8,1	48,8,1	112,8,1	112,8,1	112,8,1
µ¥ÊÖÀ×½£-·¢¹â1	80,8,1	64,8,1	64,8,1	96,8,1			96,8,1	96,8,1	96,8,1			96,8,1	96,8,1	96,8,1			64,8,1	64,8,1			104,8,1	120,8,1			96,8,1	104,8,1	104,8,1						96,8,1	80,8,1			96,8,1	112,8,1	112,8,1	96,8,1	80,8,1	96,8,1	112,8,1	96,8,1	48,8,1	112,8,1	112,8,1	112,8,1
³¤¹÷-·¢¹â1	80,8,1	64,8,1	64,8,1		64,8,1		96,8,1	96,8,1		96,8,1		96,8,1	96,8,1		96,8,1		64,8,1		48,8,1		104,8,1		80,8,1		96,8,1			104,8,1	96,8,1				96,8,1		96,8,1		96,8,1	112,8,1	112,8,1	96,8,1	80,8,1	96,8,1	112,8,1	96,8,1	48,8,1	112,8,1	112,8,1	112,8,1
³¤Ç¹-·¢¹â1	80,8,1	64,8,1	64,8,1		64,8,1		96,8,1	96,8,1		96,8,1		96,8,1	96,8,1		96,8,1		64,8,1		48,8,1		104,8,1		80,8,1		96,8,1			104,8,1	96,8,1				96,8,1		96,8,1		96,8,1	112,8,1	112,8,1	96,8,1	80,8,1	96,8,1	112,8,1	96,8,1	48,8,1	112,8,1	112,8,1	112,8,1
Ë«´¸-·¢¹â1	80,8,1	64,8,1	64,8,1			64,8,1	96,8,1	96,8,1			96,8,1	96,8,1	96,8,1			96,8,1	64,8,1			48,8,1	104,8,1			80,8,1	96,8,1					128,8,1	96,8,1		96,8,1			80,8,1	96,8,1	112,8,1	112,8,1	96,8,1	80,8,1	96,8,1	112,8,1	96,8,1	48,8,1	112,8,1	112,8,1	112,8,1
Ë«µ¶-·¢¹â1	80,8,1	64,8,1	64,8,1			64,8,1	96,8,1	96,8,1			96,8,1	96,8,1	96,8,1			96,8,1	64,8,1			48,8,1	104,8,1			80,8,1	96,8,1					128,8,1	96,8,1		96,8,1			80,8,1	96,8,1	112,8,1	112,8,1	96,8,1	80,8,1	96,8,1	112,8,1	96,8,1	48,8,1	112,8,1	112,8,1	112,8,1
Ë«²øÊÖ-·¢¹â1	80,8,1	64,8,1	64,8,1	96,8,1	64,8,1	64,8,1	96,8,1	96,8,1	96,8,1	96,8,1	96,8,1	96,8,1	96,8,1	96,8,1	96,8,1	96,8,1	64,8,1	64,8,1	48,8,1	48,8,1	104,8,1	120,8,1	80,8,1	80,8,1	96,8,1	104,8,1	104,8,1	104,8,1	96,8,1	128,8,1	96,8,1	96,8,1	96,8,1	80,8,1	96,8,1	80,8,1	96,8,1	112,8,1	112,8,1	96,8,1	80,8,1	96,8,1	112,8,1	96,8,1	48,8,1	112,8,1	112,8,1	112,8,1
Ë«×¦-·¢¹â1	80,8,1	64,8,1	64,8,1	96,8,1	64,8,1	64,8,1	96,8,1	96,8,1	96,8,1	96,8,1	96,8,1	96,8,1	96,8,1	96,8,1	96,8,1	96,8,1	64,8,1	64,8,1	48,8,1	48,8,1	104,8,1	120,8,1	80,8,1	80,8,1	96,8,1	104,8,1	104,8,1	104,8,1	96,8,1	128,8,1	96,8,1	96,8,1	96,8,1	80,8,1	96,8,1	80,8,1	96,8,1	112,8,1	112,8,1	96,8,1	80,8,1	96,8,1	112,8,1	96,8,1	48,8,1	112,8,1	112,8,1	112,8,1
¿ÕÊÖ-·¢¹â1	80,8,1	64,8,1	64,8,1	96,8,1	64,8,1	64,8,1	96,8,1	96,8,1	96,8,1	96,8,1	96,8,1	96,8,1	96,8,1	96,8,1	96,8,1	96,8,1	64,8,1	64,8,1	48,8,1	48,8,1	104,8,1	120,8,1	80,8,1	80,8,1	96,8,1	104,8,1	104,8,1	104,8,1	96,8,1	128,8,1	96,8,1	96,8,1	96,8,1	80,8,1	96,8,1	80,8,1	96,8,1	112,8,1	112,8,1	96,8,1	80,8,1	96,8,1	112,8,1	96,8,1	48,8,1	112,8,1	112,8,1	112,8,1
µ¥ÊÖµ¶-·¢¹â2	80,8,1	64,8,1	64,8,1	96,8,1			96,8,1	96,8,1	96,8,1			96,8,1	96,8,1	96,8,1			64,8,1	64,8,1			104,8,1	120,8,1			96,8,1	104,8,1	104,8,1						96,8,1	80,8,1			96,8,1	112,8,1	112,8,1	96,8,1	80,8,1	96,8,1	112,8,1	96,8,1	48,8,1	112,8,1	112,8,1	112,8,1
µ¥ÊÖ½£-·¢¹â2	80,8,1	64,8,1	64,8,1	96,8,1			96,8,1	96,8,1	96,8,1			96,8,1	96,8,1	96,8,1			64,8,1	64,8,1			104,8,1	120,8,1			96,8,1	104,8,1	104,8,1						96,8,1	80,8,1			96,8,1	112,8,1	112,8,1	96,8,1	80,8,1	96,8,1	112,8,1	96,8,1	48,8,1	112,8,1	112,8,1	112,8,1
µ¥ÊÖ»ðµ¶-·¢¹â2	80,8,1	64,8,1	64,8,1	96,8,1			96,8,1	96,8,1	96,8,1			96,8,1	96,8,1	96,8,1			64,8,1	64,8,1			104,8,1	120,8,1			96,8,1	104,8,1	104,8,1						96,8,1	80,8,1			96,8,1	112,8,1	112,8,1	96,8,1	80,8,1	96,8,1	112,8,1	96,8,1	48,8,1	112,8,1	112,8,1	112,8,1
µ¥ÊÖÀ×½£-·¢¹â2	80,8,1	64,8,1	64,8,1	96,8,1			96,8,1	96,8,1	96,8,1			96,8,1	96,8,1	96,8,1			64,8,1	64,8,1			104,8,1	120,8,1			96,8,1	104,8,1	104,8,1						96,8,1	80,8,1			96,8,1	112,8,1	112,8,1	96,8,1	80,8,1	96,8,1	112,8,1	96,8,1	48,8,1	112,8,1	112,8,1	112,8,1
³¤¹÷-·¢¹â2	80,8,1	64,8,1	64,8,1		64,8,1		96,8,1	96,8,1		96,8,1		96,8,1	96,8,1		96,8,1		64,8,1		48,8,1		104,8,1		80,8,1		96,8,1			104,8,1	96,8,1				96,8,1		96,8,1		96,8,1	112,8,1	112,8,1	96,8,1	80,8,1	96,8,1	112,8,1	96,8,1	48,8,1	112,8,1	112,8,1	112,8,1
³¤Ç¹-·¢¹â2	80,8,1	64,8,1	64,8,1		64,8,1		96,8,1	96,8,1		96,8,1		96,8,1	96,8,1		96,8,1		64,8,1		48,8,1		104,8,1		80,8,1		96,8,1			104,8,1	96,8,1				96,8,1		96,8,1		96,8,1	112,8,1	112,8,1	96,8,1	80,8,1	96,8,1	112,8,1	96,8,1	48,8,1	112,8,1	112,8,1	112,8,1
Ë«´¸-·¢¹â2	80,8,1	64,8,1	64,8,1			64,8,1	96,8,1	96,8,1			96,8,1	96,8,1	96,8,1			96,8,1	64,8,1			48,8,1	104,8,1			80,8,1	96,8,1					128,8,1	96,8,1		96,8,1			80,8,1	96,8,1	112,8,1	112,8,1	96,8,1	80,8,1	96,8,1	112,8,1	96,8,1	48,8,1	112,8,1	112,8,1	112,8,1
Ë«µ¶-·¢¹â2	80,8,1	64,8,1	64,8,1			64,8,1	96,8,1	96,8,1			96,8,1	96,8,1	96,8,1			96,8,1	64,8,1			48,8,1	104,8,1			80,8,1	96,8,1					128,8,1	96,8,1		96,8,1			80,8,1	96,8,1	112,8,1	112,8,1	96,8,1	80,8,1	96,8,1	112,8,1	96,8,1	48,8,1	112,8,1	112,8,1	112,8,1
Ë«²øÊÖ-·¢¹â2	80,8,1	64,8,1	64,8,1	96,8,1	64,8,1	64,8,1	96,8,1	96,8,1	96,8,1	96,8,1	96,8,1	96,8,1	96,8,1	96,8,1	96,8,1	96,8,1	64,8,1	64,8,1	48,8,1	48,8,1	104,8,1	120,8,1	80,8,1	80,8,1	96,8,1	104,8,1	104,8,1	104,8,1	96,8,1	128,8,1	96,8,1	96,8,1	96,8,1	80,8,1	96,8,1	80,8,1	96,8,1	112,8,1	112,8,1	96,8,1	80,8,1	96,8,1	112,8,1	96,8,1	48,8,1	112,8,1	112,8,1	112,8,1
Ë«×¦-·¢¹â2	80,8,1	64,8,1	64,8,1	96,8,1	64,8,1	64,8,1	96,8,1	96,8,1	96,8,1	96,8,1	96,8,1	96,8,1	96,8,1	96,8,1	96,8,1	96,8,1	64,8,1	64,8,1	48,8,1	48,8,1	104,8,1	120,8,1	80,8,1	80,8,1	96,8,1	104,8,1	104,8,1	104,8,1	96,8,1	128,8,1	96,8,1	96,8,1	96,8,1	80,8,1	96,8,1	80,8,1	96,8,1	112,8,1	112,8,1	96,8,1	80,8,1	96,8,1	112,8,1	96,8,1	48,8,1	112,8,1	112,8,1	112,8,1
¿ÕÊÖ-·¢¹â2	80,8,1	64,8,1	64,8,1	96,8,1	64,8,1	64,8,1	96,8,1	96,8,1	96,8,1	96,8,1	96,8,1	96,8,1	96,8,1	96,8,1	96,8,1	96,8,1	64,8,1	64,8,1	48,8,1	48,8,1	104,8,1	120,8,1	80,8,1	80,8,1	96,8,1	104,8,1	104,8,1	104,8,1	96,8,1	128,8,1	96,8,1	96,8,1	96,8,1	80,8,1	96,8,1	80,8,1	96,8,1	112,8,1	112,8,1	96,8,1	80,8,1	96,8,1	112,8,1	96,8,1	48,8,1	112,8,1	112,8,1	112,8,1
Minh Ph­îng Quy Y TriÒn Thñ																																																
Minh Ph­îng Cùc L¹c T¨ng C«n																																																
Minh Ph­îng H­ Kh«ng Giíi §ao																																																
Minh Ph­îng ChiÕn ThÇn Chïy																																																
Minh Ph­îng Anh Hïng Th­¬ng																																																
Minh Ph­îng B¸ V­¬ng B¶o §ao																																																
Minh Ph­îng T¶n Hoa Tr­êng KiÕm																																																
Minh Ph­îng L¨ng Tiªu TriÒn Thñ																																																
Minh Ph­îng V¹n Hoa B¶o §ao																																																
Minh Ph­îng Ph­¬ng Hoa Song §ao																																																
Minh Ph­îng Diªm La TriÒn Thñ																																																
Minh Ph­îng Minh V­¬ng B¶o §ao																																																
Minh Ph­îng LiÔm DiÖm Phi §ao																																																
Minh Ph­îng Thiªn Hoang Tô TiÔn																																																
Minh Ph­îng Thiªn Kiªu Phi Tiªu																																																
Minh Ph­îng ThiÕt HuyÕt TriÒn Thñ																																																
Minh Ph­îng Quang Phôc Tr­îng																																																
Minh Ph­îng Dôc NhËt Th­¬ng																																																
Minh Ph­îng SÝ §Þa §ao																																																
Minh Ph­îng Kh«ng Minh KiÕm																																																
Minh Ph­îng Bång Lai KiÕm																																																
Minh Ph­îng Cöu Thiªn #?																																																
Minh Ph­îng Tham Th­¬ng KiÕm																																																
Null																																																
