NpcList	FightStand	NormalStand1	NormalStand2	FightWalk	NormalWalk	FightRun	NormalRun	Wound	Die	Attack1	Attack2	Magic	SitDown	JunpFly
enemy003	48,8,200	48,8,200	112,8,85	112,8,85	112,8,85	112,8,85	112,8,85	56,8,128	104,8,80	112,8,100	112,8,100	112,8,100	48,8,200	112,8,85
enemy004	120,8,100	120,8,100	160,8,75	112,8,85	112,8,85	112,8,85	112,8,85	48,8,133	104,8,69	152,8,73	152,8,73	152,8,73	120,8,100	112,8,85
enemy005	152,8,63	152,8,63	152,8,63	240,8,30	240,8,30	240,8,30	240,8,30	80,8,50	144,8,50	120,8,60	120,8,60	120,8,60	152,8,63	240,8,30
enemy006	96,8,100	96,8,100	104,8,107	120,8,80	120,8,80	120,8,80	120,8,80	64,8,81	120,8,73	112,8,100	112,8,100	112,8,100	96,8,100	120,8,80
enemy007	104,8,107	104,8,107	104,8,107	112,8,85	112,8,85	112,8,85	112,8,85	64,8,81	104,8,107	96,8,116	96,8,116	96,8,116	104,8,107	112,8,85
enemy015	72,8,133	72,8,133	120,8,120	224,8,35	224,8,35	224,8,35	224,8,35	40,8,140	352,8,30	128,8,70	128,8,70	128,8,70	72,8,133	224,8,35
enemy016	72,8,133	72,8,133	120,8,120	224,8,35	224,8,35	224,8,35	224,8,35	40,8,140	352,8,30	112,8,80	112,8,80	112,8,80	72,8,133	224,8,35
enemy017	96,8,100	96,8,100	104,8,100	112,8,96	112,8,96	112,8,96	112,8,96	48,8,100	104,8,75	112,8,75	112,8,75	112,8,75	96,8,100	112,8,96
enemy021	64,8,175	64,8,175	96,8,120	112,8,88	112,8,88	112,8,88	112,8,88	48,8,85	120,8,120	128,8,75	128,8,75	128,8,75	64,8,175	112,8,88
enemy022	112,8,120	112,8,120	144,8,120	112,8,80	112,8,80	112,8,80	112,8,80	48,8,100	120,8,80	160,8,60	160,8,60	160,8,60	112,8,120	112,8,80
enemy023	80,8,160	80,8,160	184,8,120	112,8,112	112,8,112	112,8,112	112,8,112	48,8,100	152,8,100	168,8,96	168,8,96	168,8,96	80,8,160	112,8,112
enemy024	80,8,120	80,8,120	128,8,128	112,8,88	112,8,88	112,8,88	112,8,88	48,8,100	136,8,96	112,8,100	112,8,100	112,8,100	80,8,120	112,8,88
enemy026	96,8,108	96,8,108	112,8,112	112,8,88	112,8,88	112,8,88	112,8,88	48,8,100	120,8,100	120,8,100	120,8,100	120,8,100	96,8,108	112,8,88
enemy028	80,8,120	80,8,120	96,8,120	120,8,88	120,8,88	120,8,88	120,8,88	48,8,100	120,8,104	160,8,88	160,8,88	160,8,88	80,8,120	120,8,88
enemy029	120,8,112	120,8,112	120,8,120	120,8,88	120,8,88	120,8,88	120,8,88	48,8,100	96,8,96	96,8,92	96,8,92	96,8,92	120,8,112	120,8,88
enemy031	96,8,120	96,8,120	112,8,120	112,8,85	112,8,85	112,8,85	112,8,85	48,8,100	120,8,100	112,8,78	112,8,78	112,8,78	96,8,120	112,8,85
enemy034	80,8,120	80,8,120	184,8,100	112,8,80	112,8,80	112,8,80	112,8,80	48,8,96	112,8,100	96,8,92	96,8,92	96,8,92	80,8,120	112,8,80
enemy036	80,8,120	80,8,120	144,8,120	112,8,75	112,8,75	112,8,75	112,8,75	48,8,100	120,8,100	128,8,78	128,8,78	128,8,78	80,8,120	112,8,75
enemy037	120,8,128	120,8,128	120,8,128										120,8,128	
enemy038	64,8,162	64,8,162	64,8,162										64,8,162	
enemy039	72,8,150	72,8,150	120,8,80										72,8,150	
enemy040	112,8,120	112,8,120	136,8,120	120,8,96	120,8,96	120,8,96	120,8,96	48,8,140	112,8,100	144,8,96	144,8,96	144,8,96	112,8,120	120,8,96
enemy041	64,8,175	64,8,175	112,8,110										64,8,175	
enemy042	96,8,110	96,8,110	88,8,100										96,8,110	
enemy043	72,8,160	72,8,160	136,8,108	120,8,1	120,8,1	120,8,1	120,8,1	64,8,1	112,8,1	128,8,2	128,8,2	128,8,2	72,8,160	120,8,1
enemy044	64,8,125	64,8,125	96,8,120	64,8,125	64,8,125	64,8,125	64,8,125	64,8,125	64,8,125	144,8,2	144,8,2	144,8,2	64,8,125	64,8,125
enemy045	64,8,125	64,8,125	152,8,120										64,8,125	
enemy046	112,8,112	112,8,112	112,8,112	112,8,75	112,8,75	112,8,75	112,8,75	48,8,140	112,8,100	112,8,80	112,8,80	112,8,80	112,8,112	112,8,75
enemy047	112,8,120	112,8,120	112,8,120										112,8,120	
enemy048	96,8,115	96,8,115	104,8,115	120,8,70	120,8,70	120,8,70	120,8,70	80,8,80	136,8,80	104,8,96	104,8,96	104,8,96	96,8,115	120,8,70
enemy049	96,8,128	96,8,128	112,8,112										96,8,128	
enemy050	120,8,120	120,8,120	160,8,100	112,8,80	112,8,80	112,8,80	112,8,80	48,8,140	112,8,80	96,8,116	120,8,96	120,8,96	120,8,120	112,8,80
enemy051	80,8,136	80,8,136	96,8,120	120,8,96	120,8,96	120,8,96	120,8,96	64,8,96	128,8,96	112,8,96	112,8,96	112,8,96	80,8,136	120,8,96
enemy052	112,8,120	112,8,120	112,8,136										112,8,120	
enemy053	96,8,120	96,8,120	96,8,136										96,8,120	
enemy054	96,8,125	96,8,125	96,8,128										96,8,125	
enemy055	64,8,200	64,8,200	96,8,120										64,8,200	
enemy056	112,8,133	112,8,133	112,8,136	112,8,133	112,8,133	112,8,133	112,8,133	112,8,133	112,8,133	120,8,96	120,8,96	120,8,96	112,8,133	112,8,133
enemy057	112,8,112	112,8,112	112,8,112	112,8,2	112,8,2	112,8,2	112,8,2	64,8,2	112,8,3	112,8,3	112,8,3	112,8,3	112,8,112	112,8,2
enemy058	64,8,162	64,8,162	96,8,100										64,8,162	
enemy059	112,8,112	112,8,112	112,8,112	112,8,96	112,8,96	112,8,96	112,8,96	48,8,140	120,8,96	120,8,96	120,8,96	120,8,96	112,8,112	112,8,96
enemy060	112,8,112	112,8,112	112,8,112	112,8,133	112,8,133	112,8,133	112,8,133	48,8,140	112,8,133	112,8,96	112,8,96	112,8,96	112,8,112	112,8,133
enemy061	96,8,128	96,8,128	96,8,136	120,8,120	120,8,120	120,8,120	120,8,120	64,8,96	128,8,110	96,8,116	96,8,116	96,8,116	96,8,128	120,8,120
enemy062	64,8,175	64,8,175	80,8,120										64,8,175	
enemy063	64,8,150	64,8,150	80,8,160										64,8,150	
enemy064	64,8,150	64,8,150	96,8,112	120,8,96	120,8,96	120,8,96	120,8,96	48,8,140	128,8,100	144,8,96	144,8,96	144,8,96	64,8,150	120,8,96
enemy065	80,8,120	80,8,120	184,8,108										80,8,120	
enemy066	96,8,100	96,8,100	96,8,100	112,8,1	112,8,1	112,8,1	112,8,1	64,8,2	128,8,4	96,8,3	96,8,3	96,8,3	96,8,100	112,8,1
enemy067	120,8,120	120,8,120	120,8,120	112,8,112	112,8,112	112,8,112	112,8,112	48,8,140	120,8,96	120,8,96	120,8,96	120,8,96	120,8,120	112,8,112
enemy068	64,8,154	64,8,154	168,8,130										64,8,154	
enemy069	56,8,150	56,8,150	144,8,100	120,8,96	120,8,96	120,8,96	120,8,96	48,8,140	72,8,112	120,8,96	120,8,96	120,8,96	56,8,150	120,8,96
enemy070	96,8,112	96,8,112	112,8,112	112,8,112	112,8,112	112,8,112	112,8,112	48,8,140	120,8,100	120,8,120	120,8,120	120,8,120	96,8,112	112,8,112
enemy071	80,8,160	80,8,160	160,8,125										80,8,160	
enemy072	80,8,150	80,8,150	112,8,128	120,8,96	120,8,96	120,8,96	120,8,96	48,8,140	96,8,112	112,8,96	112,8,96	112,8,96	80,8,150	120,8,96
enemy073	80,8,150	80,8,150	184,8,100	112,8,112	112,8,112	112,8,112	112,8,112	64,8,120	128,8,120	144,8,112	144,8,112	144,8,112	80,8,150	112,8,112
enemy074	64,8,120	64,8,120	64,8,150	120,8,96	120,8,96	120,8,96	120,8,96	48,8,140	160,8,96	112,8,96	112,8,96	112,8,96	64,8,120	120,8,96
enemy075	80,8,150	80,8,150	80,8,136	120,8,2	120,8,2	120,8,2	120,8,2	64,8,2	112,8,3	112,8,2	112,8,2	112,8,2	80,8,150	120,8,2
enemy076	120,8,135	120,8,135	160,8,100	112,8,112	112,8,112	112,8,112	112,8,112	48,8,140	96,8,112	120,8,96	120,8,96	120,8,96	120,8,135	112,8,112
enemy077	96,8,112	96,8,112	112,8,120	112,8,96	112,8,96	112,8,96	112,8,96	48,8,140	120,8,96	104,8,96	104,8,96	104,8,96	96,8,112	112,8,96
enemy078	64,8,160	64,8,160	104,8,104	152,8,72	152,8,72	152,8,72	152,8,72	48,8,140	96,8,112	176,8,72	176,8,72	176,8,72	64,8,160	152,8,72
enemy079	96,8,128	96,8,128	112,8,128	120,8,96	120,8,96	120,8,96	120,8,96	48,8,140	112,8,112	112,8,96	112,8,96	112,8,96	96,8,128	120,8,96
enemy080	64,8,175	64,8,175	160,8,112	120,8,120	120,8,120	120,8,120	120,8,120	48,8,140	112,8,100	112,8,120	112,8,120	112,8,120	64,8,175	120,8,120
enemy081	80,8,150	80,8,150	80,8,150	120,8,96	120,8,96	120,8,96	120,8,96	64,8,140	112,8,100	96,8,72	96,8,72	96,8,72	80,8,150	120,8,96
enemy082	112,8,100	112,8,100	112,8,100	120,8,96	120,8,96	120,8,96	120,8,96	56,8,144	72,8,112	112,8,96	112,8,96	112,8,96	112,8,100	120,8,96
enemy083	96,8,136	96,8,136	112,8,136	112,8,112	112,8,112	112,8,112	112,8,112	48,8,140	120,8,100	120,8,100	120,8,100	120,8,100	96,8,136	112,8,112
enemy084	96,8,120	96,8,120	96,8,150										96,8,120	
enemy085	112,8,128	112,8,128	112,8,120	112,8,112	112,8,112	112,8,112	112,8,112	48,8,140	120,8,100	160,8,120	160,8,120	160,8,120	112,8,128	112,8,112
enemy086	80,8,150	80,8,150	112,8,128	112,8,112	112,8,112	112,8,112	112,8,112	40,8,140	120,8,112	160,8,80	160,8,80	160,8,80	80,8,150	112,8,112
enemy087	80,8,150	80,8,150	96,8,128										80,8,150	
enemy088	96,8,120	96,8,120	112,8,100	96,8,120	96,8,120	96,8,120	96,8,120	96,8,120	96,8,120	112,8,78	112,8,78		96,8,120	96,8,120
enemy089	80,8,150	80,8,150	112,8,128	112,8,96	112,8,96	112,8,96	112,8,96	64,8,96	128,8,100	128,8,80	128,8,80	128,8,80	80,8,150	112,8,96
enemy090	64,8,100	64,8,100	64,8,120										64,8,100	
enemy091	96,8,128	96,8,128	104,8,120	120,8,96	120,8,96	120,8,96	120,8,96	80,8,70	112,8,96	104,8,96	104,8,96	104,8,96	96,8,128	120,8,96
enemy092	104,8,120	104,8,120	104,8,120										104,8,120	
enemy093	96,8,130	96,8,130	104,8,136	240,8,30	240,8,30	240,8,30	240,8,30	80,8,70	96,8,112	96,8,112	96,8,112	96,8,112	96,8,130	240,8,30
enemy094	120,8,100	120,8,100	120,8,100	112,8,10	112,8,10	112,8,10	112,8,10	80,8,30	120,8,100	120,8,30	120,8,30	120,8,30	120,8,100	112,8,10
enemy095	72,8,136	72,8,136	96,8,128	112,8,96	112,8,96	112,8,96	112,8,96	48,8,140	120,8,96	128,8,80	128,8,80	128,8,80	72,8,136	112,8,96
enemy096	112,8,112	112,8,112	104,8,116										112,8,112	
enemy097	56,8,200	56,8,200	64,8,150	112,8,96	112,8,96	112,8,96	112,8,96	48,8,140	104,8,112	120,8,96	120,8,96	120,8,96	56,8,200	112,8,96
enemy098	48,8,250	48,8,250	80,8,150	120,8,1	120,8,1	120,8,1	120,8,1	64,8,1	112,8,1	96,8,3	96,8,3	96,8,3	48,8,250	120,8,1
enemy099	64,8,120	64,8,120	80,8,120										64,8,120	
enemy100	48,8,200	48,8,200	88,8,136	240,8,30	240,8,30	240,8,30	240,8,30	48,8,140	128,8,100	128,8,100	128,8,100	128,8,100	48,8,200	240,8,30
enemy101	48,8,250	48,8,250	96,8,128	120,8,96	120,8,96	120,8,96	120,8,96	48,8,144	144,8,96	120,8,96	120,8,96	120,8,96	48,8,250	120,8,96
enemy102	64,8,120	64,8,120	96,8,120										64,8,120	
enemy103	80,8,150	80,8,150	80,8,150	120,8,60	120,8,60	120,8,60	120,8,60	64,8,96	112,8,96	112,8,78	112,8,78	112,8,78	80,8,150	120,8,60
enemy104	80,8,150	80,8,150	112,8,112	120,8,1	120,8,1	120,8,1	120,8,1	48,8,1	112,8,1	120,8,3	120,8,3	120,8,3	80,8,150	120,8,1
enemy105	80,8,150	80,8,150	120,8,120	120,8,96	120,8,96	120,8,96	120,8,96	48,8,140	96,8,112	160,8,92	160,8,92	160,8,92	80,8,150	120,8,96
enemy106	64,8,184	64,8,184	96,8,128										64,8,184	
enemy107	96,8,136	96,8,136	96,8,136	240,8,30	240,8,30	240,8,30	240,8,30	64,8,96	96,8,112	96,8,112	96,8,112	96,8,112	96,8,136	240,8,30
enemy108	80,8,144	80,8,144	136,8,100										80,8,144	
enemy109	96,8,120	96,8,120	96,8,120	120,8,96	120,8,96	120,8,96	120,8,96	64,8,96	96,8,112	96,8,72	96,8,72	96,8,72	96,8,120	120,8,96
enemy110	80,8,150	80,8,150	80,8,200	240,8,30	240,8,30	240,8,30	240,8,30	64,8,96	104,8,104	88,8,80	88,8,80	88,8,80	80,8,150	240,8,30
enemy111	88,8,136	88,8,136	88,8,138										88,8,136	
enemy112	112,8,130	112,8,130	112,8,120										112,8,130	
enemy115	48,8,233	48,8,233	96,8,120										48,8,233	
enemy121	48,8,250	48,8,250	120,8,136	120,8,70	120,8,70	120,8,70	120,8,70	64,8,84	128,8,94	152,8,35	152,8,35	152,8,35	48,8,250	120,8,70
enemy122	104,8,136	104,8,136	112,8,128	136,8,64	136,8,64	136,8,64	136,8,64	48,8,100	104,8,104	112,8,84	112,8,84	112,8,84	104,8,136	136,8,64
enemy123	96,8,125	96,8,125	104,8,118	120,8,75	120,8,75	120,8,75	120,8,75	48,8,104	120,8,100	112,8,80	112,8,80	112,8,80	96,8,125	120,8,75
enemy124	48,8,250	48,8,250	96,8,125	240,8,30	240,8,30	240,8,30	240,8,30	64,8,84	144,8,100	128,8,80	128,8,80	128,8,80	48,8,250	240,8,30
enemy125	96,8,1	96,8,1	96,8,1	120,8,1	120,8,1	120,8,1	120,8,1	64,8,1	120,8,1	96,8,1	96,8,1	96,8,1	96,8,1	120,8,1
enemy126	96,8,150	96,8,150	72,8,150	112,8,88	112,8,88	112,8,88	112,8,88	48,8,112	144,8,100	128,8,75	128,8,75	128,8,75	96,8,150	112,8,88
enemy127	96,8,150	96,8,150	96,8,150	120,8,80	120,8,80	120,8,80	120,8,80	64,8,88	176,8,96	112,8,88	112,8,88	112,8,88	96,8,150	120,8,80
enemy128	88,8,160	88,8,160	120,8,120	112,8,88	112,8,88	112,8,88	112,8,88	48,8,110	128,8,100	112,8,100	112,8,100	112,8,100	88,8,160	112,8,88
enemy129	80,8,180	80,8,180	128,8,125	120,8,80	120,8,80	120,8,80	120,8,80	48,8,110	112,8,112	104,8,96	104,8,96	104,8,96	80,8,180	120,8,80
enemy130	80,8,150	80,8,150	80,8,150	120,8,80	120,8,80	120,8,80	120,8,80	48,8,110	120,8,112	144,8,74	144,8,74	144,8,74	48,8,250	120,8,80
enemy131	80,8,175	80,8,175	80,8,175	120,8,80	120,8,80	120,8,80	120,8,80	64,8,92	112,8,88	96,8,100	96,8,100	96,8,100	80,8,175	120,8,80
enemy132	80,8,175	80,8,175	104,8,130	120,8,80	120,8,80	120,8,80	120,8,80	48,8,120	104,8,108	160,8,80	160,8,80	160,8,80	80,8,175	120,8,80
enemy133	80,8,150	80,8,150	104,8,115	120,8,80	120,8,80	120,8,80	120,8,80	48,8,120	128,8,120	104,8,88	104,8,88	104,8,88	80,8,150	120,8,80
enemy134	112,8,128	112,8,128	112,8,128	112,8,80	112,8,80	112,8,80	112,8,80	80,8,65	112,8,120	128,8,88	128,8,88	128,8,88	80,8,128	112,8,80
enemy135	80,8,180	80,8,180	104,8,140	120,8,75	120,8,75	120,8,75	120,8,75	48,8,120	128,8,120	112,8,88	112,8,88	112,8,88	80,8,180	120,8,75
enemy136	80,8,200	80,8,200	104,8,150	160,8,70	160,8,70	160,8,70	160,8,70	48,8,128	112,8,120	112,8,65	112,8,65	112,8,65	80,8,200	160,8,70
enemy137	80,8,180	80,8,180	104,8,150	120,8,80	120,8,80	120,8,80	120,8,80	48,8,120	112,8,116	136,8,80	136,8,80	136,8,80	80,8,180	120,8,80
enemy138	96,8,75	96,8,75	112,8,75	112,8,50	112,8,50	112,8,50	112,8,50	48,8,80	96,8,85	144,8,65	144,8,65	144,8,65	96,8,75	112,8,50
enemy139	48,8,128	48,8,128	96,8,120	120,8,80	120,8,80	120,8,80	120,8,80	112,8,100	128,8,100	160,8,100	160,8,100	160,8,100	48,8,128	120,8,80
enemy140	64,8,187	64,8,187	96,8,125	120,8,80	120,8,80	120,8,80	120,8,80	48,8,120	128,8,100	120,8,84	120,8,84	120,8,84	64,8,187	120,8,80
enemy141	56,8,100	56,8,100	88,8,100	192,8,40	192,8,40	192,8,40	192,8,40	72,8,100	128,8,60	152,8,100	152,8,100	152,8,100	56,8,100	192,8,40
enemy142	96,8,145	96,8,145	112,8,125	112,8,84	112,8,84	112,8,84	112,8,84	48,8,120	120,8,100	112,8,88	112,8,88	112,8,88	96,8,145	112,8,84
enemy143	64,8,80	64,8,80	160,8,80	128,8,60	128,8,60	128,8,60	128,8,60	48,8,60	112,8,75	160,8,65	160,8,65	160,8,65	64,8,80	128,8,60
enemy144	48,8,300	48,8,300	144,8,125	120,8,88	120,8,88	120,8,88	120,8,88	48,8,120	144,8,112	144,8,84	144,8,84	144,8,84	48,8,300	120,8,88
enemy145	96,8,150	96,8,150	160,8,100	120,8,80	120,8,80	120,8,80	120,8,80	48,8,120	128,8,120	104,8,75	104,8,75	104,8,75	96,8,150	120,8,80
enemy146	80,8,180	80,8,180	80,8,180	120,8,80	120,8,80	120,8,80	120,8,80	64,8,92	120,8,120	96,8,100	96,8,100	96,8,100	80,8,180	120,8,80
enemy147	96,8,150	96,8,150	128,8,150	120,8,76	120,8,76	120,8,76	120,8,76	48,8,128	128,8,100	112,8,100	112,8,100	112,8,100	96,8,150	120,8,76
enemy148	80,8,180	80,8,180	184,8,88	112,8,88	112,8,88	112,8,88	112,8,88	48,8,120	112,8,112	96,8,100	96,8,100	96,8,100	80,8,180	112,8,88
enemy149	96,8,150	96,8,150	96,8,150	120,8,80	120,8,80	120,8,80	120,8,80	64,8,96	120,8,100	96,8,96	96,8,96	96,8,96	96,8,150	120,8,80
enemy150	96,8,150	96,8,150	96,8,150	120,8,80	120,8,80	120,8,80	120,8,80	64,8,96	112,8,100	80,8,100	80,8,100	80,8,100	96,8,150	120,8,80
enemy151	120,8,110	120,8,110	114,8,90										120,8,110	
enemy152	152,8,80	152,8,80	168,8,80										152,8,80	
enemy153	128,8,125	128,8,125	256,8,140										128,8,125	
enemy154	80,8,85	80,8,85	168,8,80										80,8,85	
enemy155	80,8,85	80,8,85	152,8,100										80,8,85	
enemy156	80,8,85	80,8,85	168,8,60										80,8,85	
enemy157	120,8,65	120,8,65	144,8,75	120,8,60	120,8,60	120,8,60	120,8,60	48,8,55	120,8,80	216,8,45	216,8,45	216,8,45	120,8,65	120,8,60
enemy158	112,8,128	112,8,128	112,8,128	112,8,128	112,8,128	112,8,128	112,8,128	112,8,128	112,8,128	112,8,72	112,8,72	112,8,72	112,8,128	112,8,128
enemy159	160,8,80	160,8,80	160,8,80										160,8,80	
enemy160	120,8,80	120,8,80	248,8,80										120,8,80	
enemy161	80,8,75	80,8,75	232,8,75										80,8,75	
enemy162	160,8,80	160,8,80	160,8,75										160,8,80	
enemy163	112,8,60	112,8,60	112,8,60										112,8,60	
enemy164	152,8,80	152,8,80	176,8,80										152,8,80	
enemy165	152,8,160	152,8,160	176,8,85										152,8,160	
enemy166	152,8,80	152,8,80	176,8,80										152,8,80	
enemy167	104,8,80	104,8,80	112,8,85										104,8,80	
enemy168	152,8,60	152,8,60	160,8,80										152,8,60	
enemy169	112,8,150	112,8,150	120,8,140										112,8,150	
enemy170	120,8,90	120,8,90	152,8,85										120,8,90	
enemy171	96,8,150	96,8,150	96,8,150	120,8,80	120,8,80	120,8,80	120,8,80	64,8,80	128,8,110	96,8,80	96,8,80	96,8,80	96,8,150	120,8,80
enemy172	96,8,120	96,8,120	96,8,120	112,8,80	112,8,80	112,8,80	112,8,80	64,8,88	128,8,112	96,8,92	96,8,92	96,8,92	96,8,120	112,8,80
enemy173	96,8,136	96,8,136	104,8,118	112,8,75	112,8,75	112,8,75	112,8,75	48,8,112	112,8,100	144,8,65	144,8,65	144,8,65	96,8,136	112,8,75
enemy174	64,8,150	64,8,150	80,8,120	112,8,85	112,8,85	112,8,85	112,8,85	64,8,80	104,8,100	96,8,100	96,8,100	96,8,100	64,8,150	112,8,85
enemy175	64,8,100	64,8,100	80,8,120										64,8,100	
enemy176	80,8,100	80,8,100	136,8,94	112,8,53	112,8,53	112,8,53	112,8,53	48,8,85	136,8,70	112,8,70	112,8,70	112,8,70	80,8,100	112,8,53
enemy177	64,8,120	64,8,120	80,8,130	88,8,100	88,8,100	88,8,100	88,8,100	80,8,70	104,8,100	104,8,90	104,8,90	104,8,90	64,8,120	88,8,100
enemy178	1,1,100	1,1,100	1,1,100	1,1,100	1,1,100	1,1,100	1,1,100	7,1,120	7,1,120	1,1,100	1,1,100	1,1,100	1,1,100	1,1,100
enemy179	1,1,100	1,1,100	1,1,100	1,1,100	1,1,100	1,1,100	1,1,100	6,1,100	6,1,100	1,1,100	1,1,100	1,1,100	1,1,100	1,1,100
enemy180	1,1,100	1,1,100	1,1,100	1,1,100	1,1,100	1,1,100	1,1,100	15,1,86	15,1,86	1,1,100	1,1,100	1,1,100	1,1,100	1,1,100
enemy181	1,1,1	1,1,1	1,1,1	1,1,1	1,1,1	1,1,1	1,1,1	1,1,1	1,1,1	1,1,1	1,1,1	1,1,1	1,1,1	1,1,1
enemy182	1,1,1	1,1,1	1,1,1	1,1,1	1,1,1	1,1,1	1,1,1	1,1,1	1,1,1	1,1,1	1,1,1	1,1,1	1,1,1	1,1,1
enemy183	1,1,1	1,1,1	1,1,1	1,1,1	1,1,1	1,1,1	1,1,1	1,1,1	1,1,1	1,1,1	1,1,1	1,1,1	1,1,1	1,1,1
enemy184	1,1,1	1,1,1	1,1,1	1,1,1	1,1,1	1,1,1	1,1,1	1,1,1	1,1,1	1,1,1	1,1,1	1,1,1	1,1,1	1,1,1
enemy185	1,1,1	1,1,1	1,1,1	1,1,1	1,1,1	1,1,1	1,1,1	1,1,1	1,1,1	1,1,1	1,1,1	1,1,1	1,1,1	1,1,1
enemy186	3,1,133	3,1,133	3,1,133	11,1,181	11,1,181	11,1,181	11,1,181	3,1,133	13,1,115	11,1,181	11,1,181	11,1,181	3,1,133	11,1,181
enemy187	1,1,1	1,1,1	1,1,1	1,1,1	1,1,1	1,1,1	1,1,1	1,1,1	13,1,100	15,1,100	15,1,100	15,1,100	1,1,1	1,1,1
enemy188	128,8,56	128,8,56	128,8,56	128,8,56	128,8,56	128,8,56	128,8,56	88,8,70	128,8,100	128,8,56	128,8,56	128,8,56	128,8,56	128,8,56
enemy189	168,8,60	168,8,60	168,8,60	104,8,70	104,8,70	104,8,70	104,8,70	88,8,70	120,8,85	120,8,63	136,8,73	136,8,73	168,8,60	104,8,70
enemy190	1,1,1	1,1,1	1,1,1	1,1,1	1,1,1	1,1,1	1,1,1	1,1,1	1,1,1				1,1,1	1,1,1
enemy191	1,1,1	1,1,1	1,1,1	1,1,1	1,1,1	1,1,1	1,1,1	1,1,1	1,1,1				1,1,1	1,1,1
enemy192	1,1,1	1,1,1	1,1,1	1,1,1	1,1,1	1,1,1	1,1,1	1,1,1	1,1,1				1,1,1	1,1,1
enemy193	1,1,1	1,1,1	1,1,1	1,1,1	1,1,1	1,1,1	1,1,1	1,1,1	1,1,1				1,1,1	1,1,1
enemy194	1,1,1	1,1,1	1,1,1	1,1,1	1,1,1	1,1,1	1,1,1	1,1,1	1,1,1				1,1,1	1,1,1
ani001	96,8,116	96,8,116	96,8,150	120,8,84	120,8,84	120,8,84	120,8,84	64,8,75	80,8,100	96,8,80	96,8,80	96,8,80	96,8,116	120,8,84
ani002	96,8,128	96,8,128	112,8,128	120,8,75	120,8,75	120,8,75	120,8,75	48,8,100	112,8,89	112,8,88	112,8,88	112,8,88	96,8,128	120,8,75
ani003	96,8,120	96,8,120	96,8,120	120,8,66	120,8,66	120,8,66	120,8,66	72,8,66	112,8,120	96,8,88	96,8,88	96,8,88	96,8,120	120,8,66
ani005	120,8,120	120,8,120	120,8,120	120,8,70	120,8,70	120,8,70	120,8,70	48,8,112	112,8,108	112,8,75	112,8,75	112,8,75	120,8,120	120,8,70
ani006	96,8,120	96,8,120	96,8,120	64,8,88	64,8,88	64,8,88	64,8,88	64,8,88	112,8,112	96,8,90	96,8,90	96,8,90	96,8,120	64,8,88
ani009	48,8,220	48,8,220	120,8,94	120,8,68	120,8,68	120,8,68	120,8,68	48,8,100	80,8,130	112,8,84	112,8,84	112,8,84	48,8,220	120,8,68
ani010	48,8,150	48,8,150	120,8,100	120,8,70	120,8,70	120,8,70	120,8,70	48,8,100	80,8,100	112,8,84	112,8,84	112,8,84	48,8,150	120,8,70
ani011	48,8,60	48,8,60	120,8,70	120,8,40	120,8,40	120,8,40	120,8,40	48,8,60	80,8,80	112,8,45	112,8,45	112,8,45	48,8,60	120,8,40
ani012	48,8,60	48,8,60	120,8,60	120,8,40	120,8,40	120,8,40	120,8,40	48,8,45	80,8,80	112,8,45	112,8,45	112,8,45	48,8,60	120,8,40
ani013	64,8,80	64,8,80	120,8,100	120,8,75	120,8,75	120,8,75	120,8,75	48,8,80	80,8,70	112,8,80	112,8,80	112,8,80	64,8,80	120,8,75
ani015	64,8,80	64,8,80	120,8,90	120,8,30	120,8,30	120,8,30	120,8,30	48,8,50	80,8,65	112,8,70	112,8,70	112,8,70	64,8,80	120,8,30
ani018	48,8,175	48,8,175	136,8,128	120,8,75	120,8,75	120,8,75	120,8,75	48,8,118	96,8,125	104,8,92	104,8,92	104,8,92	48,8,175	120,8,75
ani019	48,8,225	48,8,225	64,8,1	64,8,125	64,8,125	64,8,125	64,8,125	40,8,130	64,8,112	96,8,92	96,8,92	96,8,92	48,8,225	64,8,125
ani021	112,8,136	112,8,136	112,8,136	104,8,94	104,8,94	104,8,94	104,8,94	48,8,136	112,8,136	112,8,85	112,8,85	112,8,85	112,8,136	104,8,94
ani024	112,8,136	112,8,136	112,8,136	104,8,95	104,8,95	104,8,95	104,8,95	48,8,136	112,8,136	112,8,92	112,8,92	112,8,92	112,8,136	104,8,95
ani025	48,8,100	48,8,100	64,8,100	120,8,90	120,8,90	120,8,90	120,8,90	48,8,70	96,8,90	96,8,70	96,8,70	96,8,70	48,8,100	120,8,90
ani026	48,8,120	48,8,120	64,8,80	120,8,70	120,8,70	120,8,70	120,8,70	48,8,60	96,8,80	96,8,60	96,8,60	96,8,60	48,8,120	120,8,70
ani029	48,8,250	48,8,250	80,8,160	104,8,92	104,8,92	104,8,92	104,8,92	48,8,128	112,8,130	104,8,104	104,8,104	104,8,104	48,8,250	104,8,92
ani033	96,8,128	96,8,128	96,8,128	80,8,130	80,8,130	80,8,130	80,8,130	48,8,125	96,8,128	104,8,100	104,8,100	104,8,100	96,8,128	80,8,130
ani036	96,8,70	96,8,70	96,8,80	80,8,50	80,8,50	80,8,50	80,8,50	48,8,75	96,8,85	104,8,50	104,8,50	104,8,50	96,8,70	80,8,50
ani037	80,8,136	80,8,136	80,8,136	104,8,92	104,8,92	104,8,92	104,8,92	64,8,96	96,8,112	104,8,88	104,8,88	104,8,88	80,8,136	104,8,92
ani038	104,8,50	104,8,50	104,8,80	104,8,80	104,8,80	104,8,80	104,8,80	64,8,40	96,8,80	104,8,50	104,8,50	104,8,50	104,8,50	104,8,80
ani039	104,8,136	104,8,136	104,8,136	104,8,88	104,8,88	104,8,88	104,8,88	64,8,92	96,8,112	104,8,84	104,8,84	104,8,84	104,8,136	104,8,88
ani040	80,8,1	80,8,1	80,8,1	104,8,1	104,8,1	104,8,1	104,8,1	64,8,1	96,8,1	104,8,1	104,8,1	104,8,1	80,8,1	104,8,1
ani041	96,8,80	96,8,80	96,8,80	64,8,100	64,8,100	64,8,100	64,8,100	64,8,100	104,8,100	104,8,80	104,8,80	104,8,80	96,8,80	64,8,100
ani042	96,8,80	96,8,80	96,8,80	96,8,80	96,8,80	96,8,80	96,8,80	64,8,88	104,8,100	64,8,80	64,8,80	64,8,80	96,8,80	96,8,80
ani043	96,8,80	96,8,80	64,8,100	96,8,80	96,8,80	96,8,80	96,8,80	64,8,80	104,8,100	64,8,80	64,8,80	64,8,80	96,8,80	96,8,80
ani045	80,8,70	80,8,70	136,8,80	80,8,70	80,8,70	80,8,70	80,8,70	48,8,100	96,8,100	96,8,80	96,8,80	96,8,80	80,8,70	80,8,70
ani046	80,8,70	80,8,70	136,8,70	80,8,70	80,8,70	80,8,70	80,8,70	48,8,100	96,8,100	96,8,80	96,8,80	96,8,80	80,8,70	80,8,70
ani047	80,8,70	80,8,70	136,8,70	80,8,70	80,8,70	80,8,70	80,8,70	48,8,92	96,8,96	96,8,80	96,8,80	96,8,80	80,8,70	80,8,70
ani048	80,8,70	80,8,70	136,8,70	80,8,70	80,8,70	80,8,70	80,8,70	48,8,92	96,8,96	96,8,80	96,8,80	96,8,80	80,8,70	80,8,70
ani049	64,8,150	64,8,150	88,8,136	88,8,70	88,8,70	88,8,70	88,8,70	48,8,120	96,8,120	80,8,112	80,8,112	80,8,112	64,8,150	88,8,70
ani050	64,8,60	64,8,60	80,8,80	80,8,45	80,8,45	80,8,45	80,8,45	64,8,50	96,8,80	80,8,60	80,8,60	80,8,60	64,8,60	80,8,45
ani051	64,8,70	64,8,70	88,8,80	80,8,40	80,8,40	80,8,40	80,8,40	64,8,60	112,8,100	88,8,80	88,8,80	88,8,80	64,8,70	80,8,40
ani052	64,8,90	64,8,90	88,8,100	80,8,40	80,8,40	80,8,40	80,8,40	64,8,60	112,8,110	80,8,80	80,8,80	80,8,80	64,8,90	80,8,40
ani053	120,8,120	120,8,120	112,8,112	112,8,75	112,8,75	112,8,75	112,8,75	48,8,100	104,8,118	104,8,100	104,8,100	104,8,100	120,8,120	112,8,75
ani054	120,8,120	120,8,120	112,8,112	112,8,70	112,8,70	112,8,70	112,8,70	48,8,110	112,8,100	120,8,78	120,8,78	120,8,78	120,8,120	112,8,70
ani055	120,8,112	120,8,112	112,8,112	112,8,75	112,8,75	112,8,75	112,8,75	48,8,110	88,8,128	168,8,68	168,8,68	168,8,68	120,8,112	112,8,75
ani056	120,8,90	120,8,90	112,8,80	120,8,80	120,8,80	120,8,80	120,8,80	48,8,100	88,8,65	168,8,75	168,8,75	168,8,75	120,8,90	120,8,80
ani058	64,8,1	64,8,1	64,8,1	112,8,1	112,8,1	112,8,1	112,8,1	64,8,1	96,8,1	96,8,1	96,8,1	96,8,1	64,8,1	112,8,1
ani059	80,8,140	80,8,140	80,8,140	120,8,92	120,8,92	120,8,92	120,8,92	48,8,110	112,8,100	80,8,105	80,8,105	80,8,105	80,8,140	120,8,92
ani060	96,8,150	96,8,150	96,8,150	96,8,100	96,8,100	96,8,100	96,8,100	64,8,75	104,8,100	96,8,75	96,8,75	96,8,75	96,8,150	96,8,100
ani061	112,8,128	112,8,128	112,8,128	96,8,92	96,8,92	96,8,92	96,8,92	48,8,120	112,8,112	104,8,96	104,8,96	104,8,96	112,8,128	96,8,92
ani063	120,8,90	120,8,90	128,8,70	64,8,80	64,8,80	64,8,80	64,8,80	56,8,80	120,8,80	120,8,80	120,8,80	120,8,80	120,8,90	64,8,80
ani065	48,8,180	48,8,180	64,8,128	56,8,150	56,8,150	56,8,150	56,8,150	48,8,120	64,8,150	64,8,128	64,8,128	64,8,128	48,8,180	56,8,150
ani066	80,8,150	80,8,150	80,8,150	64,8,128	64,8,128	64,8,128	64,8,128	32,8,150	80,8,150	80,8,100	80,8,100	80,8,100	80,8,150	64,8,128
ani067	48,8,150	48,8,150	64,8,112	48,8,100	48,8,100	48,8,100	48,8,100	48,8,108	88,8,109	88,8,81	88,8,81	88,8,81	48,8,150	48,8,100
passerby001	152,8,100	152,8,100	128,8,100										152,8,100	
passerby002	152,8,100	152,8,100	128,8,100										152,8,100	
passerby004_1	16,1,100	16,1,100	16,1,100										16,1,100	
passerby004_2	16,1,100	16,1,100	16,1,100										16,1,100	
passerby004_3	16,1,100	16,1,100	16,1,100										16,1,100	
passerby006_1	16,1,100	16,1,100	16,1,100										16,1,100	
passerby006_2	16,1,100	16,1,100	16,1,100										16,1,100	
passerby006_3	16,1,100	16,1,100	16,1,100										16,1,100	
passerby007	56,8,100	56,8,100	56,8,100										56,8,100	
passerby008	152,8,100	152,8,100	152,8,100										152,8,100	
passerby010	152,8,100	152,8,100	136,8,100										152,8,100	
passerby011_1	40,1,100	40,1,100	40,1,100										40,1,100	
passerby011_2	40,1,100	40,1,100	40,1,100										40,1,100	
passerby011_3	40,1,100	40,1,100	40,1,100										40,1,100	
passerby013	152,8,100	152,8,100	152,8,100										152,8,100	
passerby014	152,8,100	152,8,100	160,8,100										152,8,100	
passerby015	152,8,100	152,8,100	160,8,100										152,8,100	
passerby018	152,8,68	152,8,68	160,8,80										152,8,68	
passerby019	152,8,68	152,8,68	120,8,90										152,8,68	
passerby020	152,8,1	152,8,1	200,8,1										152,8,1	
passerby023	152,8,1	152,8,1	160,8,1										152,8,1	
passerby024	152,8,1	152,8,1	160,8,1										152,8,1	
passerby025	152,8,1	152,8,1	160,8,1										152,8,1	
passerby027	152,8,1	152,8,1	256,8,1										152,8,1	
passerby028	144,8,1	144,8,1	144,8,1										144,8,1	
passerby029	152,8,1	152,8,1	168,8,1										152,8,1	
passerby030	288,8,38	288,8,38	144,8,88										288,8,38	
passerby031	152,8,1	152,8,1	240,8,1										152,8,1	
passerby032	160,8,1	160,8,1	160,8,1										160,8,1	
passerby033	144,8,1	144,8,1	160,8,1										144,8,1	
passerby034	152,8,1	152,8,1	152,8,1										152,8,1	
passerby036_1	21,1,1	21,1,1	21,1,1										21,1,1	
passerby036_2	21,1,1	21,1,1	21,1,1										21,1,1	
passerby036_3	21,1,1	21,1,1	21,1,1										21,1,1	
passerby037_1	20,1,1	20,1,1	20,1,1										20,1,1	
passerby037_2	20,1,1	20,1,1	20,1,1										20,1,1	
passerby037_3	20,1,1	20,1,1	20,1,1										20,1,1	
passerby038_1	20,1,1	20,1,1	20,1,1										20,1,1	
passerby038_2	20,1,1	20,1,1	20,1,1										20,1,1	
passerby038_3	20,1,1	20,1,1	20,1,1										20,1,1	
passerby040_1	10,1,1	10,1,1	10,1,1										10,1,1	
passerby040_2	10,1,1	10,1,1	10,1,1										10,1,1	
passerby040_3	10,1,1	10,1,1	10,1,1										10,1,1	
passerby041	152,8,1	152,8,1	160,8,1										152,8,1	
passerby042	152,8,1	152,8,1	160,8,1										152,8,1	
passerby043	152,8,1	152,8,1	152,8,1										152,8,1	
passerby044	80,8,1	80,8,1	80,8,1										80,8,1	
passerby045	56,8,1	56,8,1	56,8,1										56,8,1	
passerby047	152,8,1	152,8,1	152,8,1										152,8,1	
passerby048	152,8,1	152,8,1	160,8,1										152,8,1	
passerby049	160,8,1	160,8,1	240,8,1										160,8,1	
passerby050	80,8,1	80,8,1	160,8,1										80,8,1	
passerby051	152,8,1	152,8,1	152,8,1										152,8,1	
passerby052	72,8,1	72,8,1	240,8,1										72,8,1	
passerby058	152,8,1	152,8,1	152,8,1										152,8,1	
passerby059	152,8,1	152,8,1	152,8,1										152,8,1	
passerby060	152,8,1	152,8,1	152,8,1										152,8,1	
passerby061_1	20,1,1	20,1,1	20,1,1										20,1,1	
passerby061_2	20,1,1	20,1,1	20,1,1										20,1,1	
passerby061_3	20,1,1	20,1,1	20,1,1										20,1,1	
passerby062_1	19,1,1	19,1,1	21,1,1										19,1,1	
passerby062_2	19,1,1	19,1,1	21,1,1										19,1,1	
passerby062_3	19,1,1	19,1,1	21,1,1										19,1,1	
passerby063_1	19,1,1	19,1,1	10,1,1										19,1,1	
passerby063_2	19,1,1	19,1,1	10,1,1										19,1,1	
passerby063_3	19,1,1	19,1,1	10,1,1										19,1,1	
passerby064_1	25,1,1	25,1,1	25,1,1										25,1,1	
passerby064_2	25,1,1	25,1,1	25,1,1										25,1,1	
passerby064_3	25,1,1	25,1,1	25,1,1										25,1,1	
passerby065_1	10,1,1	10,1,1	16,1,1										10,1,1	
passerby065_2	10,1,1	10,1,1	16,1,1										10,1,1	
passerby065_3	10,1,1	10,1,1	16,1,1										10,1,1	
passerby066_1	19,1,1	19,1,1	17,1,1										19,1,1	
passerby066_2	19,1,1	19,1,1	17,1,1										19,1,1	
passerby066_3	19,1,1	19,1,1	17,1,1										19,1,1	
passerby067_1	19,1,1	19,1,1	19,1,1										19,1,1	
passerby067_2	19,1,1	19,1,1	19,1,1										19,1,1	
passerby067_3	19,1,1	19,1,1	19,1,1										19,1,1	
passerby068_1	19,1,1	19,1,1	19,1,1										19,1,1	
passerby068_2	19,1,1	19,1,1	19,1,1										19,1,1	
passerby068_3	19,1,1	19,1,1	19,1,1										19,1,1	
passerby069_1	19,1,1	19,1,1	30,1,1										19,1,1	
passerby069_2	19,1,1	19,1,1	30,1,1										19,1,1	
passerby069_3	19,1,1	19,1,1	30,1,1										19,1,1	
passerby070_1	152,8,1	152,8,1	152,8,1										152,8,1	
passerby070_2	20,1,1	20,1,1	20,1,1										20,1,1	
passerby070_3	20,1,1	20,1,1	20,1,1										20,1,1	
passerby071_1	10,1,1	10,1,1	23,1,1										10,1,1	
passerby071_2	10,1,1	10,1,1	23,1,1										10,1,1	
passerby071_3	10,1,1	10,1,1	23,1,1										10,1,1	
passerby072_1	25,1,1	25,1,1	25,1,1										25,1,1	
passerby072_2	25,1,1	25,1,1	25,1,1										25,1,1	
passerby072_3	25,1,1	25,1,1	25,1,1										25,1,1	
passerby073_1	19,1,1	19,1,1	19,1,1										19,1,1	
passerby073_2	19,1,1	19,1,1	19,1,1										19,1,1	
passerby073_3	19,1,1	19,1,1	19,1,1										19,1,1	
passerby074_1	19,1,1	19,1,1	19,1,1										19,1,1	
passerby074_2	19,1,1	19,1,1	19,1,1										19,1,1	
passerby074_3	19,1,1	19,1,1	19,1,1										19,1,1	
passerby075_1	19,1,1	19,1,1	20,1,1										19,1,1	
passerby075_2	19,1,1	19,1,1	20,1,1										19,1,1	
passerby075_3	19,1,1	19,1,1	20,1,1										19,1,1	
passerby076_1	20,1,1	20,1,1	20,1,1										20,1,1	
passerby076_2	20,1,1	20,1,1	20,1,1										20,1,1	
passerby076_3	20,1,1	20,1,1	20,1,1										20,1,1	
passerby077_1	25,1,100	25,1,100	25,1,100										25,1,100	
passerby077_2	25,1,100	25,1,100	25,1,100										25,1,100	
passerby077_3	25,1,100	25,1,100	25,1,100										25,1,100	
passerby079_1	19,1,1	19,1,1	18,1,1										19,1,1	
passerby079_2	19,1,1	19,1,1	18,1,1										19,1,1	
passerby079_3	19,1,1	19,1,1	18,1,1										19,1,1	
passerby080	80,8,1	80,8,1	160,8,1										80,8,1	
passerby088	30,1,140	30,1,140	30,1,140										30,1,140	
passerby092	80,8,80	80,8,80	128,8,90										80,8,80	
passerby094	120,8,80	120,8,80	240,8,95										120,8,80	
passerby095	160,8,80	160,8,80	160,8,80										160,8,80	
passerby097	120,8,80	120,8,80	248,8,80										120,8,80	
passerby099	152,8,60	152,8,60	152,8,60										152,8,60	
passerby100	120,8,90	120,8,90	240,8,75										120,8,90	
passerby101	80,8,85	80,8,85	288,8,85										80,8,85	
passerby102	80,8,85	80,8,85	256,8,120										80,8,85	
passerby103	120,8,115	120,8,115	192,8,130										120,8,115	
passerby104	152,8,60	152,8,60	160,8,80										152,8,60	
passerby105	120,8,80	120,8,80	128,8,80										120,8,80	
passerby108	152,8,60	152,8,60	160,8,80										152,8,60	
passerby110	160,8,60	160,8,60	160,8,60										160,8,60	
passerby112	128,8,80	128,8,80	128,8,80										128,8,80	
passerby117	152,8,70	152,8,70	160,8,80										152,8,70	
passerby118	152,8,60	152,8,60	160,8,80										152,8,60	
passerby119	120,8,80	120,8,80	184,8,80										120,8,80	
passerby120	152,8,80	152,8,80	176,8,80										152,8,80	
passerby121	152,8,70	152,8,70	160,8,80										152,8,70	
passerby122	152,8,60	152,8,60	160,8,60										152,8,60	
passerby123	152,8,70	152,8,70	160,8,80										152,8,70	
passerby124	152,8,60	152,8,60	160,8,80										152,8,60	
passerby125	152,8,60	152,8,60	160,8,80										152,8,60	
passerby127	152,8,120	152,8,120	168,8,115										152,8,120	
passerby128	160,8,115	160,8,115	160,8,130										160,8,115	
passerby129	152,8,125	152,8,125	168,8,80										152,8,125	
passerby130	8,8,80	8,8,80	400,8,40										8,8,80	
passerby131	152,8,130	152,8,130	168,8,115										152,8,130	
passerby132	152,8,120	152,8,120	168,8,140										152,8,120	
passerby133	86,8,145	86,8,145	90,8,120										86,8,145	
passerby134	88,8,140	88,8,140	152,8,100										88,8,140	
passerby135	152,8,60	152,8,60	160,8,80										152,8,60	
passerby136	152,8,60	152,8,60	152,8,80										152,8,60	
passerby137	152,8,70	152,8,70	160,8,80										152,8,70	
passerby138	152,8,60	152,8,60	160,8,80										152,8,60	
passerby139	152,8,60	152,8,60	152,8,80										152,8,60	
passerby140	152,8,80	152,8,80	152,8,85										152,8,80	
passerby141	152,8,60	152,8,60	160,8,60										152,8,60	
passerby142	152,8,60	152,8,60	160,8,65										152,8,60	
passerby144	152,8,60	152,8,60	160,8,60										152,8,60	
passerby145	152,8,60	152,8,60	160,8,80										152,8,60	
passerby146	152,8,60	152,8,60	160,8,60										152,8,60	
passerby147	152,8,80	152,8,80	176,8,80										152,8,80	
passerby148	136,8,80	136,8,80	168,8,80										136,8,80	
passerby149	144,8,110	144,8,110	168,8,130										144,8,110	
passerby150	152,8,80	152,8,80	176,8,80										152,8,80	
passerby151	152,8,45	152,8,45	176,8,75										152,8,45	
passerby152	8,8,850	8,8,850	288,8,80										8,8,850	
passerby153	8,8,850	8,8,850	296,8,80										8,8,850	
passerby154	152,8,70	152,8,70	168,8,90										152,8,70	
passerby157			160,8,70											
passerby159	152,8,60	152,8,60	160,8,80										152,8,60	
passerby163	160,8,55	160,8,55	248,8,50										160,8,55	
passerby164	152,8,60	152,8,60	160,8,80										152,8,60	
passerby165	88,8,155	88,8,155	144,8,80										88,8,155	
passerby167	152,8,100	152,8,100	168,8,120										152,8,100	
passerby168	152,8,60	152,8,60	160,8,60										152,8,60	
passerby169	112,8,75	112,8,75	128,8,75										112,8,75	
passerby170	160,8,70	160,8,70	176,8,60										160,8,70	
passerby171	152,8,60	152,8,60	160,8,80										152,8,60	
passerby172	152,8,80	152,8,80	152,8,80										152,8,80	
passerby173	152,8,60	152,8,60	160,8,60										152,8,60	
passerby174	152,8,60	152,8,60	160,8,80										152,8,60	
passerby175	152,8,125	152,8,125	168,8,165										152,8,125	
passerby176	152,8,80	152,8,80	168,8,80										152,8,80	
passerby177	152,8,80	152,8,80	168,8,80										152,8,80	
passerby178	152,8,140	152,8,140	168,8,130										152,8,140	
passerby179	152,8,95	152,8,95	168,8,85										152,8,95	
passerby180	80,8,70	80,8,70	208,8,90										80,8,70	
passerby181	152,8,80	152,8,80	168,8,80										152,8,80	
passerby182	152,8,120	152,8,120	168,8,110										152,8,120	
passerby183	152,8,100	152,8,100	168,8,125										152,8,100	
passerby184	88,8,160	88,8,160	120,8,115										88,8,160	
passerby185	112,8,75	112,8,75	120,8,95										112,8,75	
passerby186	152,8,60	152,8,60	160,8,80										152,8,60	
passerby187	152,8,60	152,8,60	152,8,80										152,8,60	
passerby188	152,8,60	152,8,60	160,8,80										152,8,60	
passerby189	152,8,155	152,8,155	168,8,140										152,8,155	
passerby190	152,8,135	152,8,135	168,8,155										152,8,135	
passerby191	50,1,180	50,1,180	50,1,180										50,1,180	
passerby192	88,8,182	88,8,182	128,8,125										88,8,182	
passerby004_4	152,8,100	152,8,100	152,8,100										152,8,100	
passerby006_4	152,8,100	152,8,100	152,8,100										152,8,100	
passerby007_1	200,8,100	200,8,100	200,8,100										200,8,100	
passerby011_4	152,8,100	152,8,100	152,8,100										152,8,100	
passerby036_4	152,8,1	152,8,1	152,8,1										152,8,1	
passerby037_4	152,8,1	152,8,1	152,8,1										152,8,1	
passerby040_4	80,8,1	80,8,1	80,8,1										80,8,1	
passerby043_1	152,8,1	152,8,1	152,8,1										152,8,1	
passerby044_1	80,8,1	80,8,1	80,8,1										80,8,1	
passerby045_1	152,8,1	152,8,1	152,8,1										152,8,1	
passerby059_1	152,8,1	152,8,1	152,8,1										152,8,1	
passerby067_4	9,1,1	9,1,1	9,1,1										9,1,1	
passerby067_5	9,1,1	9,1,1	9,1,1										9,1,1	
passerby067_6	9,1,1	9,1,1	9,1,1										9,1,1	
passerby068_4	18,1,1	18,1,1	18,1,1										18,1,1	
passerby068_5	18,1,1	18,1,1	18,1,1										18,1,1	
passerby068_6	18,1,1	18,1,1	18,1,1										18,1,1	
passerby072_4	152,8,1	152,8,1	152,8,1										152,8,1	
passerby074_4	18,1,1	18,1,1	18,1,1										18,1,1	
passerby074_5	18,1,1	18,1,1	18,1,1										18,1,1	
passerby074_6	18,1,1	18,1,1	18,1,1										18,1,1	
passerby075_4	152,8,1	152,8,1	152,8,1										152,8,1	
passerby076_4	152,8,1	152,8,1	152,8,1										152,8,1	
critter001														
critter002														
critter003														
critter004														
critter005														
critter006														
critter007														
critter008	112,8,90	112,8,90	112,8,80										112,8,90	
critter009														
critter010														
critter011														
critter012														
critter013														
critter014														
critter015														
critter016	96,8,80	96,8,80	112,8,90	64,8,50	64,8,50								96,8,80	64,8,50
critter017	48,8,50	48,8,50	48,8,50	48,8,50	48,8,50								48,8,50	48,8,50
critter018	48,8,10	48,8,10	48,8,10	48,8,10	48,8,10								48,8,10	48,8,10
critter019	48,8,10	48,8,10	48,8,10	48,8,10	48,8,10								48,8,10	48,8,10
critter020	48,8,10	48,8,10	48,8,10	48,8,10	48,8,10								48,8,10	48,8,10
critter021	40,8,20	40,8,20	40,8,20	40,8,20	40,8,20								40,8,20	40,8,20
critter022	40,8,20	40,8,20	40,8,20	40,8,20	40,8,20								40,8,20	40,8,20
critter023	40,8,20	40,8,20	40,8,20	40,8,20	40,8,20								40,8,20	40,8,20
critter024	88,8,54	88,8,54	88,8,54	88,8,54	88,8,54								88,8,54	88,8,54
critter025	96,8,50	96,8,50	96,8,50	96,8,50	96,8,50								96,8,50	96,8,50
critter026	96,8,50	96,8,50	96,8,50	96,8,50	96,8,50								96,8,50	96,8,50
critter027	88,8,56	88,8,56	88,8,56	88,8,56	88,8,56								88,8,56	88,8,56
critter028	72,8,100	72,8,100	72,8,100	72,8,100	72,8,100								72,8,100	72,8,100
critter029	72,8,100	72,8,100	72,8,100	72,8,100	72,8,100								72,8,100	72,8,100
critter030	61,1,122	61,1,122	61,1,122	61,1,122	61,1,122								61,1,122	61,1,122
boss001	80,8,100	80,8,100	80,8,100	64,8,100	64,8,100	64,8,100	64,8,100	64,8,150	128,8,150	128,8,100	160,8,100	160,8,75	80,8,100	64,8,100
boss002	64,8,100	64,8,100	64,8,100	64,8,125	64,8,125	64,8,125	64,8,125	48,8,100	104,8,100	120,8,75	120,8,80	120,8,80	64,8,100	64,8,125
boss005	64,8,100	64,8,100	64,8,100	64,8,100	64,8,100	64,8,100	64,8,100	64,8,100	104,8,100	120,8,100	120,8,100	120,8,100	64,8,100	64,8,100
boss011	40,8,100	40,8,100	40,8,100	88,8,113	88,8,113	88,8,113	88,8,113	40,8,100	64,8,187	128,8,78	96,8,104	96,8,104	40,8,100	88,8,113
boss014	80,8,80	80,8,80	80,8,80	96,8,80	96,8,80	96,8,80	96,8,80	64,8,95	112,8,90	104,8,80	114,8,80	114,8,80	80,8,80	96,8,80
boss015	64,8,125	64,8,125	64,8,125	89,8,90	89,8,90	89,8,90	89,8,90	56,8,71	104,8,76	96,8,83	128,8,78	128,8,78	64,8,125	89,8,90
boss018	64,8,100	64,8,100	64,8,100	112,8,100	112,8,100	112,8,100	112,8,100	64,8,60	104,8,100	104,8,100	88,8,100	88,8,100	64,8,100	112,8,100
boss008	88,8,150	88,8,150	88,8,150	128,8,100	128,8,100	128,8,100	128,8,100	64,8,95	120,8,85	144,8,111	144,8,85	144,8,85	88,8,150	128,8,100
boss012	80,8,125	80,8,125	80,8,125	112,8,107	112,8,107	112,8,107	112,8,107	72,8,138	120,8,100	96,8,104	128,8,109	128,8,109	80,8,125	112,8,107
boss006	64,8,100	64,8,100	64,8,100	64,8,100	64,8,100	64,8,100	64,8,100	64,8,100	120,8,100	120,8,100	120,8,100	120,8,100	64,8,100	64,8,100
enemy195	128,8,62	128,8,62	128,8,62	128,8,46	128,8,46	128,8,46	128,8,46	48,8,100	72,8,111	128,8,62	128,8,62	128,8,62	128,8,62	128,8,46
enemy196	128,8,78	128,8,78	128,8,78	128,8,46	128,8,46	128,8,46	128,8,46	64,8,75	72,8,83	128,8,56	128,8,56	128,8,56	128,8,78	128,8,46
enemy197	4,1,187	4,1,187	4,1,187	4,1,187	4,1,187	4,1,187	4,1,187	4,1,187	4,1,187	4,1,187	4,1,187	4,1,187	4,1,187	4,1,187
enemy198	4,1,250	4,1,250	4,1,250	4,1,250	4,1,250	4,1,250	4,1,250	4,1,250	4,1,250	4,1,250	4,1,250	4,1,250	4,1,250	4,1,250
passerby193	11,1,113	11,1,113	11,1,113										11,1,113	
passerby194	11,1,113	11,1,113	11,1,113										11,1,113	
passerby195	11,1,113	11,1,113	11,1,113										11,1,113	
passerby196	11,1,4	11,1,4	11,1,4	11,1,4	11,1,4	11,1,4	11,1,4	11,1,4	11,1,4	11,1,4	11,1,4	11,1,4	11,1,4	11,1,4
passerby197	18,1,3	18,1,3	18,1,3	18,1,3	18,1,3	18,1,3	18,1,3	18,1,3	18,1,3	18,1,3	18,1,3	18,1,3	18,1,3	18,1,3
passerby198	22,2,100	22,2,100	22,2,100										22,2,100	
passerby199	5,1,160	5,1,160	5,1,160										5,1,160	
passerby200	112,8,75	112,8,75	112,8,75										112,8,75	
enemy199	128,8,62	128,8,62	128,8,62	128,8,62	128,8,62	128,8,62	128,8,62	64,8,93	72,8,111	128,8,62	128,8,62	128,8,62	128,8,62	128,8,62
enemy200	96,8,83	96,8,83	96,8,83	128,8,62	128,8,62	128,8,62	128,8,62	64,8,93	128,8,62	128,8,62	128,8,62	128,8,62	96,8,83	128,8,62
enemy201	96,8,83	96,8,83	96,8,83	128,8,62	128,8,62	128,8,62	128,8,62	64,8,93	72,8,66	136,8,44	136,8,44	136,8,44	96,8,83	128,8,62
enemy202	128,8,46	128,8,46	128,8,46	128,8,46	128,8,46	128,8,46	128,8,46	64,8,112	72,8,111	128,8,78	128,8,78	128,8,78	128,8,46	128,8,46
enemy203	64,8,125	64,8,125	64,8,125	64,8,93	64,8,93	64,8,93	64,8,93	64,8,93	136,8,44	80,8,100	128,8,78	128,8,78	64,8,125	64,8,93
enemy204	80,8,90	80,8,90	80,8,90	120,8,50	120,8,50	120,8,50	120,8,50	56,8,85	144,8,50	128,8,62	120,8,63	120,8,63	80,8,90	120,8,50
enemy205	80,8,100	80,8,100	80,8,100	120,8,100	120,8,100	120,8,100	120,8,100	56,8,71	96,8,83	168,8,47	112,8,64	112,8,64	80,8,100	120,8,100
enemy206	128,8,62	128,8,62	128,8,62	128,8,62	128,8,62	128,8,62	128,8,62	64,8,81	72,8,83	128,8,62	168,8,66	168,8,66	128,8,62	128,8,62
enemy207	128,8,62	128,8,62	128,8,62	128,8,46	128,8,46	128,8,46	128,8,46	48,8,83	136,8,73	136,8,58	136,8,58	136,8,58	128,8,62	128,8,46
enemy208	128,8,62	128,8,62	128,8,62	128,8,62	128,8,62	128,8,62	128,8,62	64,8,93	72,8,111	152,8,78	152,8,78	152,8,78	128,8,62	128,8,62
npc050111001	64,8,125	64,8,125	64,8,125	64,8,125	64,8,125	64,8,125	64,8,125	48,8,166		64,8,125	64,8,125	64,8,125	64,8,125	64,8,125
npc050111002	64,8,93	64,8,93	64,8,93	64,8,125	64,8,125	64,8,125	64,8,125	48,8,125		64,8,125	64,8,125	64,8,125	64,8,93	64,8,125
npc050111003	64,8,93	64,8,93	64,8,93	64,8,125	64,8,125	64,8,125	64,8,125	48,8,125		64,8,125	64,8,125	64,8,125	64,8,93	64,8,125
npc050111004	64,8,125	64,8,125	64,8,125	64,8,125	64,8,125	64,8,125	64,8,125	48,8,125		160,8,50	160,8,50	160,8,50	64,8,125	64,8,125
npc050111005	64,8,125	64,8,125	64,8,125	64,8,125	64,8,125	64,8,125	64,8,125	48,8,125		160,8,75	160,8,75	160,8,75	64,8,125	64,8,125
npc050111006	64,8,125	64,8,125	64,8,125	64,8,125	64,8,125	64,8,125	64,8,125	48,8,125		104,8,76	104,8,76	104,8,76	64,8,125	64,8,125
npc050111007	64,8,125	64,8,125	64,8,125	64,8,125	64,8,125	64,8,125	64,8,125	48,8,150		104,8,76	104,8,76	104,8,76	64,8,125	64,8,125
npc050111008	9,1,166	9,1,166	9,1,166										9,1,166	
npc050111009	16,1,312	16,1,312	16,1,312										16,1,312	
npc050111010	14,1,357	14,1,357	14,1,357										14,1,357	
npc050111011	10,1,250	10,1,250	10,1,250										10,1,250	
npc050111012	16,1,212	16,1,212	16,1,212										16,1,212	
boss003	64,8,150	64,8,150	64,8,150	64,8,100	64,8,100	64,8,100	64,8,100	64,8,100	120,8,100	120,8,100	120,8,100	120,8,100	64,8,150	64,8,100
boss004	64,8,100	64,8,100	64,8,100	64,8,100	64,8,100	64,8,100	64,8,100	64,8,100	112,8,100	120,8,100	144,8,100	144,8,100	64,8,100	64,8,100
boss007	80,8,125	80,8,125	80,8,125	96,8,145	96,8,145	96,8,145	96,8,145	64,8,93	96,8,145	96,8,104	112,8,107	112,8,107	80,8,125	96,8,145
boss009	80,8,100	80,8,100	80,8,100	112,8,100	112,8,100	112,8,100	112,8,100	80,8,50	104,8,100	120,8,100	120,8,80	120,8,80	80,8,100	112,8,100
boss013	80,8,100	80,8,100	80,8,100	112,8,100	112,8,100	112,8,100	112,8,100	64,8,85	128,8,125	160,8,95	144,8,100	144,8,100	80,8,100	112,8,100
boss017	32,8,187	32,8,187	32,8,187	72,8,138	72,8,138	72,8,138	72,8,138	32,8,125	48,8,125	72,8,111	126,8,83	126,8,83	32,8,187	72,8,138
boss019	64,8,125	64,8,125	64,8,125	88,8,90	88,8,90	88,8,90	88,8,90	56,8,71	64,8,125	88,8,113	128,8,62	128,8,62	64,8,125	88,8,90
boss022	64,8,125	64,8,125	64,8,125	64,8,93	64,8,93	64,8,93	64,8,93	80,8,75	128,8,78	64,8,125	192,8,72	192,8,72	64,8,125	64,8,93
boss023	64,8,125	64,8,125	64,8,125	64,8,93	64,8,93	64,8,93	64,8,93	64,8,93	72,8,111	64,8,125	80,8,144	80,8,144	64,8,125	64,8,93
boss024	64,8,125	64,8,125	64,8,125	64,8,93	64,8,93	64,8,93	64,8,93	64,8,75	136,8,58	72,8,100	168,8,66	168,8,66	64,8,125	64,8,93
passerby201	14,1,100	14,1,100	14,1,100										14,1,100	
boss010	112,8,100	112,8,100	112,8,100	104,8,92	104,8,92	104,8,92	104,8,92	48,8,140	112,8,96	128,8,95	120,8,96	120,8,96	112,8,100	104,8,92
passerby202	2,2,10000	2,2,10000	2,2,10000										2,2,10000	
boss016	64,8,125	64,8,125	64,8,125	88,8,93	88,8,93	88,8,93	88,8,93	88,8,93	89,8,90	96,8,125	112,8,144	112,8,144	64,8,125	88,8,93
boss020	64,8,125	64,8,125	64,8,125	120,8,93	120,8,93	120,8,93	120,8,93	64,8,75	88,8,80	88,8,100	88,8,66	88,8,66	64,8,125	120,8,93
boss025	64,8,156	64,8,156	64,8,156	65,8,112	65,8,112	65,8,112	65,8,112	64,8,93	128,8,125	224,8,32	208,8,38	208,8,38	64,8,156	65,8,112
boss026	128,8,78	128,8,78	128,8,78	128,8,46	128,8,46	128,8,46	128,8,46	64,8,93	104,8,96	160,8,87	224,8,44	224,8,44	128,8,78	128,8,46
boss027	128,8,93	128,8,78	128,8,78	128,8,46	128,8,46	128,8,46	128,8,46	128,8,62	80,8,80	128,8,109	144,8,69	144,8,69	128,8,78	128,8,46
boss028	128,8,100	128,8,100	128,8,100	128,8,46	128,8,46	128,8,46	128,8,46	128,8,62	136,8,88	256,8,54	256,8,46	256,8,46	128,8,100	128,8,46
boss029	128,8,100	128,8,100	128,8,100	128,8,46	128,8,46	128,8,46	128,8,46	72,8,100	80,8,120	176,8,72	176,8,72	176,8,72	128,8,100	128,8,46
boss030	112,8,100	112,8,100	112,8,100	88,8,88	88,8,88	88,8,88	88,8,88	48,8,125	120,8,100	88,8,100	88,8,100	88,8,100	112,8,100	88,8,88
boss031	112,8,100	112,8,100	112,8,100	88,8,88	88,8,88	88,8,88	88,8,88	112,8,76	120,8,100	176,8,72	176,8,72	176,8,72	112,8,100	88,8,88
boss032	192,8,80	112,8,100	112,8,100	88,8,88	88,8,88	88,8,88	88,8,88	48,8,125	120,8,100	224,8,32	224,8,32	224,8,32	192,8,80	88,8,88
passerby203	13,1,134	13,1,134	13,1,134											
boss033	64,8,125	64,8,93	64,8,93	64,8,93	64,8,93	64,8,93	64,8,93	48,8,125	72,8,83	224,8,35	224,8,35	224,8,35	64,8,93	64,8,93
boss034	128,8,62	128,8,78	128,8,78	192,8,52	192,8,52	192,8,52	192,8,52	64,8,75	136,8,58	160,8,75	160,8,75	160,8,75	128,8,78	192,8,52
boss035	96,8,75	96,8,75	96,8,75	64,8,93	64,8,93	64,8,93	64,8,93	48,8,125	80,8,100	88,8,113	88,8,113	88,8,113	96,8,75	64,8,93
boss036	128,8,62	128,8,78	128,8,78	128,8,62	128,8,62	128,8,62	128,8,62	112,8,71	80,8,100	192,8,72	192,8,72	192,8,72	128,8,78	128,8,62
boss037	128,8,93	128,8,78	128,8,78	128,8,62	128,8,62	128,8,62	128,8,62	64,8,93	80,8,100	160,8,75	160,8,75	160,8,75	128,8,78	128,8,62
boss038	128,8,50	128,8,62	128,8,62	128,8,46	128,8,46	128,8,46	128,8,46	64,8,112	136,8,52	160,8,62	160,8,62	160,8,62	128,8,62	128,8,46
boss039	64,8,120	64,8,120	64,8,120	64,8,120	64,8,120	64,8,120	64,8,120	48,8,125	72,8,111	224,8,35	224,8,35	224,8,35	64,8,120	64,8,120
boss040	64,8,125	64,8,156	64,8,156	128,8,46	128,8,46	128,8,46	128,8,46	64,8,80	80,8,100	176,8,80	176,8,80	176,8,80	64,8,156	128,8,46
boss041	96,8,125	96,8,125	96,8,125	96,8,125	96,8,125	96,8,125	96,8,125	48,8,125	72,8,111	240,8,41	240,8,41	240,8,41	96,8,125	96,8,125
boss042	128,8,50	128,8,46	128,8,46	128,8,46	128,8,46	128,8,46	128,8,46	64,8,93	136,8,58	160,8,75	160,8,75	160,8,75	128,8,46	128,8,46
passerby204	20,1,100	20,1,100	20,1,100											
passerby205	8,1,187	8,1,187	8,1,187											
passerby206	20,1,100	20,1,100	20,1,100											
passerby207	8,1,187	8,1,187	8,1,187											
boss043	64,8,187	192,8,93	192,8,93	128,8,31	128,8,31	128,8,31	128,8,31	80,8,90	80,8,85	160,8,75	160,8,75	160,8,75	64,8,187	128,8,31
boss044	96,8,83	96,8,62	96,8,62	128,8,46	128,8,46	128,8,46	128,8,46	48,8,83	104,8,69	208,8,38	208,8,38	208,8,38	96,8,62	128,8,46
boss045	128,8,62	128,8,62	128,8,62	128,8,46	128,8,46	128,8,46	128,8,46	48,8,83	72,8,83	192,8,58	192,8,58	192,8,58	128,8,62	128,8,46
ani068	112,8,71	96,8,62	96,8,62	64,8,93	64,8,93	64,8,93	64,8,93	96,8,62	120,8,66	128,8,46	128,8,46	128,8,46	96,8,62	64,8,93
ani069	80,8,100	112,8,71	112,8,71	128,8,62	128,8,62	128,8,62	128,8,62	48,8,83	120,8,66	112,8,71	112,8,71	112,8,71	112,8,71	128,8,62
enemy209	64,8,187	192,8,93	192,8,93	128,8,31	128,8,31	128,8,31	128,8,31	80,8,90	80,8,85	160,8,75	160,8,75	160,8,75	64,8,187	128,8,31
enemy210	64,8,187	192,8,93	192,8,93	128,8,31	128,8,31	128,8,31	128,8,31	80,8,90	80,8,85	160,8,75	160,8,75	160,8,75	64,8,187	128,8,31
enemy211	64,8,187	192,8,93	192,8,93	128,8,31	128,8,31	128,8,31	128,8,31	80,8,90	80,8,85	160,8,75	160,8,75	160,8,75	64,8,187	128,8,31
enemy212	64,8,187	192,8,93	192,8,93	128,8,31	128,8,31	128,8,31	128,8,31	80,8,90	80,8,85	160,8,75	160,8,75	160,8,75	64,8,187	128,8,31
enemy213	128,8,62	128,8,62	128,8,62	128,8,46	128,8,46	128,8,46	128,8,46	48,8,100	72,8,111	128,8,62	128,8,62	128,8,62	128,8,62	128,8,46
enemy214	128,8,62	128,8,62	128,8,62	128,8,46	128,8,46	128,8,46	128,8,46	48,8,100	72,8,111	128,8,62	128,8,62	128,8,62	128,8,62	128,8,46
enemy215	128,8,62	128,8,62	128,8,62	128,8,46	128,8,46	128,8,46	128,8,46	48,8,100	72,8,111	128,8,62	128,8,62	128,8,62	128,8,62	128,8,46
enemy216	128,8,62	128,8,62	128,8,62	128,8,46	128,8,46	128,8,46	128,8,46	48,8,100	72,8,111	128,8,62	128,8,62	128,8,62	128,8,62	128,8,46
enemy217	128,8,75	128,8,75	128,8,75	128,8,46	128,8,46	128,8,46	128,8,46	64,8,75	72,8,83	128,8,56	128,8,56	128,8,56	128,8,75	128,8,46
enemy218	128,8,75	128,8,75	128,8,75	128,8,46	128,8,46	128,8,46	128,8,46	64,8,75	72,8,83	128,8,56	128,8,56	128,8,56	128,8,75	128,8,46
enemy219	128,8,75	128,8,75	128,8,75	128,8,46	128,8,46	128,8,46	128,8,46	64,8,75	72,8,83	128,8,56	128,8,56	128,8,56	128,8,75	128,8,46
enemy220	128,8,75	128,8,75	128,8,75	128,8,46	128,8,46	128,8,46	128,8,46	64,8,75	72,8,83	128,8,56	128,8,56	128,8,56	128,8,75	128,8,46
enemy221	128,8,50	128,8,60	128,8,60	128,8,60	128,8,60	128,8,60	128,8,60	104,8,45	72,8,100	136,8,60	136,8,60	136,8,60	128,8,60	128,8,60
enemy222	128,8,60	128,8,80	128,8,80	96,8,80	96,8,80	96,8,80	96,8,80	64,8,35	128,8,60	104,8,50	104,8,50	104,8,50	128,8,80	96,8,80
enemy223	64,8,125	192,8,166	192,8,166	128,8,46	128,8,46	128,8,46	128,8,46	64,8,75	80,8,75	96,8,66	96,8,66	96,8,66	192,8,166	128,8,46
enemy224	128,8,62	136,8,44	136,8,44	128,8,46	128,8,46	128,8,46	128,8,46	128,8,31	208,8,44	112,8,64	176,8,68	176,8,68	136,8,44	128,8,46
passerby208	1,1,1	1,1,1	1,1,1											
passerby209	1,1,1	1,1,1	1,1,1											
passerby210	1,1,1	1,1,1	1,1,1											
passerby211	1,1,1	1,1,1	1,1,1											
passerby212	1,1,1	1,1,1	1,1,1											
passerby213	1,1,1	1,1,1	1,1,1											
building1	1,1,1	1,1,1	1,1,1											
building2	1,1,1	1,1,1	1,1,1											
building3	1,1,1	1,1,1	1,1,1											
building4	1,1,1	1,1,1	1,1,1											
building5	1,1,1	1,1,1	1,1,1											
building6	1,1,1	1,1,1	1,1,1											
building7	1,1,1	1,1,1	1,1,1											
passerby214	1,1,1	1,1,1	1,1,1											
passerby215	1,1,1	1,1,1	1,1,1											
building8	1,1,1	1,1,1	1,1,1											
building9	1,1,1	1,1,1	1,1,1											
building10	1,1,1	1,1,1	1,1,1											
building11	1,1,1	1,1,1	1,1,1											
building12	1,1,1	1,1,1	1,1,1											
building13	1,1,1	1,1,1	1,1,1											
building14	1,1,1	1,1,1	1,1,1											
building15	1,1,1	1,1,1	1,1,1											
building16	1,1,1	1,1,1	1,1,1											
building17	1,1,1	1,1,1	1,1,1											
building18	1,1,1	1,1,1	1,1,1											
building19	1,1,1	1,1,1	1,1,1											
building20	1,1,1	1,1,1	1,1,1											
building21	1,1,1	1,1,1	1,1,1											
building22	1,1,1	1,1,1	1,1,1											
building23	1,1,1	1,1,1	1,1,1											
building24	1,1,1	1,1,1	1,1,1											
building25	1,1,1	1,1,1	1,1,1											
building26	1,1,1	1,1,1	1,1,1											
building27	1,1,1	1,1,1	1,1,1											
building28	1,1,1	1,1,1	1,1,1											
building29	1,1,1	1,1,1	1,1,1											
building30	1,1,1	1,1,1	1,1,1											
building31	1,1,1	1,1,1	1,1,1											
building32	1,1,1	1,1,1	1,1,1											
building33	1,1,1	1,1,1	1,1,1											
building34	1,1,1	1,1,1	1,1,1											
building35	1,1,1	1,1,1	1,1,1											
boss046	88,8,113	88,8,113	88,8,113	120,8,50	120,8,50	120,8,50	120,8,50	56,8,57	144,8,55	96,8,50	96,8,50	96,8,50	88,8,113	120,8,50
boss047	112,8,80	112,8,80	112,8,80	104,8,60	104,8,60	104,8,60	104,8,60	48,8,66	120,8,80	96,8,83	96,8,83	96,8,83	112,8,80	104,8,60
boss048	112,8,120	112,8,120	112,8,120	96,8,60	96,8,60	96,8,60	96,8,60	48,8,90	112,8,90	96,8,60	96,8,60	96,8,60	112,8,120	96,8,60
boss049	112,8,107	112,8,107	112,8,107	104,8,57	104,8,57	104,8,57	104,8,57	48,8,85	120,8,70	96,8,65	96,8,65	96,8,65	112,8,107	104,8,57
boss050	96,8,83	96,8,83	96,8,83	96,8,62	96,8,62	96,8,62	96,8,62	64,8,50	128,8,78	80,8,90	80,8,90	80,8,90	96,8,83	96,8,62
boss051	96,8,120	96,8,120	96,8,120	88,8,60	88,8,60	88,8,60	88,8,60	64,8,90	120,8,90	104,8,76	104,8,76	104,8,76	96,8,120	88,8,60
boss052	88,8,90	88,8,90	88,8,90	120,8,60	120,8,60	120,8,60	120,8,60	56,8,90	128,8,90	104,8,60	104,8,60	104,8,60	88,8,90	120,8,60
boss053	112,8,120	112,8,120	112,8,120	96,8,60	96,8,60	96,8,60	96,8,60	48,8,90	112,8,90	112,8,90	112,8,90	112,8,90	112,8,120	96,8,60
boss054	96,8,120	96,8,120	96,8,120	120,8,60	120,8,60	120,8,60	120,8,60	64,8,90	88,8,90	128,8,62	128,8,62	128,8,62	96,8,120	120,8,60
boss055	96,8,104	96,8,104	96,8,104	88,8,68	88,8,68	88,8,68	88,8,68	64,8,75	120,8,66	80,8,110	80,8,110	80,8,110	96,8,104	88,8,68
building36	1,1,1	1,1,1	1,1,1											
building37	1,1,1	1,1,1	1,1,1											
item001	8,1,1	8,1,1	8,1,1											
boss056	64,8,120	64,8,120	64,8,120	88,8,68	88,8,68	88,8,68	88,8,68	64,8,62	104,8,100	80,8,100	80,8,100	80,8,100	64,8,120	88,8,68
boss057	64,8,100	64,8,100	64,8,100	120,8,50	120,8,50	120,8,50	120,8,50	64,8,62	136,8,73	80,8,75	56,8,107	56,8,107	64,8,100	120,8,50
item002	7,1,214	7,1,214	7,1,214											
item003	7,1,214	7,1,214	7,1,214											
item004	7,1,214	7,1,214	7,1,214											
item005	7,1,214	7,1,214	7,1,214											
item006	8,1,187	8,1,187	8,1,187											
item007	7,1,214	7,1,214	7,1,214											
boss058	64,8,137	64,8,137	64,8,137	96,8,62	96,8,62	96,8,62	96,8,62	48,8,66	88,8,90	96,8,75	96,8,75	96,8,75	64,8,137	96,8,62
boss059	96,8,65	96,8,65	96,8,65	96,8,62	96,8,62	96,8,62	96,8,62	64,8,62	128,8,90	80,8,75	80,8,75	80,8,75	96,8,65	96,8,62
boss060	96,8,80	96,8,80	96,8,80	96,8,75	96,8,75	96,8,75	96,8,75	48,8,80	88,8,90	96,8,75	96,8,75	96,8,75	96,8,80	96,8,75
boss061	88,8,80	88,8,80	88,8,80	248,8,24	248,8,24	248,8,24	248,8,24	64,8,62	96,8,120	96,8,65	96,8,65	96,8,65	88,8,80	248,8,24
boss062	88,8,80	88,8,80	88,8,80	120,8,60	120,8,60	120,8,60	120,8,60	96,8,90	96,8,90	144,8,70	144,8,70	144,8,70	88,8,80	120,8,60
boss063	88,8,120	88,8,120	88,8,120	120,8,60	120,8,60	120,8,60	120,8,60	72,8,90	104,8,90	128,8,60	128,8,60	128,8,60	88,8,120	120,8,60
boss064	96,8,65	96,8,65	96,8,65	96,8,70	96,8,70	96,8,70	96,8,70	80,8,80	128,8,80	80,8,80	80,8,80	80,8,80	96,8,65	96,8,70
boss065	112,8,120	112,8,120	112,8,120	104,8,60	104,8,60	104,8,60	104,8,60	48,8,120	120,8,90	96,8,80	96,8,80	96,8,80	112,8,120	104,8,60
boss066	112,8,120	112,8,120	112,8,120	96,8,60	96,8,60	96,8,60	96,8,60	48,8,120	112,8,120	112,8,90	112,8,90	112,8,90	112,8,120	96,8,60
boss067	96,8,70	96,8,70	96,8,70	128,8,62	128,8,62	128,8,62	128,8,62	64,8,100	104,8,120	160,8,50	160,8,50	160,8,50	96,8,70	128,8,62
passerby216	1,1,1	1,1,1	1,1,1											
passerby217	8,1,125	8,1,125	8,1,125											
boss068	80,8,95	80,8,95	80,8,95	96,8,70	96,8,70	96,8,70	96,8,70	96,8,62	104,8,130	112,8,60	112,8,62	112,8,60	80,8,95	96,8,70
passerby218	10,1,180	10,1,180	10,1,180											
passerby219	96,8,70	96,8,70	96,8,70	96,8,70	96,8,70	96,8,70	96,8,70	72,8,70	104,8,70	72,8,70	88,8,70	72,8,70	96,8,70	96,8,70
passerby220	88,8,100	88,8,100	88,8,140	96,8,80	96,8,70	96,8,70	96,8,70	64,8,60	64,8,130	112,8,80	80,8,100	112,8,80	80,8,140	96,8,80
passerby221	128,8,59	128,8,59	136,8,41	128,8,43	128,8,43	128,8,43	128,8,43	128,8,28	208,8,36	112,8,60	176,8,68	112,8,60	128,8,59	128,8,43
passerby222	9,1,60	9,1,60	9,1,60											
passerby223	9,1,50	9,1,50	9,1,50											
passerby224	10,1,50	10,1,50	10,1,50											
passerby225	10,1,80	10,1,80	10,1,80											
passerby226	20,1,100	20,1,100	20,1,100											
passerby227	1,1,1	1,1,1	1,1,1											
passerby228	10,1,100	10,1,100	10,1,100											
passerby229	10,1,95	10,1,95	10,1,95											
passerby230	10,1,85	10,1,85	10,1,85											
passerby231	8,1,180	8,1,180	8,1,180											
passerby232	8,1,180	8,1,180	8,1,180											
passerby233	8,1,180	8,1,180	8,1,180											
passerby234	112,8,107	112,8,107	112,8,125											
passerby235	96,8,125	96,8,125	96,8,125											
passerby236	128,8,93	128,8,93	128,8,93											
passerby237	9,1,112	9,1,112	9,1,112											
boss069	64,8,156	64,8,156	64,8,156	128,8,78	128,8,78	128,8,78	128,8,78	72,8,66	152,8,81	216,8,55	216,8,55	216,8,55	64,8,156	128,8,78
boss070	64,8,156	64,8,156	64,8,156	128,8,62	128,8,62	128,8,62	128,8,62	64,8,93	80,8,90	112,8,57	112,8,57	112,8,57	64,8,156	128,8,62
boss071	88,8,90	88,8,90	88,8,90	120,8,120	120,8,120	120,8,120	120,8,120	64,8,50	128,8,68	104,8,57	104,8,57	104,8,57	88,8,90	120,8,120
boss072	96,8,108	96,8,108	96,8,108	120,8,50	120,8,50	120,8,50	120,8,50	64,8,75	88,8,86	128,8,53	128,8,53	128,8,53	96,8,108	120,8,50
boss073	64,8,80	64,8,80	64,8,80	96,8,60	96,8,60	96,8,60	96,8,60	64,8,75	112,8,80	96,8,60	96,8,60	96,8,60	64,8,80	96,8,60
boss074	64,8,120	64,8,120	64,8,120	64,8,120	64,8,120	64,8,120	64,8,120	48,8,140	104,8,120	72,8,100	64,8,120	64,8,120	64,8,120	64,8,120
boss075	64,8,120	64,8,120	64,8,120	64,8,120	64,8,120	64,8,120	64,8,120	48,8,140	104,8,120	72,8,100	64,8,120	64,8,120	64,8,120	64,8,120
boss076	64,8,120	64,8,120	64,8,120	64,8,120	64,8,120	64,8,120	64,8,120	48,8,140	104,8,120	72,8,100	64,8,120	64,8,120	64,8,120	64,8,120
enemy225	128,8,62	136,8,44	136,8,44	128,8,46	128,8,46	128,8,46	128,8,46	128,8,31	208,8,44	112,8,64	176,8,68	176,8,68	136,8,44	128,8,46
passerby238	15,1,100	15,1,100	15,1,100											
passerby239	15,1,100	15,1,100	15,1,100											
enemy226	104,8,120	104,8,120	104,8,120	128,8,160	128,8,160	128,8,160	128,8,160	40,8,120	56,8,100	104,8,120	104,8,120	104,8,120	8,8,120	128,8,160
passerby240	80,8,111	80,8,111	80,8,111	80,8,111	80,8,111	80,8,111	80,8,111	48,8,111	96,8,111	136,8,111	136,8,111	136,8,111	80,8,111	80,8,111
passerby241	96,8,100	96,8,100	96,8,100	96,8,100	96,8,100	96,8,100	96,8,100	56,8,80	80,8,100	80,8,100	80,8,100	80,8,100	96,8,100	96,8,100
enemy227	1,1,1	1,1,1	1,1,1	1,1,1	1,1,1	1,1,1	1,1,1	1,1,1	1,1,1	15,1,50	15,1,50	15,1,50	1,1,1	1,1,1
enemy228	1,1,1	1,1,1	1,1,1	1,1,1	1,1,1	1,1,1	1,1,1	1,1,1	1,1,1	15,1,50	15,1,50	15,1,50	1,1,1	1,1,1
enemy229	1,1,1	1,1,1	1,1,1	1,1,1	1,1,1	1,1,1	1,1,1	1,1,1	1,1,1	15,1,50	15,1,50	15,1,50	1,1,1	1,1,1
enemy230	1,1,1	1,1,1	1,1,1	1,1,1	1,1,1	1,1,1	1,1,1	1,1,1	1,1,1	15,1,50	15,1,50	15,1,50	1,1,1	1,1,1
enemy231	1,1,1	1,1,1	1,1,1	1,1,1	1,1,1	1,1,1	1,1,1	1,1,1	1,1,1	15,1,50	15,1,50	15,1,50	1,1,1	1,1,1
passerby242	1,1,1	1,1,1	1,1,1	1,1,1	1,1,1	1,1,1	1,1,1	1,1,1	1,1,1	1,1,1	1,1,1	1,1,1	1,1,1	1,1,1
passerby243	1,1,1	1,1,1	1,1,1	1,1,1	1,1,1	1,1,1	1,1,1	1,1,1	1,1,1	1,1,1	1,1,1	1,1,1	1,1,1	1,1,1
passerby244	1,1,1	1,1,1	1,1,1	1,1,1	1,1,1	1,1,1	1,1,1	1,1,1	1,1,1	1,1,1	1,1,1	1,1,1	1,1,1	1,1,1
passerby245	1,1,1	1,1,1	1,1,1	1,1,1	1,1,1	1,1,1	1,1,1	1,1,1	1,1,1	1,1,1	1,1,1	1,1,1	1,1,1	1,1,1
passerby246	1,1,1	1,1,1	1,1,1	1,1,1	1,1,1	1,1,1	1,1,1	1,1,1	1,1,1	1,1,1	1,1,1	1,1,1	1,1,1	1,1,1
passerby247	10,1,150	10,1,150	10,1,150	10,1,150	10,1,150	10,1,150	10,1,150	10,1,150	10,1,150	10,1,150	10,1,150	10,1,150	10,1,150	10,1,150
passerby248	10,1,150	10,1,150	10,1,150	10,1,150	10,1,150	10,1,150	10,1,150	10,1,150	10,1,150	10,1,150	10,1,150	10,1,150	10,1,150	10,1,150
passerby249	10,1,150	10,1,150	10,1,150	10,1,150	10,1,150	10,1,150	10,1,150	10,1,150	10,1,150	10,1,150	10,1,150	10,1,150	10,1,150	10,1,150
passerby250	10,1,150	10,1,150	10,1,150	10,1,150	10,1,150	10,1,150	10,1,150	10,1,150	10,1,150	10,1,150	10,1,150	10,1,150	10,1,150	10,1,150
passerby251	1,1,1	1,1,1	1,1,1	1,1,1	1,1,1	1,1,1	1,1,1	1,1,1	1,1,1	1,1,1	1,1,1	1,1,1	1,1,1	1,1,1
passerby252	48,8,160	30,8,100	48,8,160											
boss077	64,8,100	64,8,120	64,8,120	96,8,80	96,8,80	96,8,80	96,8,80	64,8,70	80,8,150	80,8,80	80,8,100	80,8,100	64,8,120	96,8,80
boss078	80,8,100	80,8,100	80,8,100	64,8,100	64,8,100	64,8,100	64,8,100	72,8,80	96,8,100	88,8,100	88,8,100	88,8,100	80,8,100	64,8,100
enemy232	96,8,111	96,8,111	96,8,111	96,8,60	96,8,60	96,8,60	96,8,60	56,8,111	104,8,111	72,8,111	72,8,111	72,8,111	96,8,111	96,8,60
passerby253	88,8,100	88,8,100	128,8,120											
passerby254	28,8,100	28,8,100	28,8,100											
passerby255	1,1,1	1,1,1	1,1,1											
boss079	192,8,111	96,8,111	192,8,111	96,8,111	96,8,111	96,8,111	96,8,111	56,8,111	104,8,111	72,8,111	72,8,111	72,8,111	192,8,111	96,8,111
boss080	192,8,111	96,8,111	64,8,160	96,8,111	96,8,111	96,8,111	96,8,111	56,8,111	104,8,111	72,8,111	72,8,111	72,8,111	64,8,160	96,8,111
boss081	144,8,111	80,8,111	80,8,111	80,8,111	80,8,111	80,8,111	80,8,111	56,8,111	88,8,111	72,8,111	72,8,111	72,8,111	80,8,160	80,8,111
passerby256	1,1,0	1,1,0	1,1,0	1,1,0	1,1,0	1,1,0	1,1,0	1,1,0	1,1,0	1,1,0	1,1,0	1,1,0	1,1,0	1,1,0
passerby257	1,1,0	1,1,0	1,1,0	1,1,0	1,1,0	1,1,0	1,1,0	1,1,0	1,1,0	1,1,0	1,1,0	1,1,0	1,1,0	1,1,0
npc090216001	1,1,0	1,1,0	1,1,0											
npc090216002	10,1,80	10,1,80	10,1,80											
passerby258	15,1,111	15,1,111	15,1,111											
passerby259	15,1,111	15,1,111	15,1,111											
passerby260	15,1,111	15,1,111	15,1,111											
passerby261	15,1,111	15,1,111	15,1,111											
passerby262	15,1,111	15,1,111	15,1,111											
passerby263	15,1,111	15,1,111	15,1,111											
passerby264	1,1,0	1,1,0	1,1,0											
passerby265	1,1,0	1,1,0	1,1,0											
passerby266	1,1,0	1,1,0	1,1,0											
passerby267	1,1,0	1,1,0	1,1,0											
passerby268	1,1,0	1,1,0	1,1,0											
passerby269	1,1,0	1,1,0	1,1,0											
passerby270	1,1,0	1,1,0	1,1,0											
passerby271	1,1,0	1,1,0	1,1,0											
passerby272	1,1,0	1,1,0	1,1,0											
passerby273	1,1,0	1,1,0	1,1,0											
passerby274	1,1,0	1,1,0	1,1,0											
passerby275	1,1,0	1,1,0	1,1,0											
passerby276	1,1,0	1,1,0	1,1,0											
passerby277	1,1,0	1,1,0	1,1,0											
passerby278	1,1,0	1,1,0	1,1,0											
passerby279	1,1,0	1,1,0	1,1,0											
passerby280	1,1,0	1,1,0	1,1,0											
passerby281	1,1,0	1,1,0	1,1,0											
passerby282	1,1,0	1,1,0	1,1,0											
passerby283	1,1,0	1,1,0	1,1,0											
passerby284	64,8,200	64,8,200	64,8,200	96,8,90	96,8,90	96,8,90	96,8,90	48,8,80	104,8,100	96,8,70	96,8,70	96,8,70	64,8,200	96,8,90
passerby285	8,8,300	8,8,300	8,8,300	192,8,30	192,8,30	192,8,30	192,8,30	80,8,30	136,8,50	128,8,60	128,8,60	128,8,90	8,8,300	192,8,30
passerby286	9,1,150	9,1,150	9,1,150	9,1,150	9,1,150	9,1,150	9,1,150	9,1,150	9,1,150	9,1,150	9,1,150	9,1,150	9,1,150	9,1,150
passerby287	9,1,150	9,1,200	9,1,150											
passerby288	9,1,150	9,1,200	9,1,150											
passerby289	9,1,150	9,1,200	9,1,150											
passerby290	9,1,150	9,1,150	9,1,150											
passerby291	9,1,150	9,1,150	9,1,150											
passerby292	15,1,99	15,1,99	15,1,99											
passerby293	15,1,111	15,1,111	15,1,111											
passerby294	15,1,100	15,1,100	15,1,100											
passerby295	15,1,100	15,1,100	15,1,100											
passerby296	64,8,100	64,8,100	64,8,100											
passerby297	1,1,0	1,1,0	1,1,0											
passerby298	1,1,0	1,1,0	1,1,0											
passerby299	1,1,0	1,1,0	1,1,0											
passerby300	1,1,0	1,1,0	1,1,0											
passerby301	1,1,0	1,1,0	1,1,0											
passerby302	1,1,0	1,1,0	1,1,0											
passerby303	1,1,0	1,1,0	1,1,0											
passerby304	8,1,278	8,1,278	8,1,278											
passerby305	8,1,278	8,1,278	8,1,278											
passerby306	128,8,70	128,8,60	128,8,70	128,8,40	128,8,40	128,8,40	128,8,40	40,8,50	144,8,50	144,8,50	128,8,40	128,8,40	128,8,60	128,8,40
passerby307	80,8,60	80,8,50	80,8,50	80,8,50	80,8,50	80,8,50	80,8,50	40,8,50	104,8,60	104,8,60	104,8,50	104,8,50	80,8,50	80,8,50
passerby308	96,8,60	96,8,80	96,8,80	120,8,50	120,8,50	120,8,50	120,8,50	40,8,40	120,8,80	120,8,80	120,8,50	120,8,50	96,8,80	120,8,50
passerby309	96,8,90	96,8,90	112,8,100											
passerby310	128,8,90	128,8,90	128,8,80											
passerby311	88,8,80	88,8,80	128,8,100											
passerby312	88,8,80	88,8,80	128,8,100											
passerby313	1,1,1	1,1,1	1,1,1											
passerby314	1,1,1	1,1,1	1,1,1											
passerby315	1,1,1	1,1,1	1,1,1											
passerby316	1,1,1	1,1,1	1,1,1											
passerby317	1,1,1	1,1,1	1,1,1											
passerby318	10,1,250	10,1,250	10,1,250											
passerby319	96,8,80	96,8,90	96,8,90	96,8,80	96,8,80	96,8,80	96,8,80	48,8,80	128,8,80	96,8,80	120,8,80	120,8,80	96,8,90	96,8,80
passerby320	64,8,90	80,8,95	80,8,95	128,8,83	128,8,83	128,8,83	128,8,83	48,8,100	112,8,90	128,8,60	128,8,60	128,8,60	80,8,95	128,8,83
passerby321	15,1,56	15,1,56	15,1,56											
passerby322	15,1,56	15,1,56	15,1,56											
passerby323	96,8,80	96,8,80	96,8,90	128,8,65	128,8,65	128,8,65	128,8,65	64,8,75	136,8,88	128,8,90	128,8,90	128,8,90	96,8,90	128,8,65
passerby324	96,8,60	96,8,60	128,8,120	128,8,63	128,8,63	128,8,63	128,8,63	80,8,60	280,8,90	160,8,63	136,8,63	136,8,63	128,8,120	128,8,63
passerby325	19,1,100	19,1,100	19,1,100											
passerby326	1,1,0	1,1,0	1,1,0											
passerby327	1,1,0	1,1,0	1,1,0											
passerby328	1,1,0	1,1,0	1,1,0											
passerby329	1,1,0	1,1,0	1,1,0											
passerby330	1,1,0	1,1,0	1,1,0											
passerby331	1,1,0	1,1,0	1,1,0											
passerby332	1,1,0	1,1,0	1,1,0											
passerby333	1,1,0	1,1,0	1,1,0											
passerby334	96,8,80	96,8,80	80,8,90	128,8,50	128,8,50	128,8,50	128,8,50	64,8,50	104,8,70	128,8,66	128,8,70	128,8,70	80,8,90	128,8,50
passerby335	96,8,100	96,8,100	96,8,120	80,8,80	80,8,80	80,8,80	80,8,80	56,8,60	96,8,70	128,8,50	192,8,50	192,8,50	96,8,120	80,8,80
passerby336	144,8,70	144,8,70	144,8,70											
passerby337	64,8,120	64,8,120	64,8,120	64,8,110	64,8,110	64,8,110	64,8,110	48,8,100	120,8,100	96,8,110	120,8,100	120,8,100	64,8,120	64,8,110
passerby338	128,8,60	128,8,80	128,8,80	128,8,60	128,8,60	128,8,60	128,8,60	128,8,40	96,8,60	88,8,60	88,8,60	88,8,60	128,8,80	128,8,60
passerby339	1,1,0	1,1,0	1,1,0											
yanhua	23,1,200	23,1,200	23,1,200											
passerby_wulin	10,1,100	10,1,100	10,1,100											
passerby_mengzhu	112,8,130	112,8,130	112,8,130											
passerby_jianfeng	64,8,120	64,8,140	64,8,140	64,8,120	64,8,120	64,8,120	64,8,120	48,8,100	136,8,120	80,8,120	128,8,120	128,8,120	64,8,140	64,8,120
passerby_yunxia	128,8,56	128,8,56	128,8,56	128,8,56	128,8,56	128,8,56	128,8,56	48,8,111	80,8,80	128,8,70	128,8,70	128,8,70	128,8,56	128,8,56
passerby_qixiyanhuo	40,1,60	40,1,60	40,1,60											
boss082	64,8,85	64,8,96	64,8,96	64,8,111	64,8,111	64,8,111	64,8,111	48,8,75	120,8,80	96,8,95	120,8,90	96,8,95	64,8,96	64,8,111
passerby_light_a	1,1,1	1,1,1	1,1,1											
passerby_light_b	1,1,1	1,1,1	1,1,1											
passerby_henge_a	96,8,100	96,8,100	96,8,100											
passerby_henge_b	96,8,100	96,8,100	96,8,100											
passerby_henge_c	96,8,100	96,8,100	96,8,100											
obj_herb_001	1,1,0	1,1,0	1,1,0											
obj_herb_002	1,1,0	1,1,0	1,1,0											
obj_herb_003	1,1,0	1,1,0	1,1,0											
obj_herb_004	1,1,0	1,1,0	1,1,0											
passerby_yuandan	1,1,0	1,1,0	1,1,0											
obj_jiejing_shui	8,1,100	8,1,100	8,1,100											
enemy047x	80,8,1	80,8,1	136,8,1	112,8,1	112,8,1	112,8,1	112,8,1	48,8,1	120,8,1	120,8,1	120,8,1	120,8,1	136,8,1	112,8,1
passerby_jiuzhuo	1,1,0	1,1,0	1,1,0											
boss083	72,8,60	80,8,50	80,8,50	128,8,17	128,8,17	128,8,17	128,8,17	48,8,60	56,8,70	88,8,50	88,8,40	88,8,40	80,8,50	128,8,17
boss084	96,8,80	96,8,120	96,8,120	128,8,80	128,8,80	128,8,80	128,8,80	56,8,56	96,8,80	120,8,56	88,8,120	88,8,120	96,8,120	128,8,80
boss085	64,8,60	112,8,50	112,8,50	112,8,50	112,8,50	112,8,50	112,8,50	48,8,80	104,8,80	64,8,60	80,8,90	80,8,90	112,8,50	112,8,50
boss086	128,8,50	128,8,60	128,8,60	128,8,60	128,8,60	128,8,60	128,8,60	96,8,66	136,8,70	128,8,65	128,8,90	128,8,90	128,8,60	128,8,60
boss087	128,8,68	128,8,88	128,8,88	128,8,64	128,8,64	128,8,64	128,8,64	64,8,66	152,8,60	128,8,64	176,8,66	176,8,66	128,8,88	128,8,64
passerby340_jin	1,1,1	1,1,1	1,1,1	1,1,1	1,1,1	1,1,1	1,1,1	1,1,1	1,1,1	1,1,1	1,1,1	1,1,1	1,1,1	1,1,1
passerby340_mu	1,1,1	1,1,1	1,1,1	1,1,1	1,1,1	1,1,1	1,1,1	1,1,1	1,1,1	1,1,1	1,1,1	1,1,1	1,1,1	1,1,1
passerby340_shui	1,1,1	1,1,1	1,1,1	1,1,1	1,1,1	1,1,1	1,1,1	1,1,1	1,1,1	1,1,1	1,1,1	1,1,1	1,1,1	1,1,1
passerby340_huo	1,1,1	1,1,1	1,1,1	1,1,1	1,1,1	1,1,1	1,1,1	1,1,1	1,1,1	1,1,1	1,1,1	1,1,1	1,1,1	1,1,1
passerby340_tu	1,1,1	1,1,1	1,1,1	1,1,1	1,1,1	1,1,1	1,1,1	1,1,1	1,1,1	1,1,1	1,1,1	1,1,1	1,1,1	1,1,1
passerby341_jin	1,1,1	1,1,1	1,1,1	1,1,1	1,1,1	1,1,1	1,1,1	1,1,1	1,1,1	1,1,1	1,1,1	1,1,1	1,1,1	1,1,1
passerby341_mu	1,1,1	1,1,1	1,1,1	1,1,1	1,1,1	1,1,1	1,1,1	1,1,1	1,1,1	1,1,1	1,1,1	1,1,1	1,1,1	1,1,1
passerby341_shui	1,1,1	1,1,1	1,1,1	1,1,1	1,1,1	1,1,1	1,1,1	1,1,1	1,1,1	1,1,1	1,1,1	1,1,1	1,1,1	1,1,1
passerby341_huo	1,1,1	1,1,1	1,1,1	1,1,1	1,1,1	1,1,1	1,1,1	1,1,1	1,1,1	1,1,1	1,1,1	1,1,1	1,1,1	1,1,1
passerby341_tu	1,1,1	1,1,1	1,1,1	1,1,1	1,1,1	1,1,1	1,1,1	1,1,1	1,1,1	1,1,1	1,1,1	1,1,1	1,1,1	1,1,1
passerby342	10,1,100	10,1,100	10,1,100	10,1,100	10,1,100	10,1,100	10,1,100	10,1,100	1,1,0	10,1,100	10,1,100	10,1,100	10,1,100	10,1,100
passerby343	10,1,120	10,1,120	10,1,120	10,1,120	10,1,120	10,1,120	10,1,120	10,1,120	1,1,0	10,1,120	10,1,120	10,1,120	10,1,120	10,1,120
passerby344	1,1,1	1,1,1	1,1,1											
passerby345	96,8,90	80,8,90	80,8,90	128,8,60	128,8,60	128,8,60	128,8,60	64,8,60	104,8,90	128,8,60	128,8,80	128,8,80	80,8,90	128,8,60
passerby346	96,8,90	96,8,100	96,8,100	80,8,80	80,8,80	80,8,80	80,8,80	56,8,80	96,8,80	128,8,60	192,8,60	192,8,60	96,8,100	80,8,80
passerby347	128,8,68	128,8,88	128,8,88	128,8,64	128,8,64	128,8,64	128,8,64	64,8,66	152,8,60	128,8,64	176,8,66	176,8,66	128,8,88	128,8,64
boss088	128,8,60	128,8,90	128,8,90	128,8,60	128,8,60	128,8,60	128,8,60	64,8,56	128,8,65	112,8,70	128,8,70	128,8,70	128,8,90	128,8,60
boss089	128,8,60	128,8,90	128,8,90	128,8,60	128,8,60	128,8,60	128,8,60	64,8,56	128,8,65	112,8,70	128,8,70	128,8,70	128,8,90	128,8,60
boss090	128,8,60	128,8,90	128,8,90	128,8,60	128,8,60	128,8,60	128,8,60	64,8,56	128,8,65	112,8,70	128,8,70	128,8,70	128,8,90	128,8,60
boss091	128,8,60	128,8,90	128,8,90	128,8,60	128,8,60	128,8,60	128,8,60	64,8,56	128,8,65	112,8,70	128,8,70	128,8,70	128,8,90	128,8,60
boss092	80,8,120	80,8,160	80,8,160	80,8,120	80,8,120	80,8,120	80,8,120	80,8,60	96,8,120	128,8,60	128,8,70	128,8,70	80,8,160	80,8,120
passerby348	80,8,80	80,8,100	80,8,100	128,8,80	128,8,80	128,8,80	128,8,80	40,8,65	128,8,70	120,8,65	120,8,65	120,8,65	80,8,100	128,8,80
passerby349	96,8,80	96,8,90	96,8,90	128,8,80	128,8,80	128,8,80	128,8,80	48,8,65	136,8,70	104,8,70	128,8,80	128,8,80	96,8,90	128,8,80
passerby350	1,1,1	1,1,1	1,1,1											
passerby351	1,1,1	1,1,1	1,1,1											
passerby352	112,8,80	112,8,80	112,8,80											
passerby353	1,1,1	1,1,1	1,1,1											
passerby354a	1,1,1	1,1,1	1,1,1											
passerby354b	1,1,1	1,1,1	1,1,1											
passerby354c	1,1,1	1,1,1	1,1,1											
passerby354d	1,1,1	1,1,1	1,1,1											
passerby354e	1,1,1	1,1,1	1,1,1											
passerby354f	1,1,1	1,1,1	1,1,1											
passerby354g	1,1,1	1,1,1	1,1,1											
passerby354h	1,1,1	1,1,1	1,1,1											
passerby354i	1,1,1	1,1,1	1,1,1											
passerby354j	1,1,1	1,1,1	1,1,1											
passerby354k	1,1,1	1,1,1	1,1,1											
passerby354l	1,1,1	1,1,1	1,1,1											
passerby354m	1,1,1	1,1,1	1,1,1											
passerby354n	1,1,1	1,1,1	1,1,1											
passerby354o	1,1,1	1,1,1	1,1,1											
passerby354p	1,1,1	1,1,1	1,1,1											
passerby354q	1,1,1	1,1,1	1,1,1											
passerby354r	1,1,1	1,1,1	1,1,1											
passerby354s	1,1,1	1,1,1	1,1,1											
passerby354t	1,1,1	1,1,1	1,1,1											
boss093	128,8,100	128,8,120	128,8,120	96,8,60	96,8,60	96,8,60	96,8,60	48,8,60	104,8,100	96,8,80	96,8,90	96,8,90	128,8,120	96,8,60
passerby355a	1,1,1	1,1,1	1,1,1											
passerby355b	1,1,1	1,1,1	1,1,1											
passerby355c	1,1,1	1,1,1	1,1,1											
passerby356	17,1,80	17,1,80	17,1,80											
boss094	96,8,72	96,8,120	96,8,120	128,8,66	128,8,66	128,8,66	128,8,66	64,8,66	96,8,90	112,8,66	96,8,66	96,8,66	96,8,120	128,8,66
boss095	96,8,120	96,8,120	96,8,120	128,8,60	128,8,60	128,8,60	128,8,60	64,8,66	120,8,66	192,8,60	112,8,66	112,8,66	96,8,120	128,8,60
boss096	96,8,120	96,8,120	96,8,120	96,8,66	96,8,66	96,8,66	96,8,66	56,8,60	104,8,66	104,8,66	104,8,66	104,8,66	96,8,120	96,8,66
passerby357	1,1,1	1,1,1	1,1,1											
passerby358	1,1,1	1,1,1	1,1,1											
passerby359	88,8,66	88,8,120	88,8,120	88,8,88	88,8,88	88,8,88	88,8,88	56,8,56	104,8,88	80,8,80	88,8,65	88,8,65	88,8,120	88,8,88
passerby360	96,8,90	96,8,90	96,8,90	96,8,90	96,8,90	96,8,90	96,8,90	72,8,70	88,8,120	96,8,70	88,8,80	88,8,80	96,8,90	96,8,90
boss097	80,8,160	80,8,160	80,8,160	88,8,90	88,8,90	88,8,90	88,8,90	40,8,50	104,8,65	96,8,55	128,8,50	128,8,50	80,8,160	88,8,90
enemy233	128,8,60	64,8,120	64,8,120	128,8,40	128,8,40	128,8,40	128,8,40	64,8,60	128,8,60	128,8,60	128,8,60	128,8,60	64,8,120	128,8,40
enemy234	112,8,66	112,8,120	112,8,120	128,8,120	128,8,120	128,8,120	128,8,120	48,8,66	128,8,30	112,8,60	128,8,66	128,8,66	112,8,120	128,8,120
enemy235	80,8,80	80,8,120	80,8,120	80,8,66	80,8,66	80,8,66	80,8,66	64,8.60	104,8,66	88,8,80	80,8.80	80,8.80	80,8,120	80,8,66
enemy236	112,8,66	112,8,120	112,8,120	128,8,120	128,8,120	128,8,120	128,8,120	48,8,66	128,8,30	112,8,60	128,8,66	128,8,66	112,8,120	128,8,120
enemy237	80,8,80	80,8,120	80,8,120	80,8,66	80,8,66	80,8,66	80,8,66	64,8.60	104,8,66	88,8,80	80,8.80	80,8.80	80,8,120	80,8,66
enemy238	96,8,66	96,8,80	96,8,80	96,8,66	96,8,66	96,8,66	96,8,66	56,8,66	112,8,66	96,8,66	120,8,66	120,8,66	96,8,80	96,8,66
enemy239	128,8,60	64,8,120	64,8,120	128,8,40	128,8,40	128,8,40	128,8,40	64,8,60	128,8,60	128,8,60	128,8,60	128,8,60	64,8,120	128,8,40
enemy240	128,8,60	64,8,120	64,8,120	128,8,40	128,8,40	128,8,40	128,8,40	64,8,60	128,8,60	128,8,60	128,8,60	128,8,60	64,8,120	128,8,40
boss098	8,8,1	8,8,1	8,8,1	8,8,1	8,8,1	8,8,1	8,8,1	8,8,1	8,8,1	112,8,80	112,8,80	112,8,80	8,8,1	8,8,1
enemy241	96,8,120	96,8,120	96,8,120	96,8,88	96,8,88	96,8,88	96,8,88	96,8,120	104,8,80				96,8,120	96,8,88
passerby361	1,1,1	1,1,1	1,1,1											
passerby362	1,1,1	1,1,1	1,1,1											
boss099	20,1,60	20,1,60	20,1,60											
enemy242	96,8,120	96,8,90	96,8,90	128,8,80	128,8,80	128,8,80	128,8,80	72,8,66	104,8,66	96,8,66	104,8,66	104,8,66	96,8,90	128,8,80
passerby363	112,8,120	112,8,120	112,8,120											
passerby364	1,1,1	1,1,1	1,1,1											
boss119		128,8,60	128,8,60		184,8,50		128,8,40							
boss120		128,8,65	128,8,65		120,8,55		120,8,45							
boss121		136,8,1	136,8,1		136,8,44		152,8,42							
boss122		160,8,132	160,8,132		128,8,119		128,8,98							
boss123		96,8,120	96,8,120		96,8,90		80,8,90							
boss124		96,8,100	96,8,100		128,8,70		128,8,63							
boss125		96,8,65	96,8,65		96,8,50		96,8,45							
boss126		136,8,60	136,8,60		136,8,44		152,8,32							
passerby365	144,8,99	144,8,99	144,8,99											
passerby366	1,1,1	1,1,1	1,1,1											
passerby367	7,1,135	7,1,135												
passerby368	1,1,1	1,1,1	1,1,1											
passerby369	144,8,90	144,8,90	144,8,90											
boss127	128,8,42	128,8,42	128,8,54	96,8,65	96,8,65	96,8,65	96,8,65	96,8,65	104,8,50	128,8,48	128,8,48	128,8,48	128,8,54	96,8,65
boss128	128,8,48	128,8,48	144,8,50	128,8,50	128,8,50	128,8,50	128,8,50	128,8,50	104,8,60	136,8,50	120,8,50	120,8,50	144,8,50	128,8,50
boss102	128,8,120	144,8,120	144,8,120	144,8,60	144,8,60	144,8,60	144,8,60	64,8,60	160,8,60	144,8,56	160,8,60	160,8,60	144,8,120	144,8,60
boss103	128,8,120	128,8,120	128,8,120	128,8,60	128,8,60	128,8,60	128,8,60	72,8,60	120,8,72	128,8,60	160,8,60	160,8,60	128,8,120	128,8,60
boss106	104,8,120	104,8,120	104,8,120	128,8,66	128,8,66	128,8,66	128,8,66	72,8,66	144,8,66	136,8,66	128,8,66	128,8,66	104,8,120	128,8,66
boss107	128,8,100	160,8,120	160,8,120	128,8,60	128,8,60	128,8,60	128,8,60	64,8,60	160,8,66	128,8,60	160,8,66	160,8,66	160,8,120	128,8,60
boss109	128,8,66	128,8,90	128,8,90	128,8,60	128,8,60	128,8,60	128,8,60	88,8,48	104,8,72	120,8,48	120,8,60	120,8,60	128,8,90	128,8,60
boss110	128,8,90	144,8,132	144,8,132	128,8,60	128,8,60	128,8,60	128,8,60	80,8,60	128,8,42	128,8,42	128,8,48	128,8,48	144,8,132	128,8,60
boss112	136,8,66	136,8,90	136,8,90	128,8,60	128,8,60	128,8,60	128,8,60	72,8,48	200,8,60	168,8,36	176,8,36	176,8,36	136,8,90	128,8,60
boss113	96,8,90	96,8,132	96,8,132	96,8,90	96,8,90	96,8,90	96,8,90	64,8,48	104,8,66	112,8,66	64,8,66	64,8,66	96,8,132	96,8,90
boss116	128,8,90	128,8,90	128,8,90	128,8,60	128,8,60	128,8,60	128,8,60	72,8,60	176,8,66	112,8,60	112,8,60	112,8,60	128,8,90	128,8,60
boss118	128,8,66	128,8,66	128,8,66	128,8,66	128,8,66	128,8,66	128,8,66	64,8,42	136,8,42	128,8,33	128,8,42	128,8,42	128,8,66	128,8,66
