×°±¸Ãû³Æ	¿ÕÊÖÕ¾Á¢1	¿ÕÊÖÕ¾Á¢2	¿ÕÊÖÕ¾Á¢3	¶ÌÎäÆ÷Õ¾Á¢	³¤ÎäÆ÷Õ¾Á¢	Ë«ÎäÆ÷Õ¾Á¢	¿ÕÊÖ×ßÂ·	ÆÕÍ¨×ßÂ·	¶ÌÎäÆ÷×ßÂ·	³¤ÎäÆ÷×ßÂ·	Ë«ÎäÆ÷×ßÂ·	¿ÕÊÖÅÜ²½	ÆÕÍ¨ÅÜ²½	¶ÌÎäÆ÷ÅÜ²½	³¤ÎäÆ÷ÅÜ²½	Ë«ÎäÆ÷ÅÜ²½	¿ÕÊÖÊÜÉË	¶ÌÎäÆ÷ÊÜÉË	³¤ÎäÆ÷ÊÜÉË	Ë«ÎäÆ÷ÊÜÉË	¿ÕÊÖËÀÍö	¶ÌÎäÆ÷ËÀÍö	³¤ÎäÆ÷ËÀÍö	Ë«ÎäÆ÷ËÀÍö	¿ÕÊÖ¹¥»÷	¶ÌÎäÆ÷´Ì	¶ÌÎäÆ÷¿³	³¤ÎäÆ÷´Á	³¤ÎäÆ÷Åü	Ë«ÎäÆ÷»®	Ë«ÎäÆ÷ÔÒ	°µÆ÷Í¶ÖÀ	¿ÕÊÖÄ§·¨	¶ÌÎäÆ÷Ä§·¨	³¤ÎäÆ÷Ä§·¨	Ë«ÎäÆ÷Ä§·¨	´ò×ø	ÌøÔ¾	ÆïÂíÕ¾Á¢	ÆïÂí×ß¶¯	ÆïÂíÅÜ²½	ÆïÂí¹¥»÷Åü	ÆïÂí¹¥»÷´Ì	ÆïÂíÄ§·¨	ÆïÂíÊÜÉË	ÆïÂíËÀÍö	ÆïÂíÕ¾Á¢1	ÆïÂíÕ¾Á¢2
Tay kh«ng	120,8,1	120,8,1	88,8,1				120,8,1	120,8,1				88,8,1	88,8,1				72,8,1				96,8,1				144,8,1							128,8,1	96,8,1				72,8,1	160,8,1	112,8,1	96,8,1	80,8,1	96,8,1	112,8,1	96,8,1	48,8,1	112,8,1	112,8,1	112,8,1
®¬n thñ kiÕm 1	120,8,1	120,8,1	88,8,1	88,8,1			120,8,1	120,8,1	120,8,1			88,8,1	88,8,1	88,8,1			72,8,1	64,8,1			96,8,1	88,8,1			144,8,1	128,8,1	112,8,1						96,8,1	96,8,1			72,8,1	160,8,1	112,8,1	96,8,1	80,8,1	96,8,1	112,8,1	96,8,1	48,8,1	112,8,1	112,8,1	112,8,1
®¬n thñ kiÕm 2	120,8,1	120,8,1	88,8,1	88,8,1			120,8,1	120,8,1	120,8,1			88,8,1	88,8,1	88,8,1			72,8,1	64,8,1			96,8,1	88,8,1			144,8,1	128,8,1	112,8,1						96,8,1	96,8,1			72,8,1	160,8,1	112,8,1	96,8,1	80,8,1	96,8,1	112,8,1	96,8,1	48,8,1	112,8,1	112,8,1	112,8,1
®¬n thñ kiÕm 3	120,8,1	120,8,1	88,8,1	88,8,1			120,8,1	120,8,1	120,8,1			88,8,1	88,8,1	88,8,1			72,8,1	64,8,1			96,8,1	88,8,1			144,8,1	128,8,1	112,8,1						96,8,1	96,8,1			72,8,1	160,8,1	112,8,1	96,8,1	80,8,1	96,8,1	112,8,1	96,8,1	48,8,1	112,8,1	112,8,1	112,8,1
®¬n thñ ®ao 1	120,8,1	120,8,1	88,8,1	88,8,1			120,8,1	120,8,1	120,8,1			88,8,1	88,8,1	88,8,1			72,8,1	64,8,1			96,8,1	88,8,1			144,8,1	128,8,1	112,8,1						96,8,1	96,8,1			72,8,1	160,8,1	112,8,1	96,8,1	80,8,1	96,8,1	112,8,1	96,8,1	48,8,1	112,8,1	112,8,1	112,8,1
®¬n thñ ®ao 2	120,8,1	120,8,1	88,8,1	88,8,1			120,8,1	120,8,1	120,8,1			88,8,1	88,8,1	88,8,1			72,8,1	64,8,1			96,8,1	88,8,1			144,8,1	128,8,1	112,8,1						96,8,1	96,8,1			72,8,1	160,8,1	112,8,1	96,8,1	80,8,1	96,8,1	112,8,1	96,8,1	48,8,1	112,8,1	112,8,1	112,8,1
®¬n thñ ®ao 3	120,8,1	120,8,1	88,8,1	88,8,1			120,8,1	120,8,1	120,8,1			88,8,1	88,8,1	88,8,1			72,8,1	64,8,1			96,8,1	88,8,1			144,8,1	128,8,1	112,8,1						96,8,1	96,8,1			72,8,1	160,8,1	112,8,1	96,8,1	80,8,1	96,8,1	112,8,1	96,8,1	48,8,1	112,8,1	112,8,1	112,8,1
Lo¹i tr­êng th­¬ng 1	120,8,1	120,8,1	88,8,1		88,8,1		120,8,1	120,8,1		120,8,1		88,8,1	88,8,1		88,8,1		72,8,1		56,8,1		96,8,1		120,8,1		144,8,1			96,8,1	96,8,1				96,8,1		104,8,1		72,8,1	160,8,1	112,8,1	96,8,1	80,8,1	96,8,1	112,8,1	96,8,1	48,8,1	112,8,1	112,8,1	112,8,1
Lo¹i tr­êng th­¬ng 2	120,8,1	120,8,1	88,8,1		88,8,1		120,8,1	120,8,1		120,8,1		88,8,1	88,8,1		88,8,1		72,8,1		56,8,1		96,8,1		120,8,1		144,8,1			96,8,1	96,8,1				96,8,1		104,8,1		72,8,1	160,8,1	112,8,1	96,8,1	80,8,1	96,8,1	112,8,1	96,8,1	48,8,1	112,8,1	112,8,1	112,8,1
Lo¹i tr­êng th­¬ng 3	120,8,1	120,8,1	88,8,1		88,8,1		120,8,1	120,8,1		120,8,1		88,8,1	88,8,1		88,8,1		72,8,1		56,8,1		96,8,1		120,8,1		144,8,1			96,8,1	96,8,1				96,8,1		104,8,1		72,8,1	160,8,1	112,8,1	96,8,1	80,8,1	96,8,1	112,8,1	96,8,1	48,8,1	112,8,1	112,8,1	112,8,1
Lo¹i tr­êng c«n 1	120,8,1	120,8,1	88,8,1		88,8,1		120,8,1	120,8,1		120,8,1		88,8,1	88,8,1		88,8,1		72,8,1		56,8,1		96,8,1		120,8,1		144,8,1			96,8,1	96,8,1				96,8,1		104,8,1		72,8,1	160,8,1	112,8,1	96,8,1	80,8,1	96,8,1	112,8,1	96,8,1	48,8,1	112,8,1	112,8,1	112,8,1
Lo¹i tr­êng c«n 2	120,8,1	120,8,1	88,8,1		88,8,1		120,8,1	120,8,1		120,8,1		88,8,1	88,8,1		88,8,1		72,8,1		56,8,1		96,8,1		120,8,1		144,8,1			96,8,1	96,8,1				96,8,1		104,8,1		72,8,1	160,8,1	112,8,1	96,8,1	80,8,1	96,8,1	112,8,1	96,8,1	48,8,1	112,8,1	112,8,1	112,8,1
Lo¹i tr­êng c«n 3	120,8,1	120,8,1	88,8,1		88,8,1		120,8,1	120,8,1		120,8,1		88,8,1	88,8,1		88,8,1		72,8,1		56,8,1		96,8,1		120,8,1		144,8,1			96,8,1	96,8,1				96,8,1		104,8,1		72,8,1	160,8,1	112,8,1	96,8,1	80,8,1	96,8,1	112,8,1	96,8,1	48,8,1	112,8,1	112,8,1	112,8,1
Lo¹i Song kiÕm 1	120,8,1	120,8,1	88,8,1			88,8,1	120,8,1	120,8,1			120,8,1	88,8,1	88,8,1			88,8,1	72,8,1			96,8,1	96,8,1			144,8,1	144,8,1					128,8,1	96,8,1		96,8,1			128,8,1	72,8,1	160,8,1	112,8,1	96,8,1	80,8,1	96,8,1	112,8,1	96,8,1	48,8,1	112,8,1	112,8,1	112,8,1
Lo¹i Song kiÕm 2	120,8,1	120,8,1	88,8,1			88,8,1	120,8,1	120,8,1			120,8,1	88,8,1	88,8,1			88,8,1	72,8,1			96,8,1	96,8,1			144,8,1	144,8,1					128,8,1	96,8,1		96,8,1			128,8,1	72,8,1	160,8,1	112,8,1	96,8,1	80,8,1	96,8,1	112,8,1	96,8,1	48,8,1	112,8,1	112,8,1	112,8,1
Lo¹i Song kiÕm 3	120,8,1	120,8,1	88,8,1			88,8,1	120,8,1	120,8,1			120,8,1	88,8,1	88,8,1			88,8,1	72,8,1			96,8,1	96,8,1			144,8,1	144,8,1					128,8,1	96,8,1		96,8,1			128,8,1	72,8,1	160,8,1	112,8,1	96,8,1	80,8,1	96,8,1	112,8,1	96,8,1	48,8,1	112,8,1	112,8,1	112,8,1
Lo¹i Song chïy 1	120,8,1	120,8,1	88,8,1			88,8,1	120,8,1	120,8,1			120,8,1	88,8,1	88,8,1			88,8,1	72,8,1			96,8,1	96,8,1			144,8,1	144,8,1					128,8,1	96,8,1		96,8,1			128,8,1	72,8,1	160,8,1	112,8,1	96,8,1	80,8,1	96,8,1	112,8,1	96,8,1	48,8,1	112,8,1	112,8,1	112,8,1
Lo¹i Song chïy 2	120,8,1	120,8,1	88,8,1			88,8,1	120,8,1	120,8,1			120,8,1	88,8,1	88,8,1			88,8,1	72,8,1			96,8,1	96,8,1			144,8,1	144,8,1					128,8,1	96,8,1		96,8,1			128,8,1	72,8,1	160,8,1	112,8,1	96,8,1	80,8,1	96,8,1	112,8,1	96,8,1	48,8,1	112,8,1	112,8,1	112,8,1
Lo¹i Song chïy 3	120,8,1	120,8,1	88,8,1			88,8,1	120,8,1	120,8,1			120,8,1	88,8,1	88,8,1			88,8,1	72,8,1			96,8,1	96,8,1			144,8,1	144,8,1					128,8,1	96,8,1		96,8,1			128,8,1	72,8,1	160,8,1	112,8,1	96,8,1	80,8,1	96,8,1	112,8,1	96,8,1	48,8,1	112,8,1	112,8,1	112,8,1
¸m khÝ 	120,8,1	120,8,1	88,8,1				120,8,1	120,8,1				88,8,1	88,8,1				72,8,1				96,8,1				144,8,1							128,8,1	96,8,1				72,8,1	160,8,1	112,8,1	96,8,1	80,8,1	96,8,1	112,8,1	96,8,1	48,8,1	112,8,1	112,8,1	112,8,1
®¬n thñ kiÕm 4	120,8,1	120,8,1	88,8,1	88,8,1			120,8,1	120,8,1	120,8,1			88,8,1	88,8,1	88,8,1			72,8,1	64,8,1			96,8,1	88,8,1			144,8,1	128,8,1	112,8,1						96,8,1	96,8,1			72,8,1	160,8,1	112,8,1	96,8,1	80,8,1	96,8,1	112,8,1	96,8,1	48,8,1	112,8,1	112,8,1	112,8,1
®¬n thñ kiÕm 5	120,8,1	120,8,1	88,8,1	88,8,1			120,8,1	120,8,1	120,8,1			88,8,1	88,8,1	88,8,1			72,8,1	64,8,1			96,8,1	88,8,1			144,8,1	128,8,1	112,8,1						96,8,1	96,8,1			72,8,1	160,8,1	112,8,1	96,8,1	80,8,1	96,8,1	112,8,1	96,8,1	48,8,1	112,8,1	112,8,1	112,8,1
®¬n thñ ®ao 4	120,8,1	120,8,1	88,8,1	88,8,1			120,8,1	120,8,1	120,8,1			88,8,1	88,8,1	88,8,1			72,8,1	64,8,1			96,8,1	88,8,1			144,8,1	128,8,1	112,8,1						96,8,1	96,8,1			72,8,1	160,8,1	112,8,1	96,8,1	80,8,1	96,8,1	112,8,1	96,8,1	48,8,1	112,8,1	112,8,1	112,8,1
®¬n thñ ®ao 5	120,8,1	120,8,1	88,8,1	88,8,1			120,8,1	120,8,1	120,8,1			88,8,1	88,8,1	88,8,1			72,8,1	64,8,1			96,8,1	88,8,1			144,8,1	128,8,1	112,8,1						96,8,1	96,8,1			72,8,1	160,8,1	112,8,1	96,8,1	80,8,1	96,8,1	112,8,1	96,8,1	48,8,1	112,8,1	112,8,1	112,8,1
Lo¹i tr­êng th­¬ng 4	120,8,1	120,8,1	88,8,1		88,8,1		120,8,1	120,8,1		120,8,1		88,8,1	88,8,1		88,8,1		72,8,1		56,8,1		96,8,1		120,8,1		144,8,1			96,8,1	96,8,1				96,8,1		104,8,1		72,8,1	160,8,1	112,8,1	96,8,1	80,8,1	96,8,1	112,8,1	96,8,1	48,8,1	112,8,1	112,8,1	112,8,1
Lo¹i tr­êng th­¬ng 5	120,8,1	120,8,1	88,8,1		88,8,1		120,8,1	120,8,1		120,8,1		88,8,1	88,8,1		88,8,1		72,8,1		56,8,1		96,8,1		120,8,1		144,8,1			96,8,1	96,8,1				96,8,1		104,8,1		72,8,1	160,8,1	112,8,1	96,8,1	80,8,1	96,8,1	112,8,1	96,8,1	48,8,1	112,8,1	112,8,1	112,8,1
Lo¹i tr­êng c«n 4	120,8,1	120,8,1	88,8,1		88,8,1		120,8,1	120,8,1		120,8,1		88,8,1	88,8,1		88,8,1		72,8,1		56,8,1		96,8,1		120,8,1		144,8,1			96,8,1	96,8,1				96,8,1		104,8,1		72,8,1	160,8,1	112,8,1	96,8,1	80,8,1	96,8,1	112,8,1	96,8,1	48,8,1	112,8,1	112,8,1	112,8,1
Lo¹i tr­êng c«n 5	120,8,1	120,8,1	88,8,1		88,8,1		120,8,1	120,8,1		120,8,1		88,8,1	88,8,1		88,8,1		72,8,1		56,8,1		96,8,1		120,8,1		144,8,1			96,8,1	96,8,1				96,8,1		104,8,1		72,8,1	160,8,1	112,8,1	96,8,1	80,8,1	96,8,1	112,8,1	96,8,1	48,8,1	112,8,1	112,8,1	112,8,1
Lo¹i Song kiÕm 4	120,8,1	120,8,1	88,8,1			88,8,1	120,8,1	120,8,1			120,8,1	88,8,1	88,8,1			88,8,1	72,8,1			96,8,1	96,8,1			144,8,1	144,8,1					128,8,1	96,8,1		96,8,1			128,8,1	72,8,1	160,8,1	112,8,1	96,8,1	80,8,1	96,8,1	112,8,1	96,8,1	48,8,1	112,8,1	112,8,1	112,8,1
Lo¹i Song kiÕm 5	120,8,1	120,8,1	88,8,1			88,8,1	120,8,1	120,8,1			120,8,1	88,8,1	88,8,1			88,8,1	72,8,1			96,8,1	96,8,1			144,8,1	144,8,1					128,8,1	96,8,1		96,8,1			128,8,1	72,8,1	160,8,1	112,8,1	96,8,1	80,8,1	96,8,1	112,8,1	96,8,1	48,8,1	112,8,1	112,8,1	112,8,1
Lo¹i Song chïy 4	120,8,1	120,8,1	88,8,1			88,8,1	120,8,1	120,8,1			120,8,1	88,8,1	88,8,1			88,8,1	72,8,1			96,8,1	96,8,1			144,8,1	144,8,1					128,8,1	96,8,1		96,8,1			128,8,1	72,8,1	160,8,1	112,8,1	96,8,1	80,8,1	96,8,1	112,8,1	96,8,1	48,8,1	112,8,1	112,8,1	112,8,1
Lo¹i Song chïy 5	120,8,1	120,8,1	88,8,1			88,8,1	120,8,1	120,8,1			120,8,1	88,8,1	88,8,1			88,8,1	72,8,1			96,8,1	96,8,1			144,8,1	144,8,1					128,8,1	96,8,1		96,8,1			128,8,1	72,8,1	160,8,1	112,8,1	96,8,1	80,8,1	96,8,1	112,8,1	96,8,1	48,8,1	112,8,1	112,8,1	112,8,1
<<Î´·­Òë>>	120,8,1	120,8,1	88,8,1	88,8,1			120,8,1	120,8,1	120,8,1			88,8,1	88,8,1	88,8,1			72,8,1	64,8,1			96,8,1	88,8,1			144,8,1	128,8,1	112,8,1						96,8,1	96,8,1			72,8,1	160,8,1	112,8,1	96,8,1	80,8,1	96,8,1	112,8,1	96,8,1	48,8,1	112,8,1	112,8,1	112,8,1
<<Î´·­Òë>>	120,8,1	120,8,1	88,8,1	88,8,1			120,8,1	120,8,1	120,8,1			88,8,1	88,8,1	88,8,1			72,8,1	64,8,1			96,8,1	88,8,1			144,8,1	128,8,1	112,8,1						96,8,1	96,8,1			72,8,1	160,8,1	112,8,1	96,8,1	80,8,1	96,8,1	112,8,1	96,8,1	48,8,1	112,8,1	112,8,1	112,8,1
<<Î´·­Òë>>	120,8,1	120,8,1	88,8,1	88,8,1			120,8,1	120,8,1	120,8,1			88,8,1	88,8,1	88,8,1			72,8,1	64,8,1			96,8,1	88,8,1			144,8,1	128,8,1	112,8,1						96,8,1	96,8,1			72,8,1	160,8,1	112,8,1	96,8,1	80,8,1	96,8,1	112,8,1	96,8,1	48,8,1	112,8,1	112,8,1	112,8,1
<<Î´·­Òë>>	120,8,1	120,8,1	88,8,1	88,8,1			120,8,1	120,8,1	120,8,1			88,8,1	88,8,1	88,8,1			72,8,1	64,8,1			96,8,1	88,8,1			144,8,1	128,8,1	112,8,1						96,8,1	96,8,1			72,8,1	160,8,1	112,8,1	96,8,1	80,8,1	96,8,1	112,8,1	96,8,1	48,8,1	112,8,1	112,8,1	112,8,1
<<Î´·­Òë>>	120,8,1	120,8,1	88,8,1	88,8,1			120,8,1	120,8,1	120,8,1			88,8,1	88,8,1	88,8,1			72,8,1	64,8,1			96,8,1	88,8,1			144,8,1	128,8,1	112,8,1						96,8,1	96,8,1			72,8,1	160,8,1	112,8,1	96,8,1	80,8,1	96,8,1	112,8,1	96,8,1	48,8,1	112,8,1	112,8,1	112,8,1
<<Î´·­Òë>>	120,8,1	120,8,1	88,8,1	88,8,1			120,8,1	120,8,1	120,8,1			88,8,1	88,8,1	88,8,1			72,8,1	64,8,1			96,8,1	88,8,1			144,8,1	128,8,1	112,8,1						96,8,1	96,8,1			72,8,1	160,8,1	112,8,1	96,8,1	80,8,1	96,8,1	112,8,1	96,8,1	48,8,1	112,8,1	112,8,1	112,8,1
<<Î´·­Òë>>	120,8,1	120,8,1	88,8,1		88,8,1		120,8,1	120,8,1		120,8,1		88,8,1	88,8,1		88,8,1		72,8,1		56,8,1		96,8,1		120,8,1		144,8,1			96,8,1	96,8,1				96,8,1		104,8,1		72,8,1	160,8,1	112,8,1	96,8,1	80,8,1	96,8,1	112,8,1	96,8,1	48,8,1	112,8,1	112,8,1	112,8,1
<<Î´·­Òë>>	120,8,1	120,8,1	88,8,1		88,8,1		120,8,1	120,8,1		120,8,1		88,8,1	88,8,1		88,8,1		72,8,1		56,8,1		96,8,1		120,8,1		144,8,1			96,8,1	96,8,1				96,8,1		104,8,1		72,8,1	160,8,1	112,8,1	96,8,1	80,8,1	96,8,1	112,8,1	96,8,1	48,8,1	112,8,1	112,8,1	112,8,1
<<Î´·­Òë>>	120,8,1	120,8,1	88,8,1		88,8,1		120,8,1	120,8,1		120,8,1		88,8,1	88,8,1		88,8,1		72,8,1		56,8,1		96,8,1		120,8,1		144,8,1			96,8,1	96,8,1				96,8,1		104,8,1		72,8,1	160,8,1	112,8,1	96,8,1	80,8,1	96,8,1	112,8,1	96,8,1	48,8,1	112,8,1	112,8,1	112,8,1
<<Î´·­Òë>>	120,8,1	120,8,1	88,8,1		88,8,1		120,8,1	120,8,1		120,8,1		88,8,1	88,8,1		88,8,1		72,8,1		56,8,1		96,8,1		120,8,1		144,8,1			96,8,1	96,8,1				96,8,1		104,8,1		72,8,1	160,8,1	112,8,1	96,8,1	80,8,1	96,8,1	112,8,1	96,8,1	48,8,1	112,8,1	112,8,1	112,8,1
<<Î´·­Òë>>	120,8,1	120,8,1	88,8,1			88,8,1	120,8,1	120,8,1			120,8,1	88,8,1	88,8,1			88,8,1	72,8,1			96,8,1	96,8,1			144,8,1	144,8,1					128,8,1	96,8,1		96,8,1			128,8,1	72,8,1	160,8,1	112,8,1	96,8,1	80,8,1	96,8,1	112,8,1	96,8,1	48,8,1	112,8,1	112,8,1	112,8,1
<<Î´·­Òë>>	120,8,1	120,8,1	88,8,1			88,8,1	120,8,1	120,8,1			120,8,1	88,8,1	88,8,1			88,8,1	72,8,1			96,8,1	96,8,1			144,8,1	144,8,1					128,8,1	96,8,1		96,8,1			128,8,1	72,8,1	160,8,1	112,8,1	96,8,1	80,8,1	96,8,1	112,8,1	96,8,1	48,8,1	112,8,1	112,8,1	112,8,1
Ë«²øÊÖ-½ð	120,8,1	120,8,1	88,8,1				120,8,1	120,8,1				88,8,1	88,8,1				72,8,1				96,8,1				144,8,1							128,8,1	96,8,1				72,8,1	160,8,1	112,8,1	96,8,1	80,8,1	96,8,1	112,8,1	96,8,1	48,8,1	112,8,1	112,8,1	112,8,1
Ë«²øÊÖ-Ë®	120,8,1	120,8,1	88,8,1				120,8,1	120,8,1				88,8,1	88,8,1				72,8,1				96,8,1				144,8,1							128,8,1	96,8,1				72,8,1	160,8,1	112,8,1	96,8,1	80,8,1	96,8,1	112,8,1	96,8,1	48,8,1	112,8,1	112,8,1	112,8,1
Ë«²øÊÖ-Ä¾	120,8,1	120,8,1	88,8,1				120,8,1	120,8,1				88,8,1	88,8,1				72,8,1				96,8,1				144,8,1							128,8,1	96,8,1				72,8,1	160,8,1	112,8,1	96,8,1	80,8,1	96,8,1	112,8,1	96,8,1	48,8,1	112,8,1	112,8,1	112,8,1
Ë«²øÊÖ-»ð	120,8,1	120,8,1	88,8,1				120,8,1	120,8,1				88,8,1	88,8,1				72,8,1				96,8,1				144,8,1							128,8,1	96,8,1				72,8,1	160,8,1	112,8,1	96,8,1	80,8,1	96,8,1	112,8,1	96,8,1	48,8,1	112,8,1	112,8,1	112,8,1
³¤¹÷-½ð¹÷	120,8,1	120,8,1	88,8,1		88,8,1		120,8,1	120,8,1		120,8,1		88,8,1	88,8,1		88,8,1		72,8,1		56,8,1		96,8,1		120,8,1		144,8,1			96,8,1	96,8,1				96,8,1		104,8,1		72,8,1	160,8,1	112,8,1	96,8,1	80,8,1	96,8,1	112,8,1	96,8,1	48,8,1	112,8,1	112,8,1	112,8,1
³¤¹÷-»ð¹÷	120,8,1	120,8,1	88,8,1		88,8,1		120,8,1	120,8,1		120,8,1		88,8,1	88,8,1		88,8,1		72,8,1		56,8,1		96,8,1		120,8,1		144,8,1			96,8,1	96,8,1				96,8,1		104,8,1		72,8,1	160,8,1	112,8,1	96,8,1	80,8,1	96,8,1	112,8,1	96,8,1	48,8,1	112,8,1	112,8,1	112,8,1
³¤Ç¹-½ðÇ¹	120,8,1	120,8,1	88,8,1		88,8,1		120,8,1	120,8,1		120,8,1		88,8,1	88,8,1		88,8,1		72,8,1		56,8,1		96,8,1		120,8,1		144,8,1			96,8,1	96,8,1				96,8,1		104,8,1		72,8,1	160,8,1	112,8,1	96,8,1	80,8,1	96,8,1	112,8,1	96,8,1	48,8,1	112,8,1	112,8,1	112,8,1
³¤Ç¹-»ðÇ¹	120,8,1	120,8,1	88,8,1		88,8,1		120,8,1	120,8,1		120,8,1		88,8,1	88,8,1		88,8,1		72,8,1		56,8,1		96,8,1		120,8,1		144,8,1			96,8,1	96,8,1				96,8,1		104,8,1		72,8,1	160,8,1	112,8,1	96,8,1	80,8,1	96,8,1	112,8,1	96,8,1	48,8,1	112,8,1	112,8,1	112,8,1
µ¥ÊÖµ¶-½ð	120,8,1	120,8,1	88,8,1	88,8,1			120,8,1	120,8,1	120,8,1			88,8,1	88,8,1	88,8,1			72,8,1	64,8,1			96,8,1	88,8,1			144,8,1	128,8,1	112,8,1						96,8,1	96,8,1			72,8,1	160,8,1	112,8,1	96,8,1	80,8,1	96,8,1	112,8,1	96,8,1	48,8,1	112,8,1	112,8,1	112,8,1
µ¥ÊÖµ¶-Ä¾	120,8,1	120,8,1	88,8,1	88,8,1			120,8,1	120,8,1	120,8,1			88,8,1	88,8,1	88,8,1			72,8,1	64,8,1			96,8,1	88,8,1			144,8,1	128,8,1	112,8,1						96,8,1	96,8,1			72,8,1	160,8,1	112,8,1	96,8,1	80,8,1	96,8,1	112,8,1	96,8,1	48,8,1	112,8,1	112,8,1	112,8,1
µ¥ÊÖµ¶-Ë®	120,8,1	120,8,1	88,8,1	88,8,1			120,8,1	120,8,1	120,8,1			88,8,1	88,8,1	88,8,1			72,8,1	64,8,1			96,8,1	88,8,1			144,8,1	128,8,1	112,8,1						96,8,1	96,8,1			72,8,1	160,8,1	112,8,1	96,8,1	80,8,1	96,8,1	112,8,1	96,8,1	48,8,1	112,8,1	112,8,1	112,8,1
µ¥ÊÖ»ðµ¶-»ð	120,8,1	120,8,1	88,8,1	88,8,1			120,8,1	120,8,1	120,8,1			88,8,1	88,8,1	88,8,1			72,8,1	64,8,1			96,8,1	88,8,1			144,8,1	128,8,1	112,8,1						96,8,1	96,8,1			72,8,1	160,8,1	112,8,1	96,8,1	80,8,1	96,8,1	112,8,1	96,8,1	48,8,1	112,8,1	112,8,1	112,8,1
µ¥ÊÖµ¶-À×	120,8,1	120,8,1	88,8,1	88,8,1			120,8,1	120,8,1	120,8,1			88,8,1	88,8,1	88,8,1			72,8,1	64,8,1			96,8,1	88,8,1			144,8,1	128,8,1	112,8,1						96,8,1	96,8,1			72,8,1	160,8,1	112,8,1	96,8,1	80,8,1	96,8,1	112,8,1	96,8,1	48,8,1	112,8,1	112,8,1	112,8,1
µ¥ÊÖ½£-Ë®	120,8,1	120,8,1	88,8,1	88,8,1			120,8,1	120,8,1	120,8,1			88,8,1	88,8,1	88,8,1			72,8,1	64,8,1			96,8,1	88,8,1			144,8,1	128,8,1	112,8,1						96,8,1	96,8,1			72,8,1	160,8,1	112,8,1	96,8,1	80,8,1	96,8,1	112,8,1	96,8,1	48,8,1	112,8,1	112,8,1	112,8,1
µ¥ÊÖ½£-À×	120,8,1	120,8,1	88,8,1	88,8,1			120,8,1	120,8,1	120,8,1			88,8,1	88,8,1	88,8,1			72,8,1	64,8,1			96,8,1	88,8,1			144,8,1	128,8,1	112,8,1						96,8,1	96,8,1			72,8,1	160,8,1	112,8,1	96,8,1	80,8,1	96,8,1	112,8,1	96,8,1	48,8,1	112,8,1	112,8,1	112,8,1
µ¥ÊÖÀ×½£-À×	120,8,1	120,8,1	88,8,1	88,8,1			120,8,1	120,8,1	120,8,1			88,8,1	88,8,1	88,8,1			72,8,1	64,8,1			96,8,1	88,8,1			144,8,1	128,8,1	112,8,1						96,8,1	96,8,1			72,8,1	160,8,1	112,8,1	96,8,1	80,8,1	96,8,1	112,8,1	96,8,1	48,8,1	112,8,1	112,8,1	112,8,1
Ë«´¸-½ð	120,8,1	120,8,1	88,8,1			88,8,1	120,8,1	120,8,1			120,8,1	88,8,1	88,8,1			88,8,1	72,8,1			96,8,1	96,8,1			144,8,1	144,8,1					128,8,1	96,8,1		96,8,1			128,8,1	72,8,1	160,8,1	112,8,1	96,8,1	80,8,1	96,8,1	112,8,1	96,8,1	48,8,1	112,8,1	112,8,1	112,8,1
Ë«µ¶-Ë®	120,8,1	120,8,1	88,8,1			88,8,1	120,8,1	120,8,1			120,8,1	88,8,1	88,8,1			88,8,1	72,8,1			96,8,1	96,8,1			144,8,1	144,8,1					128,8,1	96,8,1		96,8,1			128,8,1	72,8,1	160,8,1	112,8,1	96,8,1	80,8,1	96,8,1	112,8,1	96,8,1	48,8,1	112,8,1	112,8,1	112,8,1
µ¥ÊÖµ¶-·¢¹â1	120,8,1	120,8,1	88,8,1	88,8,1			120,8,1	120,8,1	120,8,1			88,8,1	88,8,1	88,8,1			72,8,1	64,8,1			96,8,1	88,8,1			144,8,1	128,8,1	112,8,1						96,8,1	96,8,1			72,8,1	160,8,1	112,8,1	96,8,1	80,8,1	96,8,1	112,8,1	96,8,1	48,8,1	112,8,1	112,8,1	112,8,1
µ¥ÊÖ½£-·¢¹â1	120,8,1	120,8,1	88,8,1	88,8,1			120,8,1	120,8,1	120,8,1			88,8,1	88,8,1	88,8,1			72,8,1	64,8,1			96,8,1	88,8,1			144,8,1	128,8,1	112,8,1						96,8,1	96,8,1			72,8,1	160,8,1	112,8,1	96,8,1	80,8,1	96,8,1	112,8,1	96,8,1	48,8,1	112,8,1	112,8,1	112,8,1
µ¥ÊÖ»ðµ¶-·¢¹â1	120,8,1	120,8,1	88,8,1	88,8,1			120,8,1	120,8,1	120,8,1			88,8,1	88,8,1	88,8,1			72,8,1	64,8,1			96,8,1	88,8,1			144,8,1	128,8,1	112,8,1						96,8,1	96,8,1			72,8,1	160,8,1	112,8,1	96,8,1	80,8,1	96,8,1	112,8,1	96,8,1	48,8,1	112,8,1	112,8,1	112,8,1
µ¥ÊÖÀ×½£-·¢¹â1	120,8,1	120,8,1	88,8,1	88,8,1			120,8,1	120,8,1	120,8,1			88,8,1	88,8,1	88,8,1			72,8,1	64,8,1			96,8,1	88,8,1			144,8,1	128,8,1	112,8,1						96,8,1	96,8,1			72,8,1	160,8,1	112,8,1	96,8,1	80,8,1	96,8,1	112,8,1	96,8,1	48,8,1	112,8,1	112,8,1	112,8,1
³¤¹÷-·¢¹â1	120,8,1	120,8,1	88,8,1		88,8,1		120,8,1	120,8,1		120,8,1		88,8,1	88,8,1		88,8,1		72,8,1		56,8,1		96,8,1		120,8,1		144,8,1			96,8,1	96,8,1				96,8,1		104,8,1		72,8,1	160,8,1	112,8,1	96,8,1	80,8,1	96,8,1	112,8,1	96,8,1	48,8,1	112,8,1	112,8,1	112,8,1
³¤Ç¹-·¢¹â1	120,8,1	120,8,1	88,8,1		88,8,1		120,8,1	120,8,1		120,8,1		88,8,1	88,8,1		88,8,1		72,8,1		56,8,1		96,8,1		120,8,1		144,8,1			96,8,1	96,8,1				96,8,1		104,8,1		72,8,1	160,8,1	112,8,1	96,8,1	80,8,1	96,8,1	112,8,1	96,8,1	48,8,1	112,8,1	112,8,1	112,8,1
Ë«´¸-·¢¹â1	120,8,1	120,8,1	88,8,1			88,8,1	120,8,1	120,8,1			120,8,1	88,8,1	88,8,1			88,8,1	72,8,1			96,8,1	96,8,1			144,8,1	144,8,1					128,8,1	96,8,1		96,8,1			128,8,1	72,8,1	160,8,1	112,8,1	96,8,1	80,8,1	96,8,1	112,8,1	96,8,1	48,8,1	112,8,1	112,8,1	112,8,1
Ë«µ¶-·¢¹â1	120,8,1	120,8,1	88,8,1			88,8,1	120,8,1	120,8,1			120,8,1	88,8,1	88,8,1			88,8,1	72,8,1			96,8,1	96,8,1			144,8,1	144,8,1					128,8,1	96,8,1		96,8,1			128,8,1	72,8,1	160,8,1	112,8,1	96,8,1	80,8,1	96,8,1	112,8,1	96,8,1	48,8,1	112,8,1	112,8,1	112,8,1
Ë«²øÊÖ-·¢¹â1	120,8,1	120,8,1	88,8,1				120,8,1	120,8,1				88,8,1	88,8,1				72,8,1				96,8,1				144,8,1							128,8,1	96,8,1				72,8,1	160,8,1	112,8,1	96,8,1	80,8,1	96,8,1	112,8,1	96,8,1	48,8,1	112,8,1	112,8,1	112,8,1
Ë«×¦-·¢¹â1	120,8,1	120,8,1	88,8,1				120,8,1	120,8,1				88,8,1	88,8,1				72,8,1				96,8,1				144,8,1							128,8,1	96,8,1				72,8,1	160,8,1	112,8,1	96,8,1	80,8,1	96,8,1	112,8,1	96,8,1	48,8,1	112,8,1	112,8,1	112,8,1
¿ÕÊÖ-·¢¹â1	120,8,1	120,8,1	88,8,1				120,8,1	120,8,1				88,8,1	88,8,1				72,8,1				96,8,1				144,8,1							128,8,1	96,8,1				72,8,1	160,8,1	112,8,1	96,8,1	80,8,1	96,8,1	112,8,1	96,8,1	48,8,1	112,8,1	112,8,1	112,8,1
µ¥ÊÖµ¶-·¢¹â2	120,8,1	120,8,1	88,8,1	88,8,1			120,8,1	120,8,1	120,8,1			88,8,1	88,8,1	88,8,1			72,8,1	64,8,1			96,8,1	88,8,1			144,8,1	128,8,1	112,8,1						96,8,1	96,8,1			72,8,1	160,8,1	112,8,1	96,8,1	80,8,1	96,8,1	112,8,1	96,8,1	48,8,1	112,8,1	112,8,1	112,8,1
µ¥ÊÖ½£-·¢¹â2	120,8,1	120,8,1	88,8,1	88,8,1			120,8,1	120,8,1	120,8,1			88,8,1	88,8,1	88,8,1			72,8,1	64,8,1			96,8,1	88,8,1			144,8,1	128,8,1	112,8,1						96,8,1	96,8,1			72,8,1	160,8,1	112,8,1	96,8,1	80,8,1	96,8,1	112,8,1	96,8,1	48,8,1	112,8,1	112,8,1	112,8,1
µ¥ÊÖ»ðµ¶-·¢¹â2	120,8,1	120,8,1	88,8,1	88,8,1			120,8,1	120,8,1	120,8,1			88,8,1	88,8,1	88,8,1			72,8,1	64,8,1			96,8,1	88,8,1			144,8,1	128,8,1	112,8,1						96,8,1	96,8,1			72,8,1	160,8,1	112,8,1	96,8,1	80,8,1	96,8,1	112,8,1	96,8,1	48,8,1	112,8,1	112,8,1	112,8,1
µ¥ÊÖÀ×½£-·¢¹â2	120,8,1	120,8,1	88,8,1	88,8,1			120,8,1	120,8,1	120,8,1			88,8,1	88,8,1	88,8,1			72,8,1	64,8,1			96,8,1	88,8,1			144,8,1	128,8,1	112,8,1						96,8,1	96,8,1			72,8,1	160,8,1	112,8,1	96,8,1	80,8,1	96,8,1	112,8,1	96,8,1	48,8,1	112,8,1	112,8,1	112,8,1
³¤¹÷-·¢¹â2	120,8,1	120,8,1	88,8,1		88,8,1		120,8,1	120,8,1		120,8,1		88,8,1	88,8,1		88,8,1		72,8,1		56,8,1		96,8,1		120,8,1		144,8,1			96,8,1	96,8,1				96,8,1		104,8,1		72,8,1	160,8,1	112,8,1	96,8,1	80,8,1	96,8,1	112,8,1	96,8,1	48,8,1	112,8,1	112,8,1	112,8,1
³¤Ç¹-·¢¹â2	120,8,1	120,8,1	88,8,1		88,8,1		120,8,1	120,8,1		120,8,1		88,8,1	88,8,1		88,8,1		72,8,1		56,8,1		96,8,1		120,8,1		144,8,1			96,8,1	96,8,1				96,8,1		104,8,1		72,8,1	160,8,1	112,8,1	96,8,1	80,8,1	96,8,1	112,8,1	96,8,1	48,8,1	112,8,1	112,8,1	112,8,1
Ë«´¸-·¢¹â2	120,8,1	120,8,1	88,8,1			88,8,1	120,8,1	120,8,1			120,8,1	88,8,1	88,8,1			88,8,1	72,8,1			96,8,1	96,8,1			144,8,1	144,8,1					128,8,1	96,8,1		96,8,1			128,8,1	72,8,1	160,8,1	112,8,1	96,8,1	80,8,1	96,8,1	112,8,1	96,8,1	48,8,1	112,8,1	112,8,1	112,8,1
Ë«µ¶-·¢¹â2	120,8,1	120,8,1	88,8,1			88,8,1	120,8,1	120,8,1			120,8,1	88,8,1	88,8,1			88,8,1	72,8,1			96,8,1	96,8,1			144,8,1	144,8,1					128,8,1	96,8,1		96,8,1			128,8,1	72,8,1	160,8,1	112,8,1	96,8,1	80,8,1	96,8,1	112,8,1	96,8,1	48,8,1	112,8,1	112,8,1	112,8,1
Ë«²øÊÖ-·¢¹â2	120,8,1	120,8,1	88,8,1				120,8,1	120,8,1				88,8,1	88,8,1				72,8,1				96,8,1				144,8,1							128,8,1	96,8,1				72,8,1	160,8,1	112,8,1	96,8,1	80,8,1	96,8,1	112,8,1	96,8,1	48,8,1	112,8,1	112,8,1	112,8,1
Ë«×¦-·¢¹â2	120,8,1	120,8,1	88,8,1				120,8,1	120,8,1				88,8,1	88,8,1				72,8,1				96,8,1				144,8,1							128,8,1	96,8,1				72,8,1	160,8,1	112,8,1	96,8,1	80,8,1	96,8,1	112,8,1	96,8,1	48,8,1	112,8,1	112,8,1	112,8,1
¿ÕÊÖ-·¢¹â2	120,8,1	120,8,1	88,8,1				120,8,1	120,8,1				88,8,1	88,8,1				72,8,1				96,8,1				144,8,1							128,8,1	96,8,1				72,8,1	160,8,1	112,8,1	96,8,1	80,8,1	96,8,1	112,8,1	96,8,1	48,8,1	112,8,1	112,8,1	112,8,1
Minh Ph­îng Quy Y TriÒn Thñ	120,8,1	120,8,1	88,8,1				120,8,1	120,8,1				88,8,1	88,8,1				72,8,1				96,8,1				144,8,1							128,8,1	96,8,1				72,8,1	160,8,1	112,8,1	96,8,1	80,8,1	96,8,1	112,8,1	96,8,1	48,8,1	112,8,1	112,8,1	112,8,1
Minh Ph­îng Cùc L¹c T¨ng C«n	120,8,1	120,8,1	88,8,1		88,8,1		120,8,1	120,8,1		120,8,1		88,8,1	88,8,1		88,8,1		72,8,1		56,8,1		96,8,1		120,8,1		144,8,1			96,8,1	96,8,1				96,8,1		104,8,1		72,8,1	160,8,1	112,8,1	96,8,1	80,8,1	96,8,1	112,8,1	96,8,1	48,8,1	112,8,1	112,8,1	112,8,1
Minh Ph­îng H­ Kh«ng Giíi §ao	120,8,1	120,8,1	88,8,1	88,8,1			120,8,1	120,8,1	120,8,1			88,8,1	88,8,1	88,8,1			72,8,1	64,8,1			96,8,1	88,8,1			144,8,1	128,8,1	112,8,1						96,8,1	96,8,1			72,8,1	160,8,1	112,8,1	96,8,1	80,8,1	96,8,1	112,8,1	96,8,1	48,8,1	112,8,1	112,8,1	112,8,1
Minh Ph­îng ChiÕn ThÇn Chïy	120,8,1	120,8,1	88,8,1			88,8,1	120,8,1	120,8,1			120,8,1	88,8,1	88,8,1			88,8,1	72,8,1			96,8,1	96,8,1			144,8,1	144,8,1					128,8,1	96,8,1		96,8,1			128,8,1	72,8,1	160,8,1	112,8,1	96,8,1	80,8,1	96,8,1	112,8,1	96,8,1	48,8,1	112,8,1	112,8,1	112,8,1
Minh Ph­îng Anh Hïng Th­¬ng	120,8,1	120,8,1	88,8,1		88,8,1		120,8,1	120,8,1		120,8,1		88,8,1	88,8,1		88,8,1		72,8,1		56,8,1		96,8,1		120,8,1		144,8,1			96,8,1	96,8,1				96,8,1		104,8,1		72,8,1	160,8,1	112,8,1	96,8,1	80,8,1	96,8,1	112,8,1	96,8,1	48,8,1	112,8,1	112,8,1	112,8,1
Minh Ph­îng B¸ V­¬ng B¶o §ao	120,8,1	120,8,1	88,8,1	88,8,1			120,8,1	120,8,1	120,8,1			88,8,1	88,8,1	88,8,1			72,8,1	64,8,1			96,8,1	88,8,1			144,8,1	128,8,1	112,8,1						96,8,1	96,8,1			72,8,1	160,8,1	112,8,1	96,8,1	80,8,1	96,8,1	112,8,1	96,8,1	48,8,1	112,8,1	112,8,1	112,8,1
Minh Ph­îng T¶n Hoa Tr­êng KiÕm																																																
Minh Ph­îng L¨ng Tiªu TriÒn Thñ																																																
Minh Ph­îng V¹n Hoa B¶o §ao																																																
Minh Ph­îng Ph­¬ng Hoa Song §ao																																																
Minh Ph­îng Diªm La TriÒn Thñ	120,8,1	120,8,1	88,8,1				120,8,1	120,8,1				88,8,1	88,8,1				72,8,1				96,8,1				144,8,1							128,8,1	96,8,1				72,8,1	160,8,1	112,8,1	96,8,1	80,8,1	96,8,1	112,8,1	96,8,1	48,8,1	112,8,1	112,8,1	112,8,1
Minh Ph­îng Minh V­¬ng B¶o §ao	120,8,1	120,8,1	88,8,1	88,8,1			120,8,1	120,8,1	120,8,1			88,8,1	88,8,1	88,8,1			72,8,1	64,8,1			96,8,1	88,8,1			144,8,1	128,8,1	112,8,1						96,8,1	96,8,1			72,8,1	160,8,1	112,8,1	96,8,1	80,8,1	96,8,1	112,8,1	96,8,1	48,8,1	112,8,1	112,8,1	112,8,1
Minh Ph­îng LiÔm DiÖm Phi §ao	120,8,1	120,8,1	88,8,1				120,8,1	120,8,1				88,8,1	88,8,1				72,8,1				96,8,1				144,8,1							128,8,1	96,8,1				72,8,1	160,8,1	112,8,1	96,8,1	80,8,1	96,8,1	112,8,1	96,8,1	48,8,1	112,8,1	112,8,1	112,8,1
Minh Ph­îng Thiªn Hoang Tô TiÔn	120,8,1	120,8,1	88,8,1				120,8,1	120,8,1				88,8,1	88,8,1				72,8,1				96,8,1				144,8,1							128,8,1	96,8,1				72,8,1	160,8,1	112,8,1	96,8,1	80,8,1	96,8,1	112,8,1	96,8,1	48,8,1	112,8,1	112,8,1	112,8,1
Minh Ph­îng Thiªn Kiªu Phi Tiªu	120,8,1	120,8,1	88,8,1				120,8,1	120,8,1				88,8,1	88,8,1				72,8,1				96,8,1				144,8,1							128,8,1	96,8,1				72,8,1	160,8,1	112,8,1	96,8,1	80,8,1	96,8,1	112,8,1	96,8,1	48,8,1	112,8,1	112,8,1	112,8,1
Minh Ph­îng ThiÕt HuyÕt TriÒn Thñ	120,8,1	120,8,1	88,8,1				120,8,1	120,8,1				88,8,1	88,8,1				72,8,1				96,8,1				144,8,1							128,8,1	96,8,1				72,8,1	160,8,1	112,8,1	96,8,1	80,8,1	96,8,1	112,8,1	96,8,1	48,8,1	112,8,1	112,8,1	112,8,1
Minh Ph­îng Quang Phôc Tr­îng	120,8,1	120,8,1	88,8,1		88,8,1		120,8,1	120,8,1		120,8,1		88,8,1	88,8,1		88,8,1		72,8,1		56,8,1		96,8,1		120,8,1		144,8,1			96,8,1	96,8,1				96,8,1		104,8,1		72,8,1	160,8,1	112,8,1	96,8,1	80,8,1	96,8,1	112,8,1	96,8,1	48,8,1	112,8,1	112,8,1	112,8,1
Minh Ph­îng Dôc NhËt Th­¬ng	120,8,1	120,8,1	88,8,1		88,8,1		120,8,1	120,8,1		120,8,1		88,8,1	88,8,1		88,8,1		72,8,1		56,8,1		96,8,1		120,8,1		144,8,1			96,8,1	96,8,1				96,8,1		104,8,1		72,8,1	160,8,1	112,8,1	96,8,1	80,8,1	96,8,1	112,8,1	96,8,1	48,8,1	112,8,1	112,8,1	112,8,1
Minh Ph­îng SÝ §Þa §ao	120,8,1	120,8,1	88,8,1	88,8,1			120,8,1	120,8,1	120,8,1			88,8,1	88,8,1	88,8,1			72,8,1	64,8,1			96,8,1	88,8,1			144,8,1	128,8,1	112,8,1						96,8,1	96,8,1			72,8,1	160,8,1	112,8,1	96,8,1	80,8,1	96,8,1	112,8,1	96,8,1	48,8,1	112,8,1	112,8,1	112,8,1
Minh Ph­îng Kh«ng Minh KiÕm	120,8,1	120,8,1	88,8,1	88,8,1			120,8,1	120,8,1	120,8,1			88,8,1	88,8,1	88,8,1			72,8,1	64,8,1			96,8,1	88,8,1			144,8,1	128,8,1	112,8,1						96,8,1	96,8,1			72,8,1	160,8,1	112,8,1	96,8,1	80,8,1	96,8,1	112,8,1	96,8,1	48,8,1	112,8,1	112,8,1	112,8,1
Minh Ph­îng Bång Lai KiÕm	120,8,1	120,8,1	88,8,1	88,8,1			120,8,1	120,8,1	120,8,1			88,8,1	88,8,1	88,8,1			72,8,1	64,8,1			96,8,1	88,8,1			144,8,1	128,8,1	112,8,1						96,8,1	96,8,1			72,8,1	160,8,1	112,8,1	96,8,1	80,8,1	96,8,1	112,8,1	96,8,1	48,8,1	112,8,1	112,8,1	112,8,1
Minh Ph­îng Cöu Thiªn Hµn ThiÕt	120,8,1	120,8,1	88,8,1	88,8,1			120,8,1	120,8,1	120,8,1			88,8,1	88,8,1	88,8,1			72,8,1	64,8,1			96,8,1	88,8,1			144,8,1	128,8,1	112,8,1						96,8,1	96,8,1			72,8,1	160,8,1	112,8,1	96,8,1	80,8,1	96,8,1	112,8,1	96,8,1	48,8,1	112,8,1	112,8,1	112,8,1
Minh Ph­îng Tham Th­¬ng KiÕm	120,8,1	120,8,1	88,8,1	88,8,1			120,8,1	120,8,1	120,8,1			88,8,1	88,8,1	88,8,1			72,8,1	64,8,1			96,8,1	88,8,1			144,8,1	128,8,1	112,8,1						96,8,1	96,8,1			72,8,1	160,8,1	112,8,1	96,8,1	80,8,1	96,8,1	112,8,1	96,8,1	48,8,1	112,8,1	112,8,1	112,8,1
Tö M·ng KÕt L« KiÕm	120,8,1	120,8,1	88,8,1	88,8,1			120,8,1	120,8,1	120,8,1			88,8,1	88,8,1	88,8,1			72,8,1	64,8,1			96,8,1	88,8,1			144,8,1	128,8,1	112,8,1						96,8,1	96,8,1			72,8,1	160,8,1	112,8,1	96,8,1	80,8,1	96,8,1	112,8,1	96,8,1	48,8,1	112,8,1	112,8,1	112,8,1
B¹ch Hæ Tö CÇm KiÕm	120,8,1	120,8,1	88,8,1	88,8,1			120,8,1	120,8,1	120,8,1			88,8,1	88,8,1	88,8,1			72,8,1	64,8,1			96,8,1	88,8,1			144,8,1	128,8,1	112,8,1						96,8,1	96,8,1			72,8,1	160,8,1	112,8,1	96,8,1	80,8,1	96,8,1	112,8,1	96,8,1	48,8,1	112,8,1	112,8,1	112,8,1
Minh Ph­îng Tr¹m Vò KiÕm	120,8,1	120,8,1	88,8,1	88,8,1			120,8,1	120,8,1	120,8,1			88,8,1	88,8,1	88,8,1			72,8,1	64,8,1			96,8,1	88,8,1			144,8,1	128,8,1	112,8,1						96,8,1	96,8,1			72,8,1	160,8,1	112,8,1	96,8,1	80,8,1	96,8,1	112,8,1	96,8,1	48,8,1	112,8,1	112,8,1	112,8,1
§»ng Long Bå §Ò TriÒn Thñ	120,1,1	120,1,1	88,8,1				120,8,1	120,8,1				88,8,1	88,8,1				72,8,1				96,8,1				144,8,1								96,8,1				72,8,1	160,8,1	112,1,1	96,1,1	80,1,1	96,1,1	112,1,1	96,1,1	48,1,1	112,1,1	112,1,1	112,1,1
§»ng Long Nh­ Lai Ph¸p C«n 	120,8,56	120,8,56	88,8,1		88,8,56		120,8,1	120,8,1		88,8,56		88,8,1	88,8,1		88,8,56		72,8,1		56,8,56		96,8,1				144,8,1			96,8,56	96,8,56				96,8,1		104,8,56		72,8,1	160,8,1	112,8,56	96,8,56	80,8,56	96,8,56	112,8,56	96,8,56	48,8,56		112,8,56	112,8,56
§»ng Long V« L­îng Giíi §ao	120,8,1	120,8,1	88,8,1	88,8,1			120,8,1	120,8,1	120,8,111			88,8,1	88,8,1	88,8,1			72,8,1	64,8,56			96,8,1	88,8,56			144,8,1	128,8,1	112,8,1						96,8,1	96,8,1			72,8,1	160,8,1	112,1,1	88,8,1	80,8,1	96,8,1	112,8,1	96,8,1	48,8,1	112,8,1	112,1,1	112,1,1
§»ng Long Khai Thiªn ThÇn Chïy	120,8,1	120,8,1	88,8,1				120,8,1	120,8,1				88,8,1	88,8,1			88,1,1	72,8,1			96,1,1	96,8,1			144,1,1	144,8,1					128,1,1	96,1,1		96,8,1			128,1,1	72,8,1	160,8,1	112,1,1	96,1,1	80,1,1	96,1,1	112,1,1	96,1,1	48,1,1	112,1,1	112,1,1	112,1,1
§»ng Long TÞch §Þa Th­¬ng	120,8,56	120,8,56	88,8,1		88,8,56		120,8,1	120,8,1		88,8,56		88,8,1	88,8,1		88,8,56		72,8,1		56,8,56		96,8,1				144,8,1			96,8,56	96,8,56				96,8,1		104,8,56		72,8,1	160,8,1	112,8,56	96,8,56	80,8,56	96,8,56	112,8,56	96,8,56	48,8,56		112,8,56	112,8,56
§»ng Long Hçn Nguyªn B¶o §ao	120,8,1	120,8,1	88,8,1	88,8,1			120,8,1	120,8,1	120,8,1			88,8,1	88,8,1	88,8,1			72,8,1	64,8,1			96,8,1	88,8,1			144,8,1	128,8,1	112,8,1						96,8,1	96,8,1			72,8,1	160,8,1	112,8,1	88,1,1	80,8,1	96,8,1	112,8,1	96,8,1	48,8,1	112,8,1	112,8,1	112,8,1
ÌÚÁúÖ®·ÉÌì³¤½£																																																
§»ng Long B¨ng Ph¸ch TriÒn Thñ																																																
§»ng Long Khuynh Thµnh B¶o §ao																																																
§»ng Long B¸ch H­¬ng Uyªn ¦¬ng §ao																																																
§»ng Long V¹n §éc TriÒn Thñ	120,8,1	120,1,1	88,8,1				120,8,1	120,8,1				88,8,1	88,8,1				72,8,1				96,8,1				144,8,1								96,8,1				72,8,1	160,8,1	112,1,1	96,1,1	80,1,1	96,1,1	112,1,1	96,1,1	48,1,1	112,1,1	112,1,1	112,1,1
§»ng Long V¹n Linh HuyÕt NhÉn	120,8,1	120,8,1	88,8,1	88,8,1			120,8,1	120,8,1	120,8,1			88,8,1	88,8,1	96,8,1			72,8,1	64,8,1			96,8,1	88,8,1			144,8,1	128,8,1	112,8,1						96,8,1	96,8,1			72,8,1	160,8,1	112,8,1	88,8,1	80,8,1	96,8,1	112,8,1	96,8,1	48,8,1	112,8,1	112,8,1	112,8,1
§»ng Long Hçn §én Phi §ao	120,8,1	120,1,1	88,8,1				120,8,1	120,8,1				88,8,1	88,8,1				72,8,1				96,8,1				144,8,1								96,8,1				72,8,1	160,8,1	112,1,1	96,1,1	80,1,1	96,1,1	112,1,1	96,1,1	48,1,1	112,1,1	112,1,1	112,1,1
§»ng Long ThÝ ThÇn Tô TiÔn	120,8,1	120,1,1	88,8,1				120,8,1	120,8,1				88,8,1	88,8,1				72,8,1				96,8,1				144,8,1								96,8,1				72,8,1	160,8,1	112,1,1	96,1,1	80,1,1	96,1,1	112,1,1	96,1,1	48,1,1	112,1,1	112,1,1	112,1,1
§»ng Long Phong B¹o Phi Tiªu	120,8,1	120,1,1	88,8,1				120,8,1	120,8,1				88,8,1	88,8,1				72,8,1				96,8,1				144,8,1								96,8,1				72,8,1	160,8,1	112,1,1	96,1,1	80,1,1	96,1,1	112,1,1	96,1,1	48,1,1	112,1,1	112,1,1	112,1,1
§»ng Long Hµo T×nh TriÒn Thñ	120,8,1	120,1,1	88,8,1				120,8,1	120,8,1				88,8,1	88,8,1				72,8,1				96,8,1				144,8,1								96,8,1				72,8,1	160,8,1	112,1,1	96,1,1	80,1,1	96,1,1	112,1,1	96,1,1	48,1,1	112,1,1	112,1,1	112,1,1
§»ng Long Tô NghÜa Tr­îng	120,8,56	120,8,56	88,8,1		88,8,56		120,8,1	120,8,1		120,8,56		88,8,1	88,8,1		88,8,56		72,8,1		56,8,56		96,8,1				144,8,1			96,8,56	96,8,56				96,8,1		104,8,56		72,8,1	160,8,1	112,8,56	96,8,56	80,8,56	96,8,56	112,8,56	96,8,56	48,8,56		112,8,56	112,8,56
§»ng Long Viªm Hoµng Th­¬ng	120,8,56	120,8,56	88,8,1		88,8,56		120,8,1	120,8,1		120,8,56		88,8,1	88,8,1		88,8,56		72,8,1		56,8,56		96,8,1				144,8,1			96,8,56	96,8,56				96,8,1		104,8,56		72,8,1	160,8,1	112,8,56	96,8,56	80,8,56	96,8,56	112,8,56	96,8,56	48,8,56		112,8,56	112,8,56
§»ng Long PhÇn Thiªn B¶o §ao	120,1,1	119,8,1	88,8,1	88,8,1			120,8,1	120,8,1	120,8,1			88,8,1	88,8,1				72,8,1	64,8,1			96,8,1	88,8,1			144,8,1	128,8,1	112,8,1						96,8,1	96,8,1			72,8,1	160,8,1	112,8,1	88,8,1	80,8,1	96,8,1	112,8,1	96,8,1	48,8,1	112,8,1	112,8,1	112,8,1
§»ng Long Ngäc H­ ThÇn KiÕm	116,8,1	120,8,1	88,8,1	88,8,1			120,8,1	120,8,1	120,1,1			88,8,1	88,8,1	88,8,1			72,8,1	64,8,1			96,8,1	88,8,1			144,8,1	128,8,1	112,8,1						96,8,1	96,8,1			72,8,1	160,8,1	112,8,1	88,8,1	80,8,1	96,8,1	112,8,1	96,8,1	48,8,1	112,8,1	112,8,1	112,8,1
§»ng Long HuyÒn Thiªn ThÇn KiÕm	120,8,1	120,8,1	88,8,1	88,8,1			120,8,1	120,8,1	120,1,1			88,8,1	88,8,1				72,8,1	64,8,1			96,8,1	88,8,1			144,8,1	128,8,1	112,8,1						96,8,1	96,8,1			72,8,1	160,8,1	112,8,1	88,8,1	80,8,1	96,8,1	112,8,1	96,8,1	48,8,1	112,8,1	112,8,1	112,8,1
§»ng Long Ph­¬ng Nguyªn B¶o §ao	120,8,1	120,8,1	88,8,1	88,8,1			120,8,1	120,8,1	120,8,1			88,8,1	88,8,1	88,8,1			72,8,1	64,8,1			96,8,1	88,8,1			144,8,1	128,8,1	112,8,1						96,8,1	96,8,1			72,8,1	160,8,1	112,8,1	88,8,1	80,8,1	96,8,1	112,8,1	96,8,1	48,8,1	112,8,1	112,8,1	112,8,1
§»ng Long Th­¬ng Khung ThÇn KiÕm	120,8,1	120,8,1	88,8,1	88,8,1			120,8,1	120,8,1	120,8,1			88,8,1	88,8,1	88,8,1			72,8,1	64,8,1			96,8,1	88,8,1			144,8,1	128,8,1	112,8,1						96,8,1	96,8,1			72,8,1	160,8,1	112,8,1	77,8,1	80,8,1	96,8,1	112,8,1	96,8,1	48,18,1	112,8,1	112,8,1	112,8,1
§»ng Long Tè Du KiÕm	120,8,1	120,8,1	88,8,1	88,8,1			120,8,1	120,8,1	120,8,1			88,8,1	88,8,1	88,8,1			72,8,1	64,8,1			96,8,1	88,8,1			144,8,1	128,8,1	112,8,1						96,8,1	96,8,1			72,8,1	160,8,1	112,8,1	96,8,1	80,8,1	104,8,1	120,8,1	96,8,1	48,8,1	112,8,1	112,8,1	112,8,1
§»ng Long Y Thñy KiÕm	120,8,1	120,8,1	88,8,1	88,8,1			120,8,1	120,8,1	120,8,1			88,8,1	88,8,1	88,8,1			72,8,1	64,8,1			96,8,1	88,8,1			144,8,1	128,8,1	112,8,1						96,8,1	96,8,1			72,8,1	160,8,1	112,8,1	96,8,1	80,8,1	104,8,1	120,8,1	96,8,1	48,8,1	112,8,1	112,8,1	112,8,1
Tinh S­¬ng-Khæ §Õ TriÒn Thñ	120,8,1	120,8,1	88,8,1				120,8,1	120,8,1				88,8,1	88,8,1				72,8,1				96,8,1				144,8,1							128,8,1	96,8,1				72,8,1	160,8,1	112,8,1	96,8,1	80,8,1	96,8,1	112,8,1	96,8,1	48,8,1	112,8,1	112,8,1	112,8,1
Tinh S­¬ng-DiÖt §Õ Ph¸p C«n	120,8,1	120,8,1			88,8,1					120,8,1					88,8,1				56,8,1				120,8,1					96,8,1	96,8,1						104,8,1				112,8,1	96,8,1	80,8,1	96,8,1	112,8,1	96,8,1	48,8,1	112,8,1	112,8,1	112,8,1
Tinh S­¬ng-§¹o §Õ Giíi §ao	120,8,1	120,8,1		88,8,1					120,8,1					88,8,1				64,8,1				88,8,1				128,8,1	112,8,1							96,8,1					112,8,1	96,8,1	80,8,1	96,8,1	112,8,1	96,8,1	48,8,1	112,8,1	112,8,1	112,8,1
Tinh S­¬ng-Th«n Tµ ThÇn Chïy	120,8,1	120,8,1				88,8,1					120,8,1					88,8,1				96,8,1				144,8,1						128,8,1	96,8,1					128,8,1			112,8,1	96,8,1	80,8,1	96,8,1	112,8,1	96,8,1	48,8,1	112,8,1	112,8,1	112,8,1
Tinh S­¬ng-L­u Kim Th­¬ng	120,8,1	120,8,1			88,8,1					120,8,1					88,8,1				56,8,1				120,8,1					96,8,1	96,8,1						104,8,1				112,8,1	96,8,1	80,8,1	96,8,1	112,8,1	96,8,1	48,8,1	112,8,1	112,8,1	112,8,1
Tinh S­¬ng-L÷ S­¬ng B¶o §ao	120,8,1	120,8,1		88,8,1					120,8,1					88,8,1				64,8,1				88,8,1				128,8,1	112,8,1							96,8,1					112,8,1	96,8,1	80,8,1	96,8,1	112,8,1	96,8,1	48,8,1	112,8,1	112,8,1	112,8,1
Tinh S­¬ng-L¹c Anh B¶o KiÕm																																																
Tinh S­¬ng-PhÊt HuyÖt TriÒn Thñ	120,8,1	120,8,1	88,8,1				120,8,1	120,8,1				88,8,1	88,8,1				72,8,1				96,8,1				144,8,1							128,8,1	96,8,1				72,8,1	160,8,1	112,8,1	96,8,1	80,8,1	96,8,1	112,8,1	96,8,1	48,8,1	112,8,1	112,8,1	112,8,1
Tinh S­¬ng-Thiªn H­¬ng B¶o §ao																																																
Tinh S­¬ng-Th¸i VËn Uyªn ¦¬ng §ao																																																
Tinh S­¬ng-ThiÒm Phi TriÒn Thñ	120,8,1	120,8,1	88,8,1				120,8,1	120,8,1				88,8,1	88,8,1				72,8,1				96,8,1				144,8,1							128,8,1	96,8,1				72,8,1	160,8,1	112,8,1	96,8,1	80,8,1	96,8,1	112,8,1	96,8,1	48,8,1	112,8,1	112,8,1	112,8,1
Tinh S­¬ng-Phô Cèt HuyÕt NhËn	120,8,1	120,8,1		88,8,1					120,8,1					88,8,1				64,8,1				88,8,1				128,8,1	112,8,1							96,8,1					112,8,1	96,8,1	80,8,1	96,8,1	112,8,1	96,8,1	48,8,1	112,8,1	112,8,1	112,8,1
Tinh S­¬ng-L·nh HuyÕt Phi §ao	120,8,1	120,8,1	88,8,1				120,8,1	120,8,1				88,8,1	88,8,1				72,8,1				96,8,1				144,8,1							128,8,1	96,8,1				72,8,1	160,8,1	112,8,1	96,8,1	80,8,1	96,8,1	112,8,1	96,8,1	48,8,1	112,8,1	112,8,1	112,8,1
Tinh S­¬ng-Né Liªn Tô TiÔn	120,8,1	120,8,1	88,8,1				120,8,1	120,8,1				88,8,1	88,8,1				72,8,1				96,8,1				144,8,1							128,8,1	96,8,1				72,8,1	160,8,1	112,8,1	96,8,1	80,8,1	96,8,1	112,8,1	96,8,1	48,8,1	112,8,1	112,8,1	112,8,1
Tinh S­¬ng-Truy MÖnh Phi Tiªu	120,8,1	120,8,1	88,8,1				120,8,1	120,8,1				88,8,1	88,8,1				72,8,1				96,8,1				144,8,1							128,8,1	96,8,1				72,8,1	160,8,1	112,8,1	96,8,1	80,8,1	96,8,1	112,8,1	96,8,1	48,8,1	112,8,1	112,8,1	112,8,1
Tinh S­¬ng-M·nh Long TriÒn Thñ	120,8,1	120,8,1	88,8,1				120,8,1	120,8,1				88,8,1	88,8,1				72,8,1				96,8,1				144,8,1							128,8,1	96,8,1				72,8,1	160,8,1	112,8,1	96,8,1	80,8,1	96,8,1	112,8,1	96,8,1	48,8,1	112,8,1	112,8,1	112,8,1
Tinh S­¬ng-Ph¸ Lç Tr­îng	120,8,1	120,8,1			88,8,1					120,8,1					88,8,1				56,8,1				120,8,1					96,8,1	96,8,1						104,8,1				112,8,1	96,8,1	80,8,1	96,8,1	112,8,1	96,8,1	48,8,1	112,8,1	112,8,1	112,8,1
Tinh S­¬ng-LuyÖn NhËt Th­¬ng	120,8,1	120,8,1			88,8,1					120,8,1					88,8,1				56,8,1				120,8,1					96,8,1	96,8,1						104,8,1				112,8,1	96,8,1	80,8,1	96,8,1	112,8,1	96,8,1	48,8,1	112,8,1	112,8,1	112,8,1
Tinh S­¬ng-Khèc Viªm B¶o §ao	120,8,1	120,8,1		88,8,1					120,8,1					88,8,1				64,8,1				88,8,1				128,8,1	112,8,1							96,8,1					112,8,1	96,8,1	80,8,1	96,8,1	112,8,1	96,8,1	48,8,1	112,8,1	112,8,1	112,8,1
Tinh S­¬ng-ChÊn S¬n ThÇn KiÕm	120,8,1	120,8,1		88,8,1					120,8,1					88,8,1				64,8,1				88,8,1				128,8,1	112,8,1							96,8,1					112,8,1	96,8,1	80,8,1	96,8,1	112,8,1	96,8,1	48,8,1	112,8,1	112,8,1	112,8,1
Tinh S­¬ng-Qu©n Uy ThÇn KiÕm	120,8,1	120,8,1		88,8,1					120,8,1					88,8,1				64,8,1				88,8,1				128,8,1	112,8,1							96,8,1					112,8,1	96,8,1	80,8,1	96,8,1	112,8,1	96,8,1	48,8,1	112,8,1	112,8,1	112,8,1
Tinh S­¬ng-Minh L«i B¶o §ao	120,8,1	120,8,1		88,8,1					120,8,1					88,8,1				64,8,1				88,8,1				128,8,1	112,8,1							96,8,1					112,8,1	96,8,1	80,8,1	96,8,1	112,8,1	96,8,1	48,8,1	112,8,1	112,8,1	112,8,1
Tinh S­¬ng-Oanh Minh ThÇn KiÕm	120,8,1	120,8,1		88,8,1					120,8,1					88,8,1				64,8,1				88,8,1				128,8,1	112,8,1							96,8,1					112,8,1	96,8,1	80,8,1	96,8,1	112,8,1	96,8,1	48,8,1	112,8,1	112,8,1	112,8,1
Tinh S­¬ng-H¹o Thiªn KiÕm	120,8,1	120,8,1		88,8,1					120,8,1					88,8,1				64,8,1				88,8,1				128,8,1	112,8,1							96,8,1					112,8,1	96,8,1	80,8,1	96,8,1	112,8,1	96,8,1	48,8,1	112,8,1	112,8,1	112,8,1
Tinh S­¬ng-Thanh H­ KiÕm	120,8,1	120,8,1		88,8,1					120,8,1					88,8,1				64,8,1				88,8,1				128,8,1	112,8,1							96,8,1					112,8,1	96,8,1	80,8,1	96,8,1	112,8,1	96,8,1	48,8,1	112,8,1	112,8,1	112,8,1
NguyÖt KhuyÕt Träng KiÕp TriÒn Thñ	120,8,1	120,8,1	88,8,1				120,8,1	120,8,1				88,8,1	88,8,1				72,8,1				96,8,1				144,8,1							128,8,1	96,8,1				72,8,1	160,8,1	112,8,1	96,8,1	80,8,1	96,8,1	112,8,1	96,8,1	48,8,1	112,8,1	112,8,1	112,8,1
NguyÖt KhuyÕt S¸t KiÕp Ph¸p C«n	120,8,1	120,8,1			88,8,1					120,8,1					88,8,1				56,8,1				120,8,1					96,8,1	96,8,1						104,8,1				112,8,1	96,8,1	80,8,1	96,8,1	112,8,1	96,8,1	48,8,1	112,8,1	112,8,1	112,8,1
NguyÖt KhuyÕt Ph¸ KiÕp Giíi §ao	120,8,1	120,8,1		88,8,1					120,8,1					88,8,1				64,8,1				88,8,1				128,8,1	112,8,1							96,8,1					112,8,1	96,8,1	80,8,1	96,8,1	112,8,1	96,8,1	48,8,1	112,8,1	112,8,1	112,8,1
NguyÖt KhuyÕt PhÊn Vò ThÇn Chïy	120,8,1	120,8,1				88,8,1					120,8,1					88,8,1				96,8,1				144,8,1						128,8,1	96,8,1					128,8,1			112,8,1	96,8,1	80,8,1	96,8,1	112,8,1	96,8,1	48,8,1	112,8,1	112,8,1	112,8,1
NguyÖt KhuyÕt Phong Yªn  Th­¬ng	120,8,1	120,8,1			88,8,1					120,8,1					88,8,1				56,8,1				120,8,1					96,8,1	96,8,1						104,8,1				112,8,1	96,8,1	80,8,1	96,8,1	112,8,1	96,8,1	48,8,1	112,8,1	112,8,1	112,8,1
NguyÖt KhuyÕt Tr­êng Kh«ng B¶o §ao	120,8,1	120,8,1		88,8,1					120,8,1					88,8,1				64,8,1				88,8,1				128,8,1	112,8,1							96,8,1					112,8,1	96,8,1	80,8,1	96,8,1	112,8,1	96,8,1	48,8,1	112,8,1	112,8,1	112,8,1
NguyÖt KhuyÕt Kinh Hång B¶o KiÕm																																																
NguyÖt KhuyÕt HiÓu NguyÖt TriÒn Thñ	120,8,1	120,8,1	88,8,1				120,8,1	120,8,1				88,8,1	88,8,1				72,8,1				96,8,1				144,8,1							128,8,1	96,8,1				72,8,1	160,8,1	112,8,1	96,8,1	80,8,1	96,8,1	112,8,1	96,8,1	48,8,1	112,8,1	112,8,1	112,8,1
NguyÖt KhuyÕt T­¬ng T­ B¶o §ao																																																
NguyÖt KhuyÕt Phong NguyÖt Uyªn ¦¬ng §ao																																																
NguyÖt KhuyÕt B¸ch §éc TriÒn Thñ	120,8,1	120,8,1	88,8,1				120,8,1	120,8,1				88,8,1	88,8,1				72,8,1				96,8,1				144,8,1							128,8,1	96,8,1				72,8,1	160,8,1	112,8,1	96,8,1	80,8,1	96,8,1	112,8,1	96,8,1	48,8,1	112,8,1	112,8,1	112,8,1
NguyÖt KhuyÕt U Minh HuyÕt NhÉn	120,8,1	120,8,1		88,8,1					120,8,1					88,8,1				64,8,1				88,8,1				128,8,1	112,8,1							96,8,1					112,8,1	96,8,1	80,8,1	96,8,1	112,8,1	96,8,1	48,8,1	112,8,1	112,8,1	112,8,1
NguyÖt KhuyÕt Th«i MÖnh Phi §ao	120,8,1	120,8,1	88,8,1				120,8,1	120,8,1				88,8,1	88,8,1				72,8,1				96,8,1				144,8,1							128,8,1	96,8,1				72,8,1	160,8,1	112,8,1	96,8,1	80,8,1	96,8,1	112,8,1	96,8,1	48,8,1	112,8,1	112,8,1	112,8,1
NguyÖt KhuyÕt BÝ §éc Tô TiÔn	120,8,1	120,8,1	88,8,1				120,8,1	120,8,1				88,8,1	88,8,1				72,8,1				96,8,1				144,8,1							128,8,1	96,8,1				72,8,1	160,8,1	112,8,1	96,8,1	80,8,1	96,8,1	112,8,1	96,8,1	48,8,1	112,8,1	112,8,1	112,8,1
NguyÖt KhuyÕt M¹n §å Phi Tiªu	120,8,1	120,8,1	88,8,1				120,8,1	120,8,1				88,8,1	88,8,1				72,8,1				96,8,1				144,8,1							128,8,1	96,8,1				72,8,1	160,8,1	112,8,1	96,8,1	80,8,1	96,8,1	112,8,1	96,8,1	48,8,1	112,8,1	112,8,1	112,8,1
NguyÖt KhuyÕt XÝch Long TriÒn Thñ	120,8,1	120,8,1	88,8,1				120,8,1	120,8,1				88,8,1	88,8,1				72,8,1				96,8,1				144,8,1							128,8,1	96,8,1				72,8,1	160,8,1	112,8,1	96,8,1	80,8,1	96,8,1	112,8,1	96,8,1	48,8,1	112,8,1	112,8,1	112,8,1
NguyÖt KhuyÕt Hµo KiÖt Tr­îng	120,8,1	120,8,1			88,8,1					120,8,1					88,8,1				56,8,1				120,8,1					96,8,1	96,8,1						104,8,1				112,8,1	96,8,1	80,8,1	96,8,1	112,8,1	96,8,1	48,8,1	112,8,1	112,8,1	112,8,1
NguyÖt KhuyÕt Tham Lang Th­¬ng	120,8,1	120,8,1			88,8,1					120,8,1					88,8,1				56,8,1				120,8,1					96,8,1	96,8,1						104,8,1				112,8,1	96,8,1	80,8,1	96,8,1	112,8,1	96,8,1	48,8,1	112,8,1	112,8,1	112,8,1
NguyÖt KhuyÕt LiÖt D­¬ng B¶o §ao	120,8,1	120,8,1		88,8,1					120,8,1					88,8,1				64,8,1				88,8,1				128,8,1	112,8,1							96,8,1					112,8,1	96,8,1	80,8,1	96,8,1	112,8,1	96,8,1	48,8,1	112,8,1	112,8,1	112,8,1
NguyÖt KhuyÕt Linh §éng ThÇn KiÕm	120,8,1	120,8,1		88,8,1					120,8,1					88,8,1				64,8,1				88,8,1				128,8,1	112,8,1							96,8,1					112,8,1	96,8,1	80,8,1	96,8,1	112,8,1	96,8,1	48,8,1	112,8,1	112,8,1	112,8,1
NguyÖt KhuyÕt ¶o ¶nh ThÇn KiÕm	120,8,1	120,8,1		88,8,1					120,8,1					88,8,1				64,8,1				88,8,1				128,8,1	112,8,1							96,8,1					112,8,1	96,8,1	80,8,1	96,8,1	112,8,1	96,8,1	48,8,1	112,8,1	112,8,1	112,8,1
NguyÖt KhuyÕt L¨ng Phong B¶o §ao	120,8,1	120,8,1		88,8,1					120,8,1					88,8,1				64,8,1				88,8,1				128,8,1	112,8,1							96,8,1					112,8,1	96,8,1	80,8,1	96,8,1	112,8,1	96,8,1	48,8,1	112,8,1	112,8,1	112,8,1
NguyÖt KhuyÕt Méc Vò ThÇn KiÕm	120,8,1	120,8,1		88,8,1					120,8,1					88,8,1				64,8,1				88,8,1				128,8,1	112,8,1							96,8,1					112,8,1	96,8,1	80,8,1	96,8,1	112,8,1	96,8,1	48,8,1	112,8,1	112,8,1	112,8,1
NguyÖt KhuyÕt DËt ¶nh KiÕm	120,8,1	120,8,1		88,8,1					120,8,1					88,8,1				64,8,1				88,8,1				128,8,1	112,8,1							96,8,1					112,8,1	96,8,1	80,8,1	96,8,1	112,8,1	96,8,1	48,8,1	112,8,1	112,8,1	112,8,1
NguyÖt KhuyÕt Thanh Phong KiÕm	120,8,1	120,8,1		88,8,1					120,8,1					88,8,1				64,8,1				88,8,1				128,8,1	112,8,1							96,8,1					112,8,1	96,8,1	80,8,1	96,8,1	112,8,1	96,8,1	48,8,1	112,8,1	112,8,1	112,8,1
DiÖu D­¬ng Träng KiÕp TriÒn Thñ	120,8,1	120,8,1	88,8,1				120,8,1	120,8,1				88,8,1	88,8,1				72,8,1				96,8,1				144,8,1							128,8,1	96,8,1				72,8,1	160,8,1	112,8,1	96,8,1	80,8,1	96,8,1	112,8,1	96,8,1	48,8,1	112,8,1	112,8,1	112,8,1
DiÖu D­¬ng S¸t KiÕp Ph¸p C«n	120,8,1	120,8,1			88,8,1					120,8,1					88,8,1				56,8,1				120,8,1					96,8,1	96,8,1						104,8,1				112,8,1	96,8,1	80,8,1	96,8,1	112,8,1	96,8,1	48,8,1	112,8,1	112,8,1	112,8,1
DiÖu D­¬ng Ph¸ KiÕp Giíi §ao	120,8,1	120,8,1		88,8,1					120,8,1					88,8,1				64,8,1				88,8,1				128,8,1	112,8,1							96,8,1					112,8,1	96,8,1	80,8,1	96,8,1	112,8,1	96,8,1	48,8,1	112,8,1	112,8,1	112,8,1
DiÖu D­¬ng PhÊn Vò ThÇn Chïy	120,8,1	120,8,1				88,8,1					120,8,1					88,8,1				96,8,1				144,8,1						128,8,1	96,8,1					128,8,1			112,8,1	96,8,1	80,8,1	96,8,1	112,8,1	96,8,1	48,8,1	112,8,1	112,8,1	112,8,1
DiÖu D­¬ng Phong Yªn Th­¬ng	120,8,1	120,8,1			88,8,1					120,8,1					88,8,1				56,8,1				120,8,1					96,8,1	96,8,1						104,8,1				112,8,1	96,8,1	80,8,1	96,8,1	112,8,1	96,8,1	48,8,1	112,8,1	112,8,1	112,8,1
DiÖu D­¬ng Tr­êng Kh«ng B¶o §ao	120,8,1	120,8,1		88,8,1					120,8,1					88,8,1				64,8,1				88,8,1				128,8,1	112,8,1							96,8,1					112,8,1	96,8,1	80,8,1	96,8,1	112,8,1	96,8,1	48,8,1	112,8,1	112,8,1	112,8,1
DiÖu D­¬ng Kinh Hång B¶o KiÕm																																																
DiÖu D­¬ng HiÓu NguyÖt TriÒn Thñ	120,8,1	120,8,1	88,8,1				120,8,1	120,8,1				88,8,1	88,8,1				72,8,1				96,8,1				144,8,1							128,8,1	96,8,1				72,8,1	160,8,1	112,8,1	96,8,1	80,8,1	96,8,1	112,8,1	96,8,1	48,8,1	112,8,1	112,8,1	112,8,1
DiÖu D­¬ng T­¬ng T­ B¶o §ao																																																
DiÖu D­¬ng Phong NguyÖt Uyªn ¦¬ng §ao																																																
DiÖu D­¬ng B¸ch §éc TriÒn Thñ	120,8,1	120,8,1	88,8,1				120,8,1	120,8,1				88,8,1	88,8,1				72,8,1				96,8,1				144,8,1							128,8,1	96,8,1				72,8,1	160,8,1	112,8,1	96,8,1	80,8,1	96,8,1	112,8,1	96,8,1	48,8,1	112,8,1	112,8,1	112,8,1
DiÖu D­¬ng U Minh HuyÕt NhÉn	120,8,1	120,8,1		88,8,1					120,8,1					88,8,1				64,8,1				88,8,1				128,8,1	112,8,1							96,8,1					112,8,1	96,8,1	80,8,1	96,8,1	112,8,1	96,8,1	48,8,1	112,8,1	112,8,1	112,8,1
DiÖu D­¬ng Th«i MÖnh Phi §ao	120,8,1	120,8,1	88,8,1				120,8,1	120,8,1				88,8,1	88,8,1				72,8,1				96,8,1				144,8,1							128,8,1	96,8,1				72,8,1	160,8,1	112,8,1	96,8,1	80,8,1	96,8,1	112,8,1	96,8,1	48,8,1	112,8,1	112,8,1	112,8,1
DiÖu D­¬ng BÝ §éc Tô TiÔn	120,8,1	120,8,1	88,8,1				120,8,1	120,8,1				88,8,1	88,8,1				72,8,1				96,8,1				144,8,1							128,8,1	96,8,1				72,8,1	160,8,1	112,8,1	96,8,1	80,8,1	96,8,1	112,8,1	96,8,1	48,8,1	112,8,1	112,8,1	112,8,1
DiÖu D­¬ng M¹n §å Phi Tiªu	120,8,1	120,8,1	88,8,1				120,8,1	120,8,1				88,8,1	88,8,1				72,8,1				96,8,1				144,8,1							128,8,1	96,8,1				72,8,1	160,8,1	112,8,1	96,8,1	80,8,1	96,8,1	112,8,1	96,8,1	48,8,1	112,8,1	112,8,1	112,8,1
DiÖu D­¬ng XÝch Long TriÒn Thñ	120,8,1	120,8,1	88,8,1				120,8,1	120,8,1				88,8,1	88,8,1				72,8,1				96,8,1				144,8,1							128,8,1	96,8,1				72,8,1	160,8,1	112,8,1	96,8,1	80,8,1	96,8,1	112,8,1	96,8,1	48,8,1	112,8,1	112,8,1	112,8,1
DiÖu D­¬ng Hµo KiÖt Tr­îng	120,8,1	120,8,1			88,8,1					120,8,1					88,8,1				56,8,1				120,8,1					96,8,1	96,8,1						104,8,1				112,8,1	96,8,1	80,8,1	96,8,1	112,8,1	96,8,1	48,8,1	112,8,1	112,8,1	112,8,1
DiÖu D­¬ng Tham Lang Th­¬ng	120,8,1	120,8,1			88,8,1					120,8,1					88,8,1				56,8,1				120,8,1					96,8,1	96,8,1						104,8,1				112,8,1	96,8,1	80,8,1	96,8,1	112,8,1	96,8,1	48,8,1	112,8,1	112,8,1	112,8,1
DiÖu D­¬ng LiÖt D­¬ng B¶o §ao	120,8,1	120,8,1		88,8,1					120,8,1					88,8,1				64,8,1				88,8,1				128,8,1	112,8,1							96,8,1					112,8,1	96,8,1	80,8,1	96,8,1	112,8,1	96,8,1	48,8,1	112,8,1	112,8,1	112,8,1
DiÖu D­¬ng Linh §éng ThÇn KiÕm	120,8,1	120,8,1		88,8,1					120,8,1					88,8,1				64,8,1				88,8,1				128,8,1	112,8,1							96,8,1					112,8,1	96,8,1	80,8,1	96,8,1	112,8,1	96,8,1	48,8,1	112,8,1	112,8,1	112,8,1
DiÖu D­¬ng ¶o ¶nh ThÇn KiÕm	120,8,1	120,8,1		88,8,1					120,8,1					88,8,1				64,8,1				88,8,1				128,8,1	112,8,1							96,8,1					112,8,1	96,8,1	80,8,1	96,8,1	112,8,1	96,8,1	48,8,1	112,8,1	112,8,1	112,8,1
DiÖu D­¬ng L¨ng Phong B¶o §ao	120,8,1	120,8,1		88,8,1					120,8,1					88,8,1				64,8,1				88,8,1				128,8,1	112,8,1							96,8,1					112,8,1	96,8,1	80,8,1	96,8,1	112,8,1	96,8,1	48,8,1	112,8,1	112,8,1	112,8,1
DiÖu D­¬ng Méc Vò ThÇn KiÕm	120,8,1	120,8,1		88,8,1					120,8,1					88,8,1				64,8,1				88,8,1				128,8,1	112,8,1							96,8,1					112,8,1	96,8,1	80,8,1	96,8,1	112,8,1	96,8,1	48,8,1	112,8,1	112,8,1	112,8,1
DiÖu D­¬ng DËt ¶nh KiÕm	120,8,1	120,8,1		88,8,1					120,8,1					88,8,1				64,8,1				88,8,1				128,8,1	112,8,1							96,8,1					112,8,1	96,8,1	80,8,1	96,8,1	112,8,1	96,8,1	48,8,1	112,8,1	112,8,1	112,8,1
DiÖu D­¬ng Thanh Phong KiÕm	120,8,1	120,8,1		88,8,1					120,8,1					88,8,1				64,8,1				88,8,1				128,8,1	112,8,1							96,8,1					112,8,1	96,8,1	80,8,1	96,8,1	112,8,1	96,8,1	48,8,1	112,8,1	112,8,1	112,8,1
null																																																
