EqName	FreeStand1	FreeStand2	FreeStand3	MeleeWStand	RangeWStand	DoubleWStand	FreeWalk	NormalWalk	MeleeWWalk	RangeWWalk	DoubleWWalk	FreeRun	NormalRun	MeleeWRun	RangeWRun	DoubleWRun	FreeWound	MeleeWWound	RangeWWound	DoubleWWound	FreeDie	MeleeWDie	RangeWDie	DoubleWDie	FreeAttack	MeleeWPuncture	MeleeWCut	RangeWPuncture	RangeWCut	DoubleWPull	DoubleWPound	DartThrow	FreeMagic	MeleeWMagic	RangeWMagic	DoubleWMagic	SitDown	Jump	RideStand	RideWalk	RideRun	RideCut	RidePuncture	RideMagic	RideWound	RideDie	RideStand1	RideStand2
ph«n Æ«u 01	120,8,1	120,8,1	88,8,1	88,8,1	88,8,1	88,8,1	120,8,1	120,8,1	120,8,1	120,8,1	120,8,1	88,8,1	88,8,1	88,8,1	88,8,1	88,8,1	72,8,1	64,8,1	56,8,1	96,8,1	96,8,1	88,8,1	120,8,1	144,8,1	144,8,1	128,8,1	112,8,1	96,8,1	96,8,1	128,8,1	96,8,1	128,8,1	96,8,1	96,8,1	104,8,1	128,8,1	72,8,1	160,8,1	112,8,1	96,8,1	80,8,1	96,8,1	112,8,1	96,8,1	48,8,1	112,8,1	112,8,1	112,8,1
ph«n Æ«u 02	120,8,1	120,8,1	88,8,1	88,8,1	88,8,1	88,8,1	120,8,1	120,8,1	120,8,1	120,8,1	120,8,1	88,8,1	88,8,1	88,8,1	88,8,1	88,8,1	72,8,1	64,8,1	56,8,1	96,8,1	96,8,1	88,8,1	120,8,1	144,8,1	144,8,1	128,8,1	112,8,1	96,8,1	96,8,1	128,8,1	96,8,1	128,8,1	96,8,1	96,8,1	104,8,1	128,8,1	72,8,1	160,8,1	112,8,1	96,8,1	80,8,1	96,8,1	112,8,1	96,8,1	48,8,1	112,8,1	112,8,1	112,8,1
ph«n Æ«u 03	120,8,1	120,8,1	88,8,1	88,8,1	88,8,1	88,8,1	120,8,1	120,8,1	120,8,1	120,8,1	120,8,1	88,8,1	88,8,1	88,8,1	88,8,1	88,8,1	72,8,1	64,8,1	56,8,1	96,8,1	96,8,1	88,8,1	120,8,1	144,8,1	144,8,1	128,8,1	112,8,1	96,8,1	96,8,1	128,8,1	96,8,1	128,8,1	96,8,1	96,8,1	104,8,1	128,8,1	72,8,1	160,8,1	112,8,1	96,8,1	80,8,1	96,8,1	112,8,1	96,8,1	48,8,1	112,8,1	112,8,1	112,8,1
ph«n Æ«u 04	120,8,1	120,8,1	88,8,1	88,8,1	88,8,1	88,8,1	120,8,1	120,8,1	120,8,1	120,8,1	120,8,1	88,8,1	88,8,1	88,8,1	88,8,1	88,8,1	72,8,1	64,8,1	56,8,1	96,8,1	96,8,1	88,8,1	120,8,1	144,8,1	144,8,1	128,8,1	112,8,1	96,8,1	96,8,1	128,8,1	96,8,1	128,8,1	96,8,1	96,8,1	104,8,1	128,8,1	72,8,1	160,8,1	112,8,1	96,8,1	80,8,1	96,8,1	112,8,1	96,8,1	48,8,1	112,8,1	112,8,1	112,8,1
ph«n Æ«u 05	120,8,1	120,8,1	88,8,1	88,8,1	88,8,1	88,8,1	120,8,1	120,8,1	120,8,1	120,8,1	120,8,1	88,8,1	88,8,1	88,8,1	88,8,1	88,8,1	72,8,1	64,8,1	56,8,1	96,8,1	96,8,1	88,8,1	120,8,1	144,8,1	144,8,1	128,8,1	112,8,1	96,8,1	96,8,1	128,8,1	96,8,1	128,8,1	96,8,1	96,8,1	104,8,1	128,8,1	72,8,1	160,8,1	112,8,1	96,8,1	80,8,1	96,8,1	112,8,1	96,8,1	48,8,1	112,8,1	112,8,1	112,8,1
ph«n Æ«u 06	120,8,1	120,8,1	88,8,1	88,8,1	88,8,1	88,8,1	120,8,1	120,8,1	120,8,1	120,8,1	120,8,1	88,8,1	88,8,1	88,8,1	88,8,1	88,8,1	72,8,1	64,8,1	56,8,1	96,8,1	96,8,1	88,8,1	120,8,1	144,8,1	144,8,1	128,8,1	112,8,1	96,8,1	96,8,1	128,8,1	96,8,1	128,8,1	96,8,1	96,8,1	104,8,1	128,8,1	72,8,1	160,8,1	112,8,1	96,8,1	80,8,1	96,8,1	112,8,1	96,8,1	48,8,1	112,8,1	112,8,1	112,8,1
ph«n Æ«u 07	120,8,1	120,8,1	88,8,1	88,8,1	88,8,1	88,8,1	120,8,1	120,8,1	120,8,1	120,8,1	120,8,1	88,8,1	88,8,1	88,8,1	88,8,1	88,8,1	72,8,1	64,8,1	56,8,1	96,8,1	96,8,1	88,8,1	120,8,1	144,8,1	144,8,1	128,8,1	112,8,1	96,8,1	96,8,1	128,8,1	96,8,1	128,8,1	96,8,1	96,8,1	104,8,1	128,8,1	72,8,1	160,8,1	112,8,1	96,8,1	80,8,1	96,8,1	112,8,1	96,8,1	48,8,1	112,8,1	112,8,1	112,8,1
ph«n Æ«u 08	120,8,1	120,8,1	88,8,1	88,8,1	88,8,1	88,8,1	120,8,1	120,8,1	120,8,1	120,8,1	120,8,1	88,8,1	88,8,1	88,8,1	88,8,1	88,8,1	72,8,1	64,8,1	56,8,1	96,8,1	96,8,1	88,8,1	120,8,1	144,8,1	144,8,1	128,8,1	112,8,1	96,8,1	96,8,1	128,8,1	96,8,1	128,8,1	96,8,1	96,8,1	104,8,1	128,8,1	72,8,1	160,8,1	112,8,1	96,8,1	80,8,1	96,8,1	112,8,1	96,8,1	48,8,1	112,8,1	112,8,1	112,8,1
ph«n Æ«u 09	120,8,1	120,8,1	88,8,1	88,8,1	88,8,1	88,8,1	120,8,1	120,8,1	120,8,1	120,8,1	120,8,1	88,8,1	88,8,1	88,8,1	88,8,1	88,8,1	72,8,1	64,8,1	56,8,1	96,8,1	96,8,1	88,8,1	120,8,1	144,8,1	144,8,1	128,8,1	112,8,1	96,8,1	96,8,1	128,8,1	96,8,1	128,8,1	96,8,1	96,8,1	104,8,1	128,8,1	72,8,1	160,8,1	112,8,1	96,8,1	80,8,1	96,8,1	112,8,1	96,8,1	48,8,1	112,8,1	112,8,1	112,8,1
ph«n Æ«u 10	120,8,1	120,8,1	88,8,1	88,8,1	88,8,1	88,8,1	120,8,1	120,8,1	120,8,1	120,8,1	120,8,1	88,8,1	88,8,1	88,8,1	88,8,1	88,8,1	72,8,1	64,8,1	56,8,1	96,8,1	96,8,1	88,8,1	120,8,1	144,8,1	144,8,1	128,8,1	112,8,1	96,8,1	96,8,1	128,8,1	96,8,1	128,8,1	96,8,1	96,8,1	104,8,1	128,8,1	72,8,1	160,8,1	112,8,1	96,8,1	80,8,1	96,8,1	112,8,1	96,8,1	48,8,1	112,8,1	112,8,1	112,8,1
ph«n Æ«u 11	120,8,1	120,8,1	88,8,1	88,8,1	88,8,1	88,8,1	120,8,1	120,8,1	120,8,1	120,8,1	120,8,1	88,8,1	88,8,1	88,8,1	88,8,1	88,8,1	72,8,1	64,8,1	56,8,1	96,8,1	96,8,1	88,8,1	120,8,1	144,8,1	144,8,1	128,8,1	112,8,1	96,8,1	96,8,1	128,8,1	96,8,1	128,8,1	96,8,1	96,8,1	104,8,1	128,8,1	72,8,1	160,8,1	112,8,1	96,8,1	80,8,1	96,8,1	112,8,1	96,8,1	48,8,1	112,8,1	112,8,1	112,8,1
ph«n Æ«u 12	120,8,1	120,8,1	88,8,1	88,8,1	88,8,1	88,8,1	120,8,1	120,8,1	120,8,1	120,8,1	120,8,1	88,8,1	88,8,1	88,8,1	88,8,1	88,8,1	72,8,1	64,8,1	56,8,1	96,8,1	96,8,1	88,8,1	120,8,1	144,8,1	144,8,1	128,8,1	112,8,1	96,8,1	96,8,1	128,8,1	96,8,1	128,8,1	96,8,1	96,8,1	104,8,1	128,8,1	72,8,1	160,8,1	112,8,1	96,8,1	80,8,1	96,8,1	112,8,1	96,8,1	48,8,1	112,8,1	112,8,1	112,8,1
ph«n Æ«u 13	120,8,1	120,8,1	88,8,1	88,8,1	88,8,1	88,8,1	120,8,1	120,8,1	120,8,1	120,8,1	120,8,1	88,8,1	88,8,1	88,8,1	88,8,1	88,8,1	72,8,1	64,8,1	56,8,1	96,8,1	96,8,1	88,8,1	120,8,1	144,8,1	144,8,1	128,8,1	112,8,1	96,8,1	96,8,1	128,8,1	96,8,1	128,8,1	96,8,1	96,8,1	104,8,1	128,8,1	72,8,1	160,8,1	112,8,1	96,8,1	80,8,1	96,8,1	112,8,1	96,8,1	48,8,1	112,8,1	112,8,1	112,8,1
ph«n Æ«u 14	120,8,1	120,8,1	88,8,1	88,8,1	88,8,1	88,8,1	120,8,1	120,8,1	120,8,1	120,8,1	120,8,1	88,8,1	88,8,1	88,8,1	88,8,1	88,8,1	72,8,1	64,8,1	56,8,1	96,8,1	96,8,1	88,8,1	120,8,1	144,8,1	144,8,1	128,8,1	112,8,1	96,8,1	96,8,1	128,8,1	96,8,1	128,8,1	96,8,1	96,8,1	104,8,1	128,8,1	72,8,1	160,8,1	112,8,1	96,8,1	80,8,1	96,8,1	112,8,1	96,8,1	48,8,1	112,8,1	112,8,1	112,8,1
ph«n Æ«u 15	120,8,1	120,8,1	88,8,1	88,8,1	88,8,1	88,8,1	120,8,1	120,8,1	120,8,1	120,8,1	120,8,1	88,8,1	88,8,1	88,8,1	88,8,1	88,8,1	72,8,1	64,8,1	56,8,1	96,8,1	96,8,1	88,8,1	120,8,1	144,8,1	144,8,1	128,8,1	112,8,1	96,8,1	96,8,1	128,8,1	96,8,1	128,8,1	96,8,1	96,8,1	104,8,1	128,8,1	72,8,1	160,8,1	112,8,1	96,8,1	80,8,1	96,8,1	112,8,1	96,8,1	48,8,1	112,8,1	112,8,1	112,8,1
ph«n Æ«u 16	120,8,1	120,8,1	88,8,1	88,8,1	88,8,1	88,8,1	120,8,1	120,8,1	120,8,1	120,8,1	120,8,1	88,8,1	88,8,1	88,8,1	88,8,1	88,8,1	72,8,1	64,8,1	56,8,1	96,8,1	96,8,1	88,8,1	120,8,1	144,8,1	144,8,1	128,8,1	112,8,1	96,8,1	96,8,1	128,8,1	96,8,1	128,8,1	96,8,1	96,8,1	104,8,1	128,8,1	72,8,1	160,8,1	112,8,1	96,8,1	80,8,1	96,8,1	112,8,1	96,8,1	48,8,1	112,8,1	112,8,1	112,8,1
ph«n Æ«u 17	120,8,1	120,8,1	88,8,1	88,8,1	88,8,1	88,8,1	120,8,1	120,8,1	120,8,1	120,8,1	120,8,1	88,8,1	88,8,1	88,8,1	88,8,1	88,8,1	72,8,1	64,8,1	56,8,1	96,8,1	96,8,1	88,8,1	120,8,1	144,8,1	144,8,1	128,8,1	112,8,1	96,8,1	96,8,1	128,8,1	96,8,1	128,8,1	96,8,1	96,8,1	104,8,1	128,8,1	72,8,1	160,8,1	112,8,1	96,8,1	80,8,1	96,8,1	112,8,1	96,8,1	48,8,1	112,8,1	112,8,1	112,8,1
ph«n Æ«u 18	120,8,1	120,8,1	88,8,1	88,8,1	88,8,1	88,8,1	120,8,1	120,8,1	120,8,1	120,8,1	120,8,1	88,8,1	88,8,1	88,8,1	88,8,1	88,8,1	72,8,1	64,8,1	56,8,1	96,8,1	96,8,1	88,8,1	120,8,1	144,8,1	144,8,1	128,8,1	112,8,1	96,8,1	96,8,1	128,8,1	96,8,1	128,8,1	96,8,1	96,8,1	104,8,1	128,8,1	72,8,1	160,8,1	112,8,1	96,8,1	80,8,1	96,8,1	112,8,1	96,8,1	48,8,1	112,8,1	112,8,1	112,8,1
ph«n Æ«u 19	120,8,1	120,8,1	88,8,1	88,8,1	88,8,1	88,8,1	120,8,1	120,8,1	120,8,1	120,8,1	120,8,1	88,8,1	88,8,1	88,8,1	88,8,1	88,8,1	72,8,1	64,8,1	56,8,1	96,8,1	96,8,1	88,8,1	120,8,1	144,8,1	144,8,1	128,8,1	112,8,1	96,8,1	96,8,1	128,8,1	96,8,1	128,8,1	96,8,1	96,8,1	104,8,1	128,8,1	72,8,1	160,8,1	112,8,1	96,8,1	80,8,1	96,8,1	112,8,1	96,8,1	48,8,1	112,8,1	112,8,1	112,8,1
ph«n Æ«u 20	120,8,1	120,8,1	88,8,1	88,8,1	88,8,1	88,8,1	120,8,1	120,8,1	120,8,1	120,8,1	120,8,1	88,8,1	88,8,1	88,8,1	88,8,1	88,8,1	72,8,1	64,8,1	56,8,1	96,8,1	96,8,1	88,8,1	120,8,1	144,8,1	144,8,1	128,8,1	112,8,1	96,8,1	96,8,1	128,8,1	96,8,1	128,8,1	96,8,1	96,8,1	104,8,1	128,8,1	72,8,1	160,8,1	112,8,1	96,8,1	80,8,1	96,8,1	112,8,1	96,8,1	48,8,1	112,8,1	112,8,1	112,8,1
ph«n Æ«u 21	120,8,1	120,8,1	88,8,1	88,8,1	88,8,1	88,8,1	120,8,1	120,8,1	120,8,1	120,8,1	120,8,1	88,8,1	88,8,1	88,8,1	88,8,1	88,8,1	72,8,1	64,8,1	56,8,1	96,8,1	96,8,1	88,8,1	120,8,1	144,8,1	144,8,1	128,8,1	112,8,1	96,8,1	96,8,1	128,8,1	96,8,1	128,8,1	96,8,1	96,8,1	104,8,1	128,8,1	72,8,1	160,8,1	112,8,1	96,8,1	80,8,1	96,8,1	112,8,1	96,8,1	48,8,1	112,8,1	112,8,1	112,8,1
ph«n Æ«u 22	120,8,1	120,8,1	88,8,1	88,8,1	88,8,1	88,8,1	120,8,1	120,8,1	120,8,1	120,8,1	120,8,1	88,8,1	88,8,1	88,8,1	88,8,1	88,8,1	72,8,1	64,8,1	56,8,1	96,8,1	96,8,1	88,8,1	120,8,1	144,8,1	144,8,1	128,8,1	112,8,1	96,8,1	96,8,1	128,8,1	96,8,1	128,8,1	96,8,1	96,8,1	104,8,1	128,8,1	72,8,1	160,8,1	112,8,1	96,8,1	80,8,1	96,8,1	112,8,1	96,8,1	48,8,1	112,8,1	112,8,1	112,8,1
Õ∑≤ø23	120,8,1	120,8,1	88,8,1	88,8,1	88,8,1	88,8,1	120,8,1	120,8,1	120,8,1	120,8,1	120,8,1	88,8,1	88,8,1	88,8,1	88,8,1	88,8,1	72,8,1	64,8,1	56,8,1	96,8,1	96,8,1	88,8,1	120,8,1	144,8,1	144,8,1	128,8,1	112,8,1	96,8,1	96,8,1	128,8,1	96,8,1	128,8,1	96,8,1	96,8,1	104,8,1	128,8,1	72,8,1	160,8,1	112,8,1	96,8,1	80,8,1	96,8,1	112,8,1	96,8,1	48,8,1	112,8,1	112,8,1	112,8,1
Õ∑≤ø24	120,8,1	120,8,1	88,8,1	88,8,1	88,8,1	88,8,1	120,8,1	120,8,1	120,8,1	120,8,1	120,8,1	88,8,1	88,8,1	88,8,1	88,8,1	88,8,1	72,8,1	64,8,1	56,8,1	96,8,1	96,8,1	88,8,1	120,8,1	144,8,1	144,8,1	128,8,1	112,8,1	96,8,1	96,8,1	128,8,1	96,8,1	128,8,1	96,8,1	96,8,1	104,8,1	128,8,1	72,8,1	160,8,1	112,8,1	96,8,1	80,8,1	96,8,1	112,8,1	96,8,1	48,8,1	112,8,1	112,8,1	112,8,1
Õ∑≤ø25	120,8,1	120,8,1	88,8,1	88,8,1	88,8,1	88,8,1	120,8,1	120,8,1	120,8,1	120,8,1	120,8,1	88,8,1	88,8,1	88,8,1	88,8,1	88,8,1	72,8,1	64,8,1	56,8,1	96,8,1	96,8,1	88,8,1	120,8,1	144,8,1	144,8,1	128,8,1	112,8,1	96,8,1	96,8,1	128,8,1	96,8,1	128,8,1	96,8,1	96,8,1	104,8,1	128,8,1	72,8,1	160,8,1	112,8,1	96,8,1	80,8,1	96,8,1	112,8,1	96,8,1	48,8,1	112,8,1	112,8,1	112,8,1
Õ∑≤ø26	120,8,1	120,8,1	88,8,1	88,8,1	88,8,1	88,8,1	120,8,1	120,8,1	120,8,1	120,8,1	120,8,1	88,8,1	88,8,1	88,8,1	88,8,1	88,8,1	72,8,1	64,8,1	56,8,1	96,8,1	96,8,1	88,8,1	120,8,1	144,8,1	144,8,1	128,8,1	112,8,1	96,8,1	96,8,1	128,8,1	96,8,1	128,8,1	96,8,1	96,8,1	104,8,1	128,8,1	72,8,1	160,8,1	112,8,1	96,8,1	80,8,1	96,8,1	112,8,1	96,8,1	48,8,1	112,8,1	112,8,1	112,8,1
Õ∑≤ø27	120,8,1	120,8,1	88,8,1	88,8,1	88,8,1	88,8,1	120,8,1	120,8,1	120,8,1	120,8,1	120,8,1	88,8,1	88,8,1	88,8,1	88,8,1	88,8,1	72,8,1	64,8,1	56,8,1	96,8,1	96,8,1	88,8,1	120,8,1	144,8,1	144,8,1	128,8,1	112,8,1	96,8,1	96,8,1	128,8,1	96,8,1	128,8,1	96,8,1	96,8,1	104,8,1	128,8,1	72,8,1	160,8,1	112,8,1	96,8,1	80,8,1	96,8,1	112,8,1	96,8,1	48,8,1	112,8,1	112,8,1	112,8,1
Õ∑≤ø28	120,8,1	120,8,1	88,8,1	88,8,1	88,8,1	88,8,1	120,8,1	120,8,1	120,8,1	120,8,1	120,8,1	88,8,1	88,8,1	88,8,1	88,8,1	88,8,1	72,8,1	64,8,1	56,8,1	96,8,1	96,8,1	88,8,1	120,8,1	144,8,1	144,8,1	128,8,1	112,8,1	96,8,1	96,8,1	128,8,1	96,8,1	128,8,1	96,8,1	96,8,1	104,8,1	128,8,1	72,8,1	160,8,1	112,8,1	96,8,1	80,8,1	96,8,1	112,8,1	96,8,1	48,8,1	112,8,1	112,8,1	112,8,1
Õ∑≤ø29	120,8,1	120,8,1	88,8,1	88,8,1	88,8,1	88,8,1	120,8,1	120,8,1	120,8,1	120,8,1	120,8,1	88,8,1	88,8,1	88,8,1	88,8,1	88,8,1	72,8,1	64,8,1	48,8,1	104,8,1	96,8,1	88,8,1	120,8,1	144,8,1	144,8,1	128,8,1	112,8,1	96,8,1	104,8,1	136,8,1	96,8,1	128,8,1	96,8,1	96,8,1	104,8,1	128,8,1	72,8,1	160,8,1	112,8,1	96,8,1	80,8,1	96,8,1	112,8,1	104,8,1	48,8,1	112,8,1	112,8,1	112,8,1
Õ∑≤ø30	120,8,1	120,8,1	88,8,1	88,8,1	88,8,1	88,8,1	120,8,1	120,8,1	120,8,1	120,8,1	120,8,1	88,8,1	88,8,1	88,8,1	88,8,1	88,8,1	72,8,1	64,8,1	48,8,1	104,8,1	96,8,1	88,8,1	120,8,1	144,8,1	144,8,1	128,8,1	112,8,1	96,8,1	96,8,1	128,8,1	96,8,1	128,8,1	96,8,1	96,8,1	104,8,1	128,8,1	72,8,1	160,8,1	112,8,1	96,8,1	80,8,1	96,8,1	112,8,1	104,8,1	48,8,1	112,8,1	112,8,1	112,8,1
Õ∑≤ø31																																																
Õ∑≤ø32																																																
Õ∑≤ø33	120,8,1	120,8,1	88,8,1	88,8,1	88,8,1	88,8,1	120,8,1	120,8,1	120,8,1	120,8,1	120,8,1	88,8,1	88,8,1	88,8,1	88,8,1	88,8,1	72,8,1	64,8,1	48,8,1	104,8,1	96,8,1	88,8,1	120,8,1	144,8,1	144,8,1	128,8,1	112,8,1	96,8,1	104,8,1	136,8,1	96,8,1	128,8,1	96,8,1	96,8,1	104,8,1	128,8,1	72,8,1	160,8,1	112,8,1	96,8,1	80,8,1	96,8,1	112,8,1	104,8,1	48,8,1	112,8,1	112,8,1	112,8,1
Õ∑≤ø34	120,8,1	120,8,1	88,8,1	88,8,1	88,8,1	88,8,1	120,8,1	120,8,1	120,8,1	120,8,1	120,8,1	88,8,1	88,8,1	88,8,1	88,8,1	88,8,1	72,8,1	64,8,1	56,8,1	96,8,1	96,8,1	88,8,1	120,8,1	144,8,1	144,8,1	128,8,1	112,8,1	96,8,1	96,8,1	128,8,1	96,8,1	128,8,1	96,8,1	96,8,1	104,8,1	128,8,1	72,8,1	160,8,1	112,8,1	96,8,1	80,8,1	96,8,1	112,8,1	96,8,1	48,8,1	112,8,1	112,8,1	112,8,1
Õ∑≤ø35	120,8,1	120,8,1	88,8,1	88,8,1	88,8,1	88,8,1	120,8,1	120,8,1	120,8,1	120,8,1	120,8,1	88,8,1	88,8,1	88,8,1	88,8,1	88,8,1	72,8,1	64,8,1	48,8,1	104,8,1	96,8,1	88,8,1	120,8,1	144,8,1	144,8,1	128,8,1	112,8,1	96,8,1	104,8,1	136,8,1	96,8,1	128,8,1	96,8,1	96,8,1	104,8,1	128,8,1	72,8,1	160,8,1	112,8,1	96,8,1	80,8,1	96,8,1	112,8,1	104,8,1	48,8,1	112,8,1	112,8,1	112,8,1
Õ∑≤ø36	120,8,1	120,8,1	88,8,1	88,8,1	88,8,1	88,8,1	120,8,1	120,8,1	120,8,1	120,8,1	120,8,1	88,8,1	88,8,1	88,8,1	88,8,1	88,8,1	72,8,1	64,8,1	56,8,1	96,8,1	96,8,1	88,8,1	120,8,1	144,8,1	144,8,1	128,8,1	112,8,1	96,8,1	96,8,1	128,8,1	96,8,1	128,8,1	96,8,1	96,8,1	104,8,1	128,8,1	72,8,1	160,8,1	112,8,1	96,8,1	80,8,1	96,8,1	112,8,1	96,8,1	48,8,1	112,8,1	112,8,1	112,8,1
Õ∑≤ø37	120,8,1	120,8,1	88,8,1	88,8,1	88,8,1	88,8,1	120,8,1	120,8,1	120,8,1	120,8,1	120,8,1	88,8,1	88,8,1	88,8,1	88,8,1	88,8,1	72,8,1	64,8,1	56,8,1	96,8,1	96,8,1	88,8,1	120,8,1	144,8,1	144,8,1	128,8,1	112,8,1	96,8,1	96,8,1	128,8,1	96,8,1	128,8,1	96,8,1	96,8,1	104,8,1	128,8,1	72,8,1	160,8,1	112,8,1	96,8,1	80,8,1	96,8,1	112,8,1	96,8,1	48,8,1	112,8,1	112,8,1	112,8,1
Õ∑≤ø38	120,8,1	120,8,1	88,8,1	88,8,1	88,8,1	88,8,1	120,8,1	120,8,1	120,8,1	120,8,1	120,8,1	88,8,1	88,8,1	88,8,1	88,8,1	88,8,1	72,8,1	64,8,1	56,8,1	96,8,1	96,8,1	88,8,1	120,8,1	144,8,1	144,8,1	128,8,1	112,8,1	96,8,1	96,8,1	128,8,1	96,8,1	128,8,1	96,8,1	96,8,1	104,8,1	128,8,1	72,8,1	160,8,1	112,8,1	96,8,1	80,8,1	96,8,1	112,8,1	96,8,1	48,8,1	112,8,1	112,8,1	112,8,1
Õ∑≤ø39	120,8,1	120,8,1	88,8,1	88,8,1	88,8,1	88,8,1	120,8,1	120,8,1	120,8,1	120,8,1	120,8,1	88,8,1	88,8,1	88,8,1	88,8,1	88,8,1	72,8,1	64,8,1	56,8,1	96,8,1	96,8,1	88,8,1	120,8,1	144,8,1	144,8,1	128,8,1	112,8,1	96,8,1	96,8,1	128,8,1	96,8,1	128,8,1	96,8,1	96,8,1	104,8,1	128,8,1	72,8,1	160,8,1	112,8,1	96,8,1	80,8,1	96,8,1	112,8,1	96,8,1	48,8,1	112,8,1	112,8,1	112,8,1
Õ∑≤ø40	120,8,1	120,8,1	88,8,1	88,8,1	88,8,1	88,8,1	120,8,1	120,8,1	120,8,1	120,8,1	120,8,1	88,8,1	88,8,1	88,8,1	88,8,1	88,8,1	72,8,1	64,8,1	56,8,1	96,8,1	96,8,1	88,8,1	120,8,1	144,8,1	144,8,1	128,8,1	112,8,1	96,8,1	96,8,1	128,8,1	96,8,1	128,8,1	96,8,1	96,8,1	104,8,1	128,8,1	72,8,1	160,8,1	112,8,1	96,8,1	80,8,1	96,8,1	112,8,1	96,8,1	48,8,1	112,8,1	112,8,1	112,8,1
Õ∑≤ø41	120,8,1	120,8,1	88,8,1	88,8,1	88,8,1	88,8,1	120,8,1	120,8,1	120,8,1	120,8,1	120,8,1	88,8,1	88,8,1	88,8,1	88,8,1	88,8,1	72,8,1	64,8,1	56,8,1	96,8,1	96,8,1	88,8,1	120,8,1	144,8,1	144,8,1	128,8,1	112,8,1	96,8,1	96,8,1	128,8,1	96,8,1	128,8,1	96,8,1	96,8,1	104,8,1	128,8,1	72,8,1	160,8,1	112,8,1	96,8,1	80,8,1	96,8,1	120,8,1	96,8,1	48,8,1	112,8,1	112,8,1	112,8,1
Õ∑≤ø42	120,8,1	120,8,1	88,8,1	88,8,1	88,8,1	88,8,1	120,8,1	120,8,1	120,8,1	120,8,1	120,8,1	88,8,1	88,8,1	88,8,1	88,8,1	88,8,1	72,8,1	64,8,1	56,8,1	96,8,1	96,8,1	88,8,1	120,8,1	144,8,1	144,8,1	128,8,1	112,8,1	96,8,1	96,8,1	128,8,1	96,8,1	128,8,1	96,8,1	96,8,1	104,8,1	128,8,1	72,8,1	160,8,1	120,8,1	96,8,1	80,8,1	104,8,1	120,8,1	96,8,1	48,8,1	112,8,1	120,8,1	120,8,1
Õ∑≤ø43	120,8,1	120,8,1	88,8,1	88,8,1	88,8,1	88,8,1	120,8,1	120,8,1	120,8,1	120,8,1	120,8,1	88,8,1	88,8,1	88,8,1	88,8,1	88,8,1	72,8,1	64,8,1	56,8,1	96,8,1	96,8,1	88,8,1	120,8,1	144,8,1	144,8,1	128,8,1	112,8,1	96,8,1	96,8,1	128,8,1	96,8,1	128,8,1	96,8,1	96,8,1	104,8,1	128,8,1	72,8,1	160,8,1	112,8,1	96,8,1	80,8,1	104,8,1	112,8,1	96,8,1	48,8,1	112,8,1	112,8,1	112,8,1
Õ∑≤ø44	120,8,1	120,8,1	88,8,1	88,8,1	88,8,1	88,8,1	120,8,1	120,8,1	120,8,1	120,8,1	120,8,1	88,8,1	88,8,1	88,8,1	88,8,1	88,8,1	72,8,1	64,8,1	56,8,1	96,8,1	96,8,1	88,8,1	120,8,1	144,8,1	144,8,1	128,8,1	112,8,1	96,8,1	96,8,1	128,8,1	96,8,1	128,8,1	96,8,1	96,8,1	104,8,1	128,8,1	72,8,1	160,8,1	112,8,1	96,8,1	80,8,1	96,8,1	112,8,1	88,8,1	48,8,1	112,8,1	112,8,1	112,8,1
Õ∑≤ø45	120,8,1	120,8,1	88,8,1	88,8,1	88,8,1	88,8,1	120,8,1	120,8,1	120,8,1	120,8,1	120,8,1	88,8,1	88,8,1	88,8,1	88,8,1	88,8,1	72,8,1	64,8,1	56,8,1	96,8,1	96,8,1	88,8,1	120,8,1	144,8,1	144,8,1	128,8,1	112,8,1	96,8,1	96,8,1	128,8,1	96,8,1	128,8,1	96,8,1	96,8,1	104,8,1	128,8,1	72,8,1	160,8,1	112,8,1	96,8,1	80,8,1	96,8,1	112,8,1	96,8,1	48,8,1	112,8,1	112,8,1	112,8,1
Õ∑≤ø46	120,8,1	120,8,1	88,8,1	88,8,1	88,8,1	88,8,1	120,8,1	120,8,1	120,8,1	120,8,1	120,8,1	88,8,1	88,8,1	88,8,1	88,8,1	88,8,1	72,8,1	64,8,1	56,8,1	96,8,1	96,8,1	88,8,1	120,8,1	144,8,1	144,8,1	128,8,1	112,8,1	96,8,1	96,8,1	128,8,1	96,8,1	128,8,1	96,8,1	96,8,1	104,8,1	128,8,1	72,8,1	160,8,1	112,8,1	96,8,1	80,8,1	96,8,1	112,8,1	96,8,1	48,8,1	112,8,1	112,8,1	112,8,1
Õ∑≤ø47																																																
Õ∑≤ø48																																																
Õ∑≤ø49	120,8,1	120,8,1	88,8,1	88,8,1	88,8,1	88,8,1	120,8,1	120,8,1	120,8,1	120,8,1	120,8,1	88,8,1	88,8,1	88,8,1	88,8,1	88,8,1	72,8,1	64,8,1	56,8,1	96,8,1	96,8,1	88,8,1	120,8,1	144,8,1	144,8,1	128,8,1	112,8,1	96,8,1	96,8,1	128,8,1	96,8,1	128,8,1	96,8,1	96,8,1	104,8,1	128,8,1	72,8,1	160,8,1	112,8,1	96,8,1	80,8,1	96,8,1	112,8,1	96,8,1	48,8,1	120,8,1	112,8,1	112,8,1
Õ∑≤ø50	120,8,1	120,8,1	88,8,1	88,8,1	88,8,1	88,8,1	120,8,1	120,8,1	120,8,1	120,8,1	120,8,1	88,8,1	88,8,1	88,8,1	88,8,1	88,8,1	72,8,1	64,8,1	56,8,1	96,8,1	96,8,1	88,8,1	120,8,1	144,8,1	144,8,1	128,8,1	112,8,1	96,8,1	96,8,1	128,8,1	96,8,1	128,8,1	96,8,1	96,8,1	104,8,1	128,8,1	72,8,1	160,8,1	112,8,1	96,8,1	80,8,1	96,8,1	112,8,1	96,8,1	48,8,1	112,8,1	112,8,1	112,8,1
Õ∑≤ø51	120,8,1	120,8,1	88,8,1	88,8,1	88,8,1	88,8,1	120,8,1	120,8,1	120,8,1	120,8,1	120,8,1	88,8,1	88,8,1	88,8,1	88,8,1	88,8,1	72,8,1	64,8,1	56,8,1	96,8,1	96,8,1	88,8,1	120,8,1	144,8,1	144,8,1	128,8,1	112,8,1	96,8,1	96,8,1	128,8,1	96,8,1	128,8,1	96,8,1	96,8,1	104,8,1	128,8,1	72,8,1	160,8,1	112,8,1	96,8,1	80,8,1	96,8,1	112,8,1	96,8,1	48,8,1	120,8,1	112,8,1	112,8,1
Õ∑≤ø52	120,8,1	120,8,1	88,8,1	88,8,1	88,8,1	88,8,1	120,8,1	120,8,1	120,8,1	120,8,1	120,8,1	88,8,1	88,8,1	88,8,1	88,8,1	88,8,1	72,8,1	64,8,1	56,8,1	96,8,1	96,8,1	88,8,1	120,8,1	144,8,1	144,8,1	128,8,1	112,8,1	96,8,1	96,8,1	128,8,1	96,8,1	128,8,1	96,8,1	96,8,1	104,8,1	128,8,1	72,8,1	160,8,1	112,8,1	96,8,1	80,8,1	96,8,1	112,8,1	96,8,1	48,8,1	112,8,1	112,8,1	112,8,1
Õ∑≤ø53	120,8,1	120,8,1	88,8,1	88,8,1	88,8,1	88,8,1	120,8,1	120,8,1	120,8,1	120,8,1	120,8,1	88,8,1	88,8,1	88,8,1	88,8,1	88,8,1	72,8,1	64,8,1	56,8,1	96,8,1	96,8,1	88,8,1	120,8,1	144,8,1	144,8,1	128,8,1	112,8,1	96,8,1	96,8,1	128,8,1	96,8,1	128,8,1	96,8,1	96,8,1	104,8,1	128,8,1	72,8,1	160,8,1	112,8,1	96,8,1	80,8,1	96,8,1	112,8,1	96,8,1	48,8,1	112,8,1	112,8,1	112,8,1
Õ∑≤ø54	120,8,1	120,8,1	88,8,1	88,8,1	88,8,1	88,8,1	120,8,1	120,8,1	120,8,1	120,8,1	120,8,1	88,8,1	88,8,1	88,8,1	88,8,1	88,8,1	72,8,1	64,8,1	56,8,1	96,8,1	96,8,1	88,8,1	120,8,1	144,8,1	144,8,1	128,8,1	112,8,1	96,8,1	96,8,1	128,8,1	96,8,1	128,8,1	96,8,1	96,8,1	104,8,1	128,8,1	72,8,1	160,8,1	112,8,1	96,8,1	80,8,1	96,8,1	112,8,1	96,8,1	48,8,1	112,8,1	112,8,1	112,8,1
Õ∑≤ø55	120,8,1	120,8,1	88,8,1	88,8,1	88,8,1	88,8,1	120,8,1	120,8,1	120,8,1	120,8,1	120,8,1	88,8,1	88,8,1	88,8,1	88,8,1	88,8,1	72,8,1	64,8,1	56,8,1	96,8,1	96,8,1	88,8,1	120,8,1	144,8,1	144,8,1	128,8,1	112,8,1	96,8,1	96,8,1	128,8,1	96,8,1	128,8,1	96,8,1	96,8,1	104,8,1	128,8,1	72,8,1	160,8,1	112,8,1	96,8,1	80,8,1	96,8,1	112,8,1	96,8,1	48,8,1	112,8,1	112,8,1	112,8,1
Õ∑≤ø56																																																
Õ∑≤ø57																																																
Õ∑≤ø58																																																
Õ∑≤ø59																																																
Õ∑≤ø60																																																
Õ∑≤ø61																																																
Õ∑≤ø62																																																
Õ∑≤ø63																																																
Õ∑≤ø64																																																
Õ∑≤ø65																																																
Õ∑≤ø66																																																
Õ∑≤ø67																																																
Õ∑≤ø68																																																
Õ∑≤ø69																																																
Õ∑≤ø70																																																
Õ∑≤ø71																																																
Õ∑≤ø72																																																
Õ∑≤ø73																																																
Õ∑≤ø74																																																
Õ∑≤ø75																																																
Õ∑≤ø76																																																
Õ∑≤ø77																																																
Õ∑≤ø78																																																
Õ∑≤ø79																																																
Õ∑≤ø80																																																
Õ∑≤ø81																																																
Nguy÷t Khuy’t Tr‰ng Ki’p T®ng M∑o	120,8,1	120,8,1	88,8,1	88,8,1	88,8,1	88,8,1	120,8,1	120,8,1	120,8,1	120,8,1	120,8,1	88,8,1	88,8,1	88,8,1	88,8,1	88,8,1	72,8,1	64,8,1	56,8,1	96,8,1	96,8,1	88,8,1	120,8,1	144,8,1	144,8,1	128,8,1	112,8,1	96,8,1	96,8,1	128,8,1	96,8,1	128,8,1	96,8,1	96,8,1	104,8,1	128,8,1	72,8,1	160,8,1	112,8,1	96,8,1	80,8,1	96,8,1	112,8,1	96,8,1	48,8,1	112,8,1	112,8,1	112,8,1
Nguy÷t Khuy’t S∏t Ki’p T®ng M∑o	120,8,1	120,8,1	88,8,1	88,8,1	88,8,1	88,8,1	120,8,1	120,8,1	120,8,1	120,8,1	120,8,1	88,8,1	88,8,1	88,8,1	88,8,1	88,8,1	72,8,1	64,8,1	56,8,1	96,8,1	96,8,1	88,8,1	120,8,1	144,8,1	144,8,1	128,8,1	112,8,1	96,8,1	96,8,1	128,8,1	96,8,1	128,8,1	96,8,1	96,8,1	104,8,1	128,8,1	72,8,1	160,8,1	112,8,1	96,8,1	80,8,1	96,8,1	112,8,1	96,8,1	48,8,1	112,8,1	112,8,1	112,8,1
Nguy÷t Khuy’t Ph∏ Ki’p T®ng M∑o	120,8,1	120,8,1	88,8,1	88,8,1	88,8,1	88,8,1	120,8,1	120,8,1	120,8,1	120,8,1	120,8,1	88,8,1	88,8,1	88,8,1	88,8,1	88,8,1	72,8,1	64,8,1	56,8,1	96,8,1	96,8,1	88,8,1	120,8,1	144,8,1	144,8,1	128,8,1	112,8,1	96,8,1	96,8,1	128,8,1	96,8,1	128,8,1	96,8,1	96,8,1	104,8,1	128,8,1	72,8,1	160,8,1	112,8,1	96,8,1	80,8,1	96,8,1	112,8,1	96,8,1	48,8,1	112,8,1	112,8,1	112,8,1
Nguy÷t Khuy’t Ph n VÚ Kh´i	120,8,1	120,8,1	88,8,1	88,8,1	88,8,1	88,8,1	120,8,1	120,8,1	120,8,1	120,8,1	120,8,1	88,8,1	88,8,1	88,8,1	88,8,1	88,8,1	72,8,1	64,8,1	56,8,1	96,8,1	96,8,1	88,8,1	120,8,1	144,8,1	144,8,1	128,8,1	112,8,1	96,8,1	96,8,1	128,8,1	96,8,1	128,8,1	96,8,1	96,8,1	104,8,1	128,8,1	72,8,1	160,8,1	112,8,1	96,8,1	80,8,1	96,8,1	112,8,1	96,8,1	48,8,1	112,8,1	112,8,1	112,8,1
Nguy÷t Khuy’t Phong Y™n Kh´i	120,8,1	120,8,1	88,8,1	88,8,1	88,8,1	88,8,1	120,8,1	120,8,1	120,8,1	120,8,1	120,8,1	88,8,1	88,8,1	88,8,1	88,8,1	88,8,1	72,8,1	64,8,1	56,8,1	96,8,1	96,8,1	88,8,1	120,8,1	144,8,1	144,8,1	128,8,1	112,8,1	96,8,1	96,8,1	128,8,1	96,8,1	128,8,1	96,8,1	96,8,1	104,8,1	128,8,1	72,8,1	160,8,1	112,8,1	96,8,1	80,8,1	96,8,1	112,8,1	96,8,1	48,8,1	112,8,1	112,8,1	112,8,1
Nguy÷t Khuy’t Tr≠Íng Kh´ng Kh´i	120,8,1	120,8,1	88,8,1	88,8,1	88,8,1	88,8,1	120,8,1	120,8,1	120,8,1	120,8,1	120,8,1	88,8,1	88,8,1	88,8,1	88,8,1	88,8,1	72,8,1	64,8,1	56,8,1	96,8,1	96,8,1	88,8,1	120,8,1	144,8,1	144,8,1	128,8,1	112,8,1	96,8,1	96,8,1	128,8,1	96,8,1	128,8,1	96,8,1	96,8,1	104,8,1	128,8,1	72,8,1	160,8,1	112,8,1	96,8,1	80,8,1	96,8,1	112,8,1	96,8,1	48,8,1	112,8,1	112,8,1	112,8,1
Nguy÷t Khuy’t Kinh HÂng Ph∏t ß∏i																																																
Nguy÷t Khuy’t Hi”u Nguy÷t Ph∏t ß∏i																																																
Nguy÷t Khuy’t T≠¨ng T≠ Tr©m																																																
Nguy÷t Khuy’t Phong Nguy÷t Tr©m																																																
Nguy÷t Khuy’t B∏ch ßÈc Ph∏t ß∏i	120,8,1	120,8,1	88,8,1	88,8,1	88,8,1	88,8,1	120,8,1	120,8,1	120,8,1	120,8,1	120,8,1	88,8,1	88,8,1	88,8,1	88,8,1	88,8,1	72,8,1	64,8,1	56,8,1	96,8,1	96,8,1	88,8,1	120,8,1	144,8,1	144,8,1	128,8,1	112,8,1	96,8,1	96,8,1	128,8,1	96,8,1	128,8,1	96,8,1	96,8,1	104,8,1	128,8,1	72,8,1	160,8,1	112,8,1	96,8,1	80,8,1	96,8,1	112,8,1	96,8,1	48,8,1	112,8,1	112,8,1	112,8,1
Nguy÷t Khuy’t U Minh Ph∏t ß∏i	120,8,1	120,8,1	88,8,1	88,8,1	88,8,1	88,8,1	120,8,1	120,8,1	120,8,1	120,8,1	120,8,1	88,8,1	88,8,1	88,8,1	88,8,1	88,8,1	72,8,1	64,8,1	56,8,1	96,8,1	96,8,1	88,8,1	120,8,1	144,8,1	144,8,1	128,8,1	112,8,1	96,8,1	96,8,1	128,8,1	96,8,1	128,8,1	96,8,1	96,8,1	104,8,1	128,8,1	72,8,1	160,8,1	112,8,1	96,8,1	80,8,1	96,8,1	112,8,1	96,8,1	48,8,1	112,8,1	112,8,1	112,8,1
Nguy÷t Khuy’t Th´i M÷nh Qu∏n	120,8,1	120,8,1	88,8,1	88,8,1	88,8,1	88,8,1	120,8,1	120,8,1	120,8,1	120,8,1	120,8,1	88,8,1	88,8,1	88,8,1	88,8,1	88,8,1	72,8,1	64,8,1	56,8,1	96,8,1	96,8,1	88,8,1	120,8,1	144,8,1	144,8,1	128,8,1	112,8,1	96,8,1	96,8,1	128,8,1	96,8,1	128,8,1	96,8,1	96,8,1	104,8,1	128,8,1	72,8,1	160,8,1	112,8,1	96,8,1	80,8,1	96,8,1	112,8,1	96,8,1	48,8,1	112,8,1	112,8,1	112,8,1
Nguy÷t Khuy’t B› ßÈc Qu∏n	120,8,1	120,8,1	88,8,1	88,8,1	88,8,1	88,8,1	120,8,1	120,8,1	120,8,1	120,8,1	120,8,1	88,8,1	88,8,1	88,8,1	88,8,1	88,8,1	72,8,1	64,8,1	56,8,1	96,8,1	96,8,1	88,8,1	120,8,1	144,8,1	144,8,1	128,8,1	112,8,1	96,8,1	96,8,1	128,8,1	96,8,1	128,8,1	96,8,1	96,8,1	104,8,1	128,8,1	72,8,1	160,8,1	112,8,1	96,8,1	80,8,1	96,8,1	112,8,1	96,8,1	48,8,1	112,8,1	112,8,1	112,8,1
Nguy÷t Khuy’t Mπn ßÂ Ph∏t Qu∏n	120,8,1	120,8,1	88,8,1	88,8,1	88,8,1	88,8,1	120,8,1	120,8,1	120,8,1	120,8,1	120,8,1	88,8,1	88,8,1	88,8,1	88,8,1	88,8,1	72,8,1	64,8,1	56,8,1	96,8,1	96,8,1	88,8,1	120,8,1	144,8,1	144,8,1	128,8,1	112,8,1	96,8,1	96,8,1	128,8,1	96,8,1	128,8,1	96,8,1	96,8,1	104,8,1	128,8,1	72,8,1	160,8,1	112,8,1	96,8,1	80,8,1	96,8,1	112,8,1	96,8,1	48,8,1	112,8,1	112,8,1	112,8,1
Nguy÷t Khuy’t X›ch Long ß«u Hoµn	120,8,1	120,8,1	88,8,1	88,8,1	88,8,1	88,8,1	120,8,1	120,8,1	120,8,1	120,8,1	120,8,1	88,8,1	88,8,1	88,8,1	88,8,1	88,8,1	72,8,1	64,8,1	56,8,1	96,8,1	96,8,1	88,8,1	120,8,1	144,8,1	144,8,1	128,8,1	112,8,1	96,8,1	96,8,1	128,8,1	96,8,1	128,8,1	96,8,1	96,8,1	104,8,1	128,8,1	72,8,1	160,8,1	112,8,1	96,8,1	80,8,1	96,8,1	112,8,1	96,8,1	48,8,1	112,8,1	112,8,1	112,8,1
Nguy÷t Khuy’t Hµo Ki÷t ß«u Hoµn	120,8,1	120,8,1	88,8,1	88,8,1	88,8,1	88,8,1	120,8,1	120,8,1	120,8,1	120,8,1	120,8,1	88,8,1	88,8,1	88,8,1	88,8,1	88,8,1	72,8,1	64,8,1	56,8,1	96,8,1	96,8,1	88,8,1	120,8,1	144,8,1	144,8,1	128,8,1	112,8,1	96,8,1	96,8,1	128,8,1	96,8,1	128,8,1	96,8,1	96,8,1	104,8,1	128,8,1	72,8,1	160,8,1	112,8,1	96,8,1	80,8,1	96,8,1	112,8,1	96,8,1	48,8,1	112,8,1	112,8,1	112,8,1
Nguy÷t Khuy’t Tham Lang Kh´i	120,8,1	120,8,1	88,8,1	88,8,1	88,8,1	88,8,1	120,8,1	120,8,1	120,8,1	120,8,1	120,8,1	88,8,1	88,8,1	88,8,1	88,8,1	88,8,1	72,8,1	64,8,1	56,8,1	96,8,1	96,8,1	88,8,1	120,8,1	144,8,1	144,8,1	128,8,1	112,8,1	96,8,1	96,8,1	128,8,1	96,8,1	128,8,1	96,8,1	96,8,1	104,8,1	128,8,1	72,8,1	160,8,1	112,8,1	96,8,1	80,8,1	96,8,1	112,8,1	96,8,1	48,8,1	112,8,1	112,8,1	112,8,1
Nguy÷t Khuy’t Li÷t D≠¨ng Qu∏n Mi÷n	120,8,1	120,8,1	88,8,1	88,8,1	88,8,1	88,8,1	120,8,1	120,8,1	120,8,1	120,8,1	120,8,1	88,8,1	88,8,1	88,8,1	88,8,1	88,8,1	72,8,1	64,8,1	56,8,1	96,8,1	96,8,1	88,8,1	120,8,1	144,8,1	144,8,1	128,8,1	112,8,1	96,8,1	96,8,1	128,8,1	96,8,1	128,8,1	96,8,1	96,8,1	104,8,1	128,8,1	72,8,1	160,8,1	112,8,1	96,8,1	80,8,1	96,8,1	112,8,1	96,8,1	48,8,1	112,8,1	112,8,1	112,8,1
Nguy÷t Khuy’t Linh ßÈng Qu∏n	120,8,1	120,8,1	88,8,1	88,8,1	88,8,1	88,8,1	120,8,1	120,8,1	120,8,1	120,8,1	120,8,1	88,8,1	88,8,1	88,8,1	88,8,1	88,8,1	72,8,1	64,8,1	56,8,1	96,8,1	96,8,1	88,8,1	120,8,1	144,8,1	144,8,1	128,8,1	112,8,1	96,8,1	96,8,1	128,8,1	96,8,1	128,8,1	96,8,1	96,8,1	104,8,1	128,8,1	72,8,1	160,8,1	112,8,1	96,8,1	80,8,1	96,8,1	112,8,1	96,8,1	48,8,1	112,8,1	112,8,1	112,8,1
Nguy÷t Khuy’t ∂o ∂nh Qu∏n	120,8,1	120,8,1	88,8,1	88,8,1	88,8,1	88,8,1	120,8,1	120,8,1	120,8,1	120,8,1	120,8,1	88,8,1	88,8,1	88,8,1	88,8,1	88,8,1	72,8,1	64,8,1	56,8,1	96,8,1	96,8,1	88,8,1	120,8,1	144,8,1	144,8,1	128,8,1	112,8,1	96,8,1	96,8,1	128,8,1	96,8,1	128,8,1	96,8,1	96,8,1	104,8,1	128,8,1	72,8,1	160,8,1	112,8,1	96,8,1	80,8,1	96,8,1	112,8,1	96,8,1	48,8,1	112,8,1	112,8,1	112,8,1
Nguy÷t Khuy’t L®ng Phong ßπo Qu∏n	120,8,1	120,8,1	88,8,1	88,8,1	88,8,1	88,8,1	120,8,1	120,8,1	120,8,1	120,8,1	120,8,1	88,8,1	88,8,1	88,8,1	88,8,1	88,8,1	72,8,1	64,8,1	56,8,1	96,8,1	96,8,1	88,8,1	120,8,1	144,8,1	144,8,1	128,8,1	112,8,1	96,8,1	96,8,1	128,8,1	96,8,1	128,8,1	96,8,1	96,8,1	104,8,1	128,8,1	72,8,1	160,8,1	112,8,1	96,8,1	80,8,1	96,8,1	112,8,1	96,8,1	48,8,1	112,8,1	112,8,1	112,8,1
Nguy÷t Khuy’t MÈc VÚ ßπo Qu∏n	120,8,1	120,8,1	88,8,1	88,8,1	88,8,1	88,8,1	120,8,1	120,8,1	120,8,1	120,8,1	120,8,1	88,8,1	88,8,1	88,8,1	88,8,1	88,8,1	72,8,1	64,8,1	56,8,1	96,8,1	96,8,1	88,8,1	120,8,1	144,8,1	144,8,1	128,8,1	112,8,1	96,8,1	96,8,1	128,8,1	96,8,1	128,8,1	96,8,1	96,8,1	104,8,1	128,8,1	72,8,1	160,8,1	112,8,1	96,8,1	80,8,1	96,8,1	112,8,1	96,8,1	48,8,1	112,8,1	112,8,1	112,8,1
Nguy÷t Khuy’t DÀt ∂nh Qu∏n	120,8,1	120,8,1	88,8,1	88,8,1	88,8,1	88,8,1	120,8,1	120,8,1	120,8,1	120,8,1	120,8,1	88,8,1	88,8,1	88,8,1	88,8,1	88,8,1	72,8,1	64,8,1	56,8,1	96,8,1	96,8,1	88,8,1	120,8,1	144,8,1	144,8,1	128,8,1	112,8,1	96,8,1	96,8,1	128,8,1	96,8,1	128,8,1	96,8,1	96,8,1	104,8,1	128,8,1	72,8,1	160,8,1	112,8,1	96,8,1	80,8,1	96,8,1	112,8,1	96,8,1	48,8,1	112,8,1	112,8,1	112,8,1
Nguy÷t Khuy’t Thanh Phong Qu∏n	120,8,1	120,8,1	88,8,1	88,8,1	88,8,1	88,8,1	120,8,1	120,8,1	120,8,1	120,8,1	120,8,1	88,8,1	88,8,1	88,8,1	88,8,1	88,8,1	72,8,1	64,8,1	56,8,1	96,8,1	96,8,1	88,8,1	120,8,1	144,8,1	144,8,1	128,8,1	112,8,1	96,8,1	96,8,1	128,8,1	96,8,1	128,8,1	96,8,1	96,8,1	104,8,1	128,8,1	72,8,1	160,8,1	112,8,1	96,8,1	80,8,1	96,8,1	112,8,1	96,8,1	48,8,1	112,8,1	112,8,1	112,8,1
Di÷u D≠¨ng Tr‰ng Ki’p T®ng M∑o	120,8,1	120,8,1	88,8,1	88,8,1	88,8,1	88,8,1	120,8,1	120,8,1	120,8,1	120,8,1	120,8,1	88,8,1	88,8,1	88,8,1	88,8,1	88,8,1	72,8,1	64,8,1	56,8,1	96,8,1	96,8,1	88,8,1	120,8,1	144,8,1	144,8,1	128,8,1	112,8,1	96,8,1	96,8,1	128,8,1	96,8,1	128,8,1	96,8,1	96,8,1	104,8,1	128,8,1	72,8,1	160,8,1	112,8,1	96,8,1	80,8,1	96,8,1	112,8,1	96,8,1	48,8,1	112,8,1	112,8,1	112,8,1
Di÷u D≠¨ng S∏t Ki’p T®ng M∑	120,8,1	120,8,1	88,8,1	88,8,1	88,8,1	88,8,1	120,8,1	120,8,1	120,8,1	120,8,1	120,8,1	88,8,1	88,8,1	88,8,1	88,8,1	88,8,1	72,8,1	64,8,1	56,8,1	96,8,1	96,8,1	88,8,1	120,8,1	144,8,1	144,8,1	128,8,1	112,8,1	96,8,1	96,8,1	128,8,1	96,8,1	128,8,1	96,8,1	96,8,1	104,8,1	128,8,1	72,8,1	160,8,1	112,8,1	96,8,1	80,8,1	96,8,1	112,8,1	96,8,1	48,8,1	112,8,1	112,8,1	112,8,1
Di÷u D≠¨ng Ph∏ Ki’p T®ng M∑o	120,8,1	120,8,1	88,8,1	88,8,1	88,8,1	88,8,1	120,8,1	120,8,1	120,8,1	120,8,1	120,8,1	88,8,1	88,8,1	88,8,1	88,8,1	88,8,1	72,8,1	64,8,1	56,8,1	96,8,1	96,8,1	88,8,1	120,8,1	144,8,1	144,8,1	128,8,1	112,8,1	96,8,1	96,8,1	128,8,1	96,8,1	128,8,1	96,8,1	96,8,1	104,8,1	128,8,1	72,8,1	160,8,1	112,8,1	96,8,1	80,8,1	96,8,1	112,8,1	96,8,1	48,8,1	112,8,1	112,8,1	112,8,1
Di÷u D≠¨ng Ph n VÚ Kh´i	120,8,1	120,8,1	88,8,1	88,8,1	88,8,1	88,8,1	120,8,1	120,8,1	120,8,1	120,8,1	120,8,1	88,8,1	88,8,1	88,8,1	88,8,1	88,8,1	72,8,1	64,8,1	56,8,1	96,8,1	96,8,1	88,8,1	120,8,1	144,8,1	144,8,1	128,8,1	112,8,1	96,8,1	96,8,1	128,8,1	96,8,1	128,8,1	96,8,1	96,8,1	104,8,1	128,8,1	72,8,1	160,8,1	112,8,1	96,8,1	80,8,1	96,8,1	112,8,1	96,8,1	48,8,1	112,8,1	112,8,1	112,8,1
Di÷u D≠¨ng Phong Y™n Kh´i	120,8,1	120,8,1	88,8,1	88,8,1	88,8,1	88,8,1	120,8,1	120,8,1	120,8,1	120,8,1	120,8,1	88,8,1	88,8,1	88,8,1	88,8,1	88,8,1	72,8,1	64,8,1	56,8,1	96,8,1	96,8,1	88,8,1	120,8,1	144,8,1	144,8,1	128,8,1	112,8,1	96,8,1	96,8,1	128,8,1	96,8,1	128,8,1	96,8,1	96,8,1	104,8,1	128,8,1	72,8,1	160,8,1	112,8,1	96,8,1	80,8,1	96,8,1	112,8,1	96,8,1	48,8,1	112,8,1	112,8,1	112,8,1
Di÷u D≠¨ng Tr≠Íng Kh´ng Kh´i	120,8,1	120,8,1	88,8,1	88,8,1	88,8,1	88,8,1	120,8,1	120,8,1	120,8,1	120,8,1	120,8,1	88,8,1	88,8,1	88,8,1	88,8,1	88,8,1	72,8,1	64,8,1	56,8,1	96,8,1	96,8,1	88,8,1	120,8,1	144,8,1	144,8,1	128,8,1	112,8,1	96,8,1	96,8,1	128,8,1	96,8,1	128,8,1	96,8,1	96,8,1	104,8,1	128,8,1	72,8,1	160,8,1	112,8,1	96,8,1	80,8,1	96,8,1	112,8,1	96,8,1	48,8,1	112,8,1	112,8,1	112,8,1
Di÷u D≠¨ng Kinh HÂng Ph∏t ß∏i																																																
Di÷u D≠¨ng Hi”u Nguy÷t Ph∏t ß∏i																																																
Di÷u D≠¨ng T≠¨ng T≠ Tr©m																																																
Di÷u D≠¨ng Phong Nguy÷t Tr©m																																																
Di÷u D≠¨ng B∏ch ßÈc Ph∏t ß∏i	120,8,1	120,8,1	88,8,1	88,8,1	88,8,1	88,8,1	120,8,1	120,8,1	120,8,1	120,8,1	120,8,1	88,8,1	88,8,1	88,8,1	88,8,1	88,8,1	72,8,1	64,8,1	56,8,1	96,8,1	96,8,1	88,8,1	120,8,1	144,8,1	144,8,1	128,8,1	112,8,1	96,8,1	96,8,1	128,8,1	96,8,1	128,8,1	96,8,1	96,8,1	104,8,1	128,8,1	72,8,1	160,8,1	112,8,1	96,8,1	80,8,1	96,8,1	112,8,1	96,8,1	48,8,1	112,8,1	112,8,1	112,8,1
Di÷u D≠¨ng U Minh Ph∏t ß∏i	120,8,1	120,8,1	88,8,1	88,8,1	88,8,1	88,8,1	120,8,1	120,8,1	120,8,1	120,8,1	120,8,1	88,8,1	88,8,1	88,8,1	88,8,1	88,8,1	72,8,1	64,8,1	56,8,1	96,8,1	96,8,1	88,8,1	120,8,1	144,8,1	144,8,1	128,8,1	112,8,1	96,8,1	96,8,1	128,8,1	96,8,1	128,8,1	96,8,1	96,8,1	104,8,1	128,8,1	72,8,1	160,8,1	112,8,1	96,8,1	80,8,1	96,8,1	112,8,1	96,8,1	48,8,1	112,8,1	112,8,1	112,8,1
Di÷u D≠¨ng Th´i M÷nh Qu∏n	120,8,1	120,8,1	88,8,1	88,8,1	88,8,1	88,8,1	120,8,1	120,8,1	120,8,1	120,8,1	120,8,1	88,8,1	88,8,1	88,8,1	88,8,1	88,8,1	72,8,1	64,8,1	56,8,1	96,8,1	96,8,1	88,8,1	120,8,1	144,8,1	144,8,1	128,8,1	112,8,1	96,8,1	96,8,1	128,8,1	96,8,1	128,8,1	96,8,1	96,8,1	104,8,1	128,8,1	72,8,1	160,8,1	112,8,1	96,8,1	80,8,1	96,8,1	112,8,1	96,8,1	48,8,1	112,8,1	112,8,1	112,8,1
Di÷u D≠¨ng B› ßÈc Qu∏n	120,8,1	120,8,1	88,8,1	88,8,1	88,8,1	88,8,1	120,8,1	120,8,1	120,8,1	120,8,1	120,8,1	88,8,1	88,8,1	88,8,1	88,8,1	88,8,1	72,8,1	64,8,1	56,8,1	96,8,1	96,8,1	88,8,1	120,8,1	144,8,1	144,8,1	128,8,1	112,8,1	96,8,1	96,8,1	128,8,1	96,8,1	128,8,1	96,8,1	96,8,1	104,8,1	128,8,1	72,8,1	160,8,1	112,8,1	96,8,1	80,8,1	96,8,1	112,8,1	96,8,1	48,8,1	112,8,1	112,8,1	112,8,1
Di÷u D≠¨ng Mπn ßÂ Ph∏t Qu∏n	120,8,1	120,8,1	88,8,1	88,8,1	88,8,1	88,8,1	120,8,1	120,8,1	120,8,1	120,8,1	120,8,1	88,8,1	88,8,1	88,8,1	88,8,1	88,8,1	72,8,1	64,8,1	56,8,1	96,8,1	96,8,1	88,8,1	120,8,1	144,8,1	144,8,1	128,8,1	112,8,1	96,8,1	96,8,1	128,8,1	96,8,1	128,8,1	96,8,1	96,8,1	104,8,1	128,8,1	72,8,1	160,8,1	112,8,1	96,8,1	80,8,1	96,8,1	112,8,1	96,8,1	48,8,1	112,8,1	112,8,1	112,8,1
Di÷u D≠¨ng X›ch Long ß«u Hoµn	120,8,1	120,8,1	88,8,1	88,8,1	88,8,1	88,8,1	120,8,1	120,8,1	120,8,1	120,8,1	120,8,1	88,8,1	88,8,1	88,8,1	88,8,1	88,8,1	72,8,1	64,8,1	56,8,1	96,8,1	96,8,1	88,8,1	120,8,1	144,8,1	144,8,1	128,8,1	112,8,1	96,8,1	96,8,1	128,8,1	96,8,1	128,8,1	96,8,1	96,8,1	104,8,1	128,8,1	72,8,1	160,8,1	112,8,1	96,8,1	80,8,1	96,8,1	112,8,1	96,8,1	48,8,1	112,8,1	112,8,1	112,8,1
Di÷u D≠¨ng Hµo Ki÷t ß«u Hoµn	120,8,1	120,8,1	88,8,1	88,8,1	88,8,1	88,8,1	120,8,1	120,8,1	120,8,1	120,8,1	120,8,1	88,8,1	88,8,1	88,8,1	88,8,1	88,8,1	72,8,1	64,8,1	56,8,1	96,8,1	96,8,1	88,8,1	120,8,1	144,8,1	144,8,1	128,8,1	112,8,1	96,8,1	96,8,1	128,8,1	96,8,1	128,8,1	96,8,1	96,8,1	104,8,1	128,8,1	72,8,1	160,8,1	112,8,1	96,8,1	80,8,1	96,8,1	112,8,1	96,8,1	48,8,1	112,8,1	112,8,1	112,8,1
Di÷u D≠¨ng Tham Lang Kh´i	120,8,1	120,8,1	88,8,1	88,8,1	88,8,1	88,8,1	120,8,1	120,8,1	120,8,1	120,8,1	120,8,1	88,8,1	88,8,1	88,8,1	88,8,1	88,8,1	72,8,1	64,8,1	56,8,1	96,8,1	96,8,1	88,8,1	120,8,1	144,8,1	144,8,1	128,8,1	112,8,1	96,8,1	96,8,1	128,8,1	96,8,1	128,8,1	96,8,1	96,8,1	104,8,1	128,8,1	72,8,1	160,8,1	112,8,1	96,8,1	80,8,1	96,8,1	112,8,1	96,8,1	48,8,1	112,8,1	112,8,1	112,8,1
Di÷u D≠¨ng Li÷t D≠¨ng Qu∏n Mi÷n	120,8,1	120,8,1	88,8,1	88,8,1	88,8,1	88,8,1	120,8,1	120,8,1	120,8,1	120,8,1	120,8,1	88,8,1	88,8,1	88,8,1	88,8,1	88,8,1	72,8,1	64,8,1	56,8,1	96,8,1	96,8,1	88,8,1	120,8,1	144,8,1	144,8,1	128,8,1	112,8,1	96,8,1	96,8,1	128,8,1	96,8,1	128,8,1	96,8,1	96,8,1	104,8,1	128,8,1	72,8,1	160,8,1	112,8,1	96,8,1	80,8,1	96,8,1	112,8,1	96,8,1	48,8,1	112,8,1	112,8,1	112,8,1
Di÷u D≠¨ng Linh ßÈng Qu∏n	120,8,1	120,8,1	88,8,1	88,8,1	88,8,1	88,8,1	120,8,1	120,8,1	120,8,1	120,8,1	120,8,1	88,8,1	88,8,1	88,8,1	88,8,1	88,8,1	72,8,1	64,8,1	56,8,1	96,8,1	96,8,1	88,8,1	120,8,1	144,8,1	144,8,1	128,8,1	112,8,1	96,8,1	96,8,1	128,8,1	96,8,1	128,8,1	96,8,1	96,8,1	104,8,1	128,8,1	72,8,1	160,8,1	112,8,1	96,8,1	80,8,1	96,8,1	112,8,1	96,8,1	48,8,1	112,8,1	112,8,1	112,8,1
Di÷u D≠¨ng ∂o ∂nh Qu∏n	120,8,1	120,8,1	88,8,1	88,8,1	88,8,1	88,8,1	120,8,1	120,8,1	120,8,1	120,8,1	120,8,1	88,8,1	88,8,1	88,8,1	88,8,1	88,8,1	72,8,1	64,8,1	56,8,1	96,8,1	96,8,1	88,8,1	120,8,1	144,8,1	144,8,1	128,8,1	112,8,1	96,8,1	96,8,1	128,8,1	96,8,1	128,8,1	96,8,1	96,8,1	104,8,1	128,8,1	72,8,1	160,8,1	112,8,1	96,8,1	80,8,1	96,8,1	112,8,1	96,8,1	48,8,1	112,8,1	112,8,1	112,8,1
Di÷u D≠¨ng L®ng Phong ßπo Qu∏n	120,8,1	120,8,1	88,8,1	88,8,1	88,8,1	88,8,1	120,8,1	120,8,1	120,8,1	120,8,1	120,8,1	88,8,1	88,8,1	88,8,1	88,8,1	88,8,1	72,8,1	64,8,1	56,8,1	96,8,1	96,8,1	88,8,1	120,8,1	144,8,1	144,8,1	128,8,1	112,8,1	96,8,1	96,8,1	128,8,1	96,8,1	128,8,1	96,8,1	96,8,1	104,8,1	128,8,1	72,8,1	160,8,1	112,8,1	96,8,1	80,8,1	96,8,1	112,8,1	96,8,1	48,8,1	112,8,1	112,8,1	112,8,1
Di÷u D≠¨ng MÈc VÚ ßπo Qu∏n	120,8,1	120,8,1	88,8,1	88,8,1	88,8,1	88,8,1	120,8,1	120,8,1	120,8,1	120,8,1	120,8,1	88,8,1	88,8,1	88,8,1	88,8,1	88,8,1	72,8,1	64,8,1	56,8,1	96,8,1	96,8,1	88,8,1	120,8,1	144,8,1	144,8,1	128,8,1	112,8,1	96,8,1	96,8,1	128,8,1	96,8,1	128,8,1	96,8,1	96,8,1	104,8,1	128,8,1	72,8,1	160,8,1	112,8,1	96,8,1	80,8,1	96,8,1	112,8,1	96,8,1	48,8,1	112,8,1	112,8,1	112,8,1
Di÷u D≠¨ng DÀt ∂nh Qu∏n	120,8,1	120,8,1	88,8,1	88,8,1	88,8,1	88,8,1	120,8,1	120,8,1	120,8,1	120,8,1	120,8,1	88,8,1	88,8,1	88,8,1	88,8,1	88,8,1	72,8,1	64,8,1	56,8,1	96,8,1	96,8,1	88,8,1	120,8,1	144,8,1	144,8,1	128,8,1	112,8,1	96,8,1	96,8,1	128,8,1	96,8,1	128,8,1	96,8,1	96,8,1	104,8,1	128,8,1	72,8,1	160,8,1	112,8,1	96,8,1	80,8,1	96,8,1	112,8,1	96,8,1	48,8,1	112,8,1	112,8,1	112,8,1
Di÷u D≠¨ng Thanh Phong Qu∏n	120,8,1	120,8,1	88,8,1	88,8,1	88,8,1	88,8,1	120,8,1	120,8,1	120,8,1	120,8,1	120,8,1	88,8,1	88,8,1	88,8,1	88,8,1	88,8,1	72,8,1	64,8,1	56,8,1	96,8,1	96,8,1	88,8,1	120,8,1	144,8,1	144,8,1	128,8,1	112,8,1	96,8,1	96,8,1	128,8,1	96,8,1	128,8,1	96,8,1	96,8,1	104,8,1	128,8,1	72,8,1	160,8,1	112,8,1	96,8,1	80,8,1	96,8,1	112,8,1	96,8,1	48,8,1	112,8,1	112,8,1	112,8,1
