EqName	FreeStand1	FreeStand2	FreeStand3	MeleeWStand	RangeWStand	DoubleWStand	FreeWalk	NormalWalk	MeleeWWalk	RangeWWalk	DoubleWWalk	FreeRun	NormalRun	MeleeWRun	RangeWRun	DoubleWRun	FreeWound	MeleeWWound	RangeWWound	DoubleWWound	FreeDie	MeleeWDie	RangeWDie	DoubleWDie	FreeAttack	MeleeWPuncture	MeleeWCut	RangeWPuncture	RangeWCut	DoubleWPull	DoubleWPound	DartThrow	FreeMagic	MeleeWMagic	RangeWMagic	DoubleWMagic	SitDown	Jump	RideStand	RideWalk	RideRun	RideCut	RidePuncture	RideMagic	RideWound	RideDie	RideStand1	RideStand2
Tay kh«ng	80,8,1	64,8,1	64,8,1	96,8,1	64,8,1	64,8,1	96,8,1	96,8,1	96,8,1	96,8,1	96,8,1	96,8,1	96,8,1	96,8,1	96,8,1	96,8,1	64,8,1	64,8,1	48,8,1	48,8,1	104,8,1	120,8,1	80,8,1	80,8,1	96,8,1	104,8,1	104,8,1	104,8,1	96,8,1	128,8,1	96,8,1	96,8,1	96,8,1	80,8,1	96,8,1	80,8,1	96,8,1	112,8,1	112,8,1	96,8,1	80,8,1	96,8,1	112,8,1	96,8,1	48,8,1	112,8,1	112,8,1	112,8,1
®¬n thñ kiÕm 1	80,8,1	64,8,1	64,8,1	96,8,1			96,8,1	96,8,1	96,8,1			96,8,1	96,8,1	96,8,1			64,8,1	64,8,1			104,8,1	120,8,1			96,8,1	104,8,1	104,8,1						96,8,1	80,8,1			96,8,1	112,8,1	112,8,1	96,8,1	80,8,1	96,8,1	112,8,1	96,8,1	48,8,1	112,8,1	112,8,1	112,8,1
®¬n thñ kiÕm 2	80,8,1	64,8,1	64,8,1	96,8,1			96,8,1	96,8,1	96,8,1			96,8,1	96,8,1	96,8,1			64,8,1	64,8,1			104,8,1	120,8,1			96,8,1	104,8,1	104,8,1						96,8,1	80,8,1			96,8,1	112,8,1	112,8,1	96,8,1	80,8,1	96,8,1	112,8,1	96,8,1	48,8,1	112,8,1	112,8,1	112,8,1
®¬n thñ kiÕm 3	80,8,1	64,8,1	64,8,1	96,8,1			96,8,1	96,8,1	96,8,1			96,8,1	96,8,1	96,8,1			64,8,1	64,8,1			104,8,1	120,8,1			96,8,1	104,8,1	104,8,1						96,8,1	80,8,1			96,8,1	112,8,1	112,8,1	96,8,1	80,8,1	96,8,1	112,8,1	96,8,1	48,8,1	112,8,1	112,8,1	112,8,1
®¬n thñ ®ao 1	80,8,1	64,8,1	64,8,1	96,8,1			96,8,1	96,8,1	96,8,1			96,8,1	96,8,1	96,8,1			64,8,1	64,8,1			104,8,1	120,8,1			96,8,1	104,8,1	104,8,1						96,8,1	80,8,1			96,8,1	112,8,1	112,8,1	96,8,1	80,8,1	96,8,1	112,8,1	96,8,1	48,8,1	112,8,1	112,8,1	112,8,1
®¬n thñ ®ao 2	80,8,1	64,8,1	64,8,1	96,8,1			96,8,1	96,8,1	96,8,1			96,8,1	96,8,1	96,8,1			64,8,1	64,8,1			104,8,1	120,8,1			96,8,1	104,8,1	104,8,1						96,8,1	80,8,1			96,8,1	112,8,1	112,8,1	96,8,1	80,8,1	96,8,1	112,8,1	96,8,1	48,8,1	112,8,1	112,8,1	112,8,1
®¬n thñ ®ao 3	80,8,1	64,8,1	64,8,1	96,8,1			96,8,1	96,8,1	96,8,1			96,8,1	96,8,1	96,8,1			64,8,1	64,8,1			104,8,1	120,8,1			96,8,1	104,8,1	104,8,1						96,8,1	80,8,1			96,8,1	112,8,1	112,8,1	96,8,1	80,8,1	96,8,1	112,8,1	96,8,1	48,8,1	112,8,1	112,8,1	112,8,1
Lo¹i tr­êng th­¬ng 1	80,8,1	64,8,1	64,8,1		64,8,1		96,8,1	96,8,1		96,8,1		96,8,1	96,8,1		96,8,1		64,8,1		48,8,1		104,8,1		80,8,1		96,8,1			104,8,1	96,8,1				96,8,1		96,8,1		96,8,1	112,8,1	112,8,1	96,8,1	80,8,1	96,8,1	112,8,1	96,8,1	48,8,1	112,8,1	112,8,1	112,8,1
Lo¹i tr­êng th­¬ng 2	80,8,1	64,8,1	64,8,1		64,8,1		96,8,1	96,8,1		96,8,1		96,8,1	96,8,1		96,8,1		64,8,1		48,8,1		104,8,1		80,8,1		96,8,1			104,8,1	96,8,1				96,8,1		96,8,1		96,8,1	112,8,1	112,8,1	96,8,1	80,8,1	96,8,1	112,8,1	96,8,1	48,8,1	112,8,1	112,8,1	112,8,1
Lo¹i tr­êng th­¬ng 3	80,8,1	64,8,1	64,8,1		64,8,1		96,8,1	96,8,1		96,8,1		96,8,1	96,8,1		96,8,1		64,8,1		48,8,1		104,8,1		80,8,1		96,8,1			104,8,1	96,8,1				96,8,1		96,8,1		96,8,1	112,8,1	112,8,1	96,8,1	80,8,1	96,8,1	112,8,1	96,8,1	48,8,1	112,8,1	112,8,1	112,8,1
Lo¹i tr­êng c«n 1	80,8,1	64,8,1	64,8,1		64,8,1		96,8,1	96,8,1		96,8,1		96,8,1	96,8,1		96,8,1		64,8,1		48,8,1		104,8,1		80,8,1		96,8,1			104,8,1	96,8,1				96,8,1		96,8,1		96,8,1	112,8,1	112,8,1	96,8,1	80,8,1	96,8,1	112,8,1	96,8,1	48,8,1	112,8,1	112,8,1	112,8,1
Lo¹i tr­êng c«n 2	80,8,1	64,8,1	64,8,1		64,8,1		96,8,1	96,8,1		96,8,1		96,8,1	96,8,1		96,8,1		64,8,1		48,8,1		104,8,1		80,8,1		96,8,1			104,8,1	96,8,1				96,8,1		96,8,1		96,8,1	112,8,1	112,8,1	96,8,1	80,8,1	96,8,1	112,8,1	96,8,1	48,8,1	112,8,1	112,8,1	112,8,1
Lo¹i tr­êng c«n 3	80,8,1	64,8,1	64,8,1		64,8,1		96,8,1	96,8,1		96,8,1		96,8,1	96,8,1		96,8,1		64,8,1		48,8,1		104,8,1		80,8,1		96,8,1			104,8,1	96,8,1				96,8,1		96,8,1		96,8,1	112,8,1	112,8,1	96,8,1	80,8,1	96,8,1	112,8,1	96,8,1	48,8,1	112,8,1	112,8,1	112,8,1
Lo¹i Song kiÕm 1	80,8,1	64,8,1	64,8,1			64,8,1	96,8,1	96,8,1			96,8,1	96,8,1	96,8,1			96,8,1	64,8,1			48,8,1	104,8,1			80,8,1	96,8,1					128,8,1	96,8,1		96,8,1			80,8,1	96,8,1	112,8,1	112,8,1	96,8,1	80,8,1	96,8,1	112,8,1	96,8,1	48,8,1	112,8,1	112,8,1	112,8,1
Lo¹i Song kiÕm 2	80,8,1	64,8,1	64,8,1			64,8,1	96,8,1	96,8,1			96,8,1	96,8,1	96,8,1			96,8,1	64,8,1			48,8,1	104,8,1			80,8,1	96,8,1					128,8,1	96,8,1		96,8,1			80,8,1	96,8,1	112,8,1	112,8,1	96,8,1	80,8,1	96,8,1	112,8,1	96,8,1	48,8,1	112,8,1	112,8,1	112,8,1
Lo¹i Song kiÕm 3	80,8,1	64,8,1	64,8,1			64,8,1	96,8,1	96,8,1			96,8,1	96,8,1	96,8,1			96,8,1	64,8,1			48,8,1	104,8,1			80,8,1	96,8,1					128,8,1	96,8,1		96,8,1			80,8,1	96,8,1	112,8,1	112,8,1	96,8,1	80,8,1	96,8,1	112,8,1	96,8,1	48,8,1	112,8,1	112,8,1	112,8,1
Lo¹i Song chïy 1	80,8,1	64,8,1	64,8,1			64,8,1	96,8,1	96,8,1			96,8,1	96,8,1	96,8,1			96,8,1	64,8,1			48,8,1	104,8,1			80,8,1	96,8,1					128,8,1	96,8,1		96,8,1			80,8,1	96,8,1	112,8,1	112,8,1	96,8,1	80,8,1	96,8,1	112,8,1	96,8,1	48,8,1	112,8,1	112,8,1	112,8,1
Lo¹i Song chïy 2	80,8,1	64,8,1	64,8,1			64,8,1	96,8,1	96,8,1			96,8,1	96,8,1	96,8,1			96,8,1	64,8,1			48,8,1	104,8,1			80,8,1	96,8,1					128,8,1	96,8,1		96,8,1			80,8,1	96,8,1	112,8,1	112,8,1	96,8,1	80,8,1	96,8,1	112,8,1	96,8,1	48,8,1	112,8,1	112,8,1	112,8,1
Lo¹i Song chïy 3	80,8,1	64,8,1	64,8,1			64,8,1	96,8,1	96,8,1			96,8,1	96,8,1	96,8,1			96,8,1	64,8,1			48,8,1	104,8,1			80,8,1	96,8,1					128,8,1	96,8,1		96,8,1			80,8,1	96,8,1	112,8,1	112,8,1	96,8,1	80,8,1	96,8,1	112,8,1	96,8,1	48,8,1	112,8,1	112,8,1	112,8,1
¸m khÝ 	80,8,1	64,8,1	64,8,1	96,8,1	64,8,1	64,8,1	96,8,1	96,8,1	96,8,1	96,8,1	96,8,1	96,8,1	96,8,1	96,8,1	96,8,1	96,8,1	64,8,1	64,8,1	48,8,1	48,8,1	104,8,1	120,8,1	80,8,1	80,8,1	96,8,1	104,8,1	104,8,1	104,8,1	96,8,1	128,8,1	96,8,1	96,8,1	96,8,1	80,8,1	96,8,1	80,8,1	96,8,1	112,8,1	112,8,1	96,8,1	80,8,1	96,8,1	112,8,1	96,8,1	48,8,1	112,8,1	112,8,1	112,8,1
®¬n thñ kiÕm 4	80,8,1	64,8,1	64,8,1	96,8,1			96,8,1	96,8,1	96,8,1	96,8,1	96,8,1	96,8,1	96,8,1	96,8,1	96,8,1	96,8,1	64,8,1	64,8,1			104,8,1	120,8,1			96,8,1	104,8,1	104,8,1	104,8,1			96,8,1		96,8,1	80,8,1			96,8,1	112,8,1	112,8,1	96,8,1	80,8,1	96,8,1	112,8,1	96,8,1	48,8,1	112,8,1	112,8,1	112,8,1
®¬n thñ kiÕm 5	80,8,1	64,8,1	64,8,1	96,8,1			96,8,1	96,8,1	96,8,1			96,8,1	96,8,1	96,8,1			64,8,1	64,8,1			104,8,1	120,8,1			96,8,1	104,8,1	104,8,1						96,8,1	80,8,1			96,8,1	112,8,1	112,8,1	96,8,1	80,8,1	96,8,1	112,8,1	96,8,1	48,8,1	112,8,1	112,8,1	112,8,1
®¬n thñ ®ao 4	80,8,1	64,8,1	64,8,1	96,8,1			96,8,1	96,8,1	96,8,1			96,8,1	96,8,1	96,8,1			64,8,1	64,8,1			104,8,1	120,8,1			96,8,1	104,8,1	104,8,1						96,8,1	80,8,1			96,8,1	112,8,1	112,8,1	96,8,1	80,8,1	96,8,1	112,8,1	96,8,1	48,8,1	112,8,1	112,8,1	112,8,1
®¬n thñ ®ao 5	80,8,1	64,8,1	64,8,1	96,8,1			96,8,1	96,8,1	96,8,1			96,8,1	96,8,1	96,8,1			64,8,1	64,8,1			104,8,1	120,8,1			96,8,1	104,8,1	104,8,1						96,8,1	80,8,1			96,8,1	112,8,1	112,8,1	96,8,1	80,8,1	96,8,1	112,8,1	96,8,1	48,8,1	112,8,1	112,8,1	112,8,1
Lo¹i tr­êng th­¬ng 4	80,8,1	64,8,1	64,8,1		64,8,1		96,8,1	96,8,1		96,8,1		96,8,1	96,8,1		96,8,1		64,8,1		48,8,1		104,8,1		80,8,1		96,8,1			104,8,1	96,8,1				96,8,1		96,8,1		96,8,1	112,8,1	112,8,1	96,8,1	80,8,1	96,8,1	112,8,1	96,8,1	48,8,1	112,8,1	112,8,1	112,8,1
Lo¹i tr­êng th­¬ng 5	80,8,1	64,8,1	64,8,1		64,8,1		96,8,1	96,8,1		96,8,1		96,8,1	96,8,1		96,8,1		64,8,1		48,8,1		104,8,1		80,8,1		96,8,1			104,8,1	96,8,1				96,8,1		96,8,1		96,8,1	112,8,1	112,8,1	96,8,1	80,8,1	96,8,1	112,8,1	96,8,1	48,8,1	112,8,1	112,8,1	112,8,1
Lo¹i tr­êng c«n 4	80,8,1	64,8,1	64,8,1		64,8,1		96,8,1	96,8,1		96,8,1		96,8,1	96,8,1		96,8,1		64,8,1		48,8,1		104,8,1		80,8,1		96,8,1			104,8,1	96,8,1				96,8,1		96,8,1		96,8,1	112,8,1	112,8,1	96,8,1	80,8,1	96,8,1	112,8,1	96,8,1	48,8,1	112,8,1	112,8,1	112,8,1
Lo¹i tr­êng c«n 5	80,8,1	64,8,1	64,8,1		64,8,1		96,8,1	96,8,1		96,8,1		96,8,1	96,8,1		96,8,1		64,8,1		48,8,1		104,8,1		80,8,1		96,8,1			104,8,1	96,8,1				96,8,1		96,8,1		96,8,1	112,8,1	112,8,1	96,8,1	80,8,1	96,8,1	112,8,1	96,8,1	48,8,1	112,8,1	112,8,1	112,8,1
Lo¹i Song kiÕm 4	80,8,1	64,8,1	64,8,1			64,8,1	96,8,1	96,8,1			96,8,1	96,8,1	96,8,1			96,8,1	64,8,1			48,8,1	104,8,1			80,8,1	96,8,1					128,8,1	96,8,1		96,8,1			80,8,1	96,8,1	112,8,1	112,8,1	96,8,1	80,8,1	96,8,1	112,8,1	96,8,1	48,8,1	112,8,1	112,8,1	112,8,1
Lo¹i Song kiÕm 5	80,8,1	64,8,1	64,8,1			64,8,1	96,8,1	96,8,1			96,8,1	96,8,1	96,8,1			96,8,1	64,8,1			48,8,1	104,8,1			80,8,1	96,8,1					128,8,1	96,8,1		96,8,1			80,8,1	96,8,1	112,8,1	112,8,1	96,8,1	80,8,1	96,8,1	112,8,1	96,8,1	48,8,1	112,8,1	112,8,1	112,8,1
Lo¹i Song chïy 4	80,8,1	64,8,1	64,8,1			64,8,1	96,8,1	96,8,1			96,8,1	96,8,1	96,8,1			96,8,1	64,8,1			48,8,1	104,8,1			80,8,1	96,8,1					128,8,1	96,8,1		96,8,1			80,8,1	96,8,1	112,8,1	112,8,1	96,8,1	80,8,1	96,8,1	112,8,1	96,8,1	48,8,1	112,8,1	112,8,1	112,8,1
Lo¹i Song chïy 5	80,8,1	64,8,1	64,8,1			64,8,1	96,8,1	96,8,1			96,8,1	96,8,1	96,8,1			96,8,1	64,8,1			48,8,1	104,8,1			80,8,1	96,8,1					128,8,1	96,8,1		96,8,1			80,8,1	96,8,1	112,8,1	112,8,1	96,8,1	80,8,1	96,8,1	112,8,1	96,8,1	48,8,1	112,8,1	112,8,1	112,8,1
<<Î´·­Òë>>	80,8,1	64,8,1	64,8,1	96,8,1			96,8,1	96,8,1	96,8,1			96,8,1	96,8,1	96,8,1			64,8,1	64,8,1			104,8,1	120,8,1			96,8,1	104,8,1	104,8,1						96,8,1	80,8,1			96,8,1	112,8,1	112,8,1	96,8,1	80,8,1	96,8,1	112,8,1	96,8,1	48,8,1	112,8,1	112,8,1	112,8,1
<<Î´·­Òë>>	80,8,1	64,8,1	64,8,1	96,8,1			96,8,1	96,8,1	96,8,1			96,8,1	96,8,1	96,8,1			64,8,1	64,8,1			104,8,1	120,8,1			96,8,1	104,8,1	104,8,1						96,8,1	80,8,1			96,8,1	112,8,1	112,8,1	96,8,1	80,8,1	96,8,1	112,8,1	96,8,1	48,8,1	112,8,1	112,8,1	112,8,1
<<Î´·­Òë>>	80,8,1	64,8,1	64,8,1	96,8,1			96,8,1	96,8,1	96,8,1			96,8,1	96,8,1	96,8,1			64,8,1	64,8,1			104,8,1	120,8,1			96,8,1	104,8,1	104,8,1						96,8,1	80,8,1			96,8,1	112,8,1	112,8,1	96,8,1	80,8,1	96,8,1	112,8,1	96,8,1	48,8,1	112,8,1	112,8,1	112,8,1
<<Î´·­Òë>>	80,8,1	64,8,1	64,8,1	96,8,1			96,8,1	96,8,1	96,8,1			96,8,1	96,8,1	96,8,1			64,8,1	64,8,1			104,8,1	120,8,1			96,8,1	104,8,1	104,8,1						96,8,1	80,8,1			96,8,1	112,8,1	112,8,1	96,8,1	80,8,1	96,8,1	112,8,1	96,8,1	48,8,1	112,8,1	112,8,1	112,8,1
<<Î´·­Òë>>	80,8,1	64,8,1	64,8,1	96,8,1			96,8,1	96,8,1	96,8,1			96,8,1	96,8,1	96,8,1			64,8,1	64,8,1			104,8,1	120,8,1			96,8,1	104,8,1	104,8,1						96,8,1	80,8,1			96,8,1	112,8,1	112,8,1	96,8,1	80,8,1	96,8,1	112,8,1	96,8,1	48,8,1	112,8,1	112,8,1	112,8,1
<<Î´·­Òë>>	80,8,1	64,8,1	64,8,1	96,8,1			96,8,1	96,8,1	96,8,1			96,8,1	96,8,1	96,8,1			64,8,1	64,8,1			104,8,1	120,8,1			96,8,1	104,8,1	104,8,1						96,8,1	80,8,1			96,8,1	112,8,1	112,8,1	96,8,1	80,8,1	96,8,1	112,8,1	96,8,1	48,8,1	112,8,1	112,8,1	112,8,1
<<Î´·­Òë>>	80,8,1	64,8,1	64,8,1		64,8,1		96,8,1	96,8,1		96,8,1		96,8,1	96,8,1		96,8,1		64,8,1		48,8,1		104,8,1		80,8,1		96,8,1			104,8,1	96,8,1				96,8,1		96,8,1		96,8,1	112,8,1	112,8,1	96,8,1	80,8,1	96,8,1	112,8,1	96,8,1	48,8,1	112,8,1	112,8,1	112,8,1
<<Î´·­Òë>>	80,8,1	64,8,1	64,8,1		64,8,1		96,8,1	96,8,1		96,8,1		96,8,1	96,8,1		96,8,1		64,8,1		48,8,1		104,8,1		80,8,1		96,8,1			104,8,1	96,8,1				96,8,1		96,8,1		96,8,1	112,8,1	112,8,1	96,8,1	80,8,1	96,8,1	112,8,1	96,8,1	48,8,1	112,8,1	112,8,1	112,8,1
<<Î´·­Òë>>	80,8,1	64,8,1	64,8,1		64,8,1		96,8,1	96,8,1		96,8,1		96,8,1	96,8,1		96,8,1		64,8,1		48,8,1		104,8,1		80,8,1		96,8,1			104,8,1	96,8,1				96,8,1		96,8,1		96,8,1	112,8,1	112,8,1	96,8,1	80,8,1	96,8,1	112,8,1	96,8,1	48,8,1	112,8,1	112,8,1	112,8,1
<<Î´·­Òë>>	80,8,1	64,8,1	64,8,1		64,8,1		96,8,1	96,8,1		96,8,1		96,8,1	96,8,1		96,8,1		64,8,1		48,8,1		104,8,1		80,8,1		96,8,1			104,8,1	96,8,1				96,8,1		96,8,1		96,8,1	112,8,1	112,8,1	96,8,1	80,8,1	96,8,1	112,8,1	96,8,1	48,8,1	112,8,1	112,8,1	112,8,1
<<Î´·­Òë>>	80,8,1	64,8,1	64,8,1			64,8,1	96,8,1	96,8,1			96,8,1	96,8,1	96,8,1			96,8,1	64,8,1			48,8,1	104,8,1			80,8,1	96,8,1					128,8,1	96,8,1		96,8,1			80,8,1	96,8,1	112,8,1	112,8,1	96,8,1	80,8,1	96,8,1	112,8,1	96,8,1	48,8,1	112,8,1	112,8,1	112,8,1
<<Î´·­Òë>>	80,8,1	64,8,1	64,8,1			64,8,1	96,8,1	96,8,1			96,8,1	96,8,1	96,8,1			96,8,1	64,8,1			48,8,1	104,8,1			80,8,1	96,8,1					128,8,1	96,8,1		96,8,1			80,8,1	96,8,1	112,8,1	112,8,1	96,8,1	80,8,1	96,8,1	112,8,1	96,8,1	48,8,1	112,8,1	112,8,1	112,8,1
Ë«²øÊÖ-½ð	80,8,1	64,8,1	64,8,1	96,8,1	64,8,1	64,8,1	96,8,1	96,8,1	96,8,1	96,8,1	96,8,1	96,8,1	96,8,1	96,8,1	96,8,1	96,8,1	64,8,1	64,8,1	48,8,1	48,8,1	104,8,1	120,8,1	80,8,1	80,8,1	96,8,1	104,8,1	104,8,1	104,8,1	96,8,1	128,8,1	96,8,1	96,8,1	96,8,1	80,8,1	96,8,1	80,8,1	96,8,1	112,8,1	112,8,1	96,8,1	80,8,1	96,8,1	112,8,1	96,8,1	48,8,1	112,8,1	112,8,1	112,8,1
Ë«²øÊÖ-Ë®	80,8,1	64,8,1	64,8,1	96,8,1	64,8,1	64,8,1	96,8,1	96,8,1	96,8,1	96,8,1	96,8,1	96,8,1	96,8,1	96,8,1	96,8,1	96,8,1	64,8,1	64,8,1	48,8,1	48,8,1	104,8,1	120,8,1	80,8,1	80,8,1	96,8,1	104,8,1	104,8,1	104,8,1	96,8,1	128,8,1	96,8,1	96,8,1	96,8,1	80,8,1	96,8,1	80,8,1	96,8,1	112,8,1	112,8,1	96,8,1	80,8,1	96,8,1	112,8,1	96,8,1	48,8,1	112,8,1	112,8,1	112,8,1
Ë«²øÊÖ-Ä¾	80,8,1	64,8,1	64,8,1	96,8,1	64,8,1	64,8,1	96,8,1	96,8,1	96,8,1	96,8,1	96,8,1	96,8,1	96,8,1	96,8,1	96,8,1	96,8,1	64,8,1	64,8,1	48,8,1	48,8,1	104,8,1	120,8,1	80,8,1	80,8,1	96,8,1	104,8,1	104,8,1	104,8,1	96,8,1	128,8,1	96,8,1	96,8,1	96,8,1	80,8,1	96,8,1	80,8,1	96,8,1	112,8,1	112,8,1	96,8,1	80,8,1	96,8,1	112,8,1	96,8,1	48,8,1	112,8,1	112,8,1	112,8,1
Ë«²øÊÖ-»ð	80,8,1	64,8,1	64,8,1	96,8,1	64,8,1	64,8,1	96,8,1	96,8,1	96,8,1	96,8,1	96,8,1	96,8,1	96,8,1	96,8,1	96,8,1	96,8,1	64,8,1	64,8,1	48,8,1	48,8,1	104,8,1	120,8,1	80,8,1	80,8,1	96,8,1	104,8,1	104,8,1	104,8,1	96,8,1	128,8,1	96,8,1	96,8,1	96,8,1	80,8,1	96,8,1	80,8,1	96,8,1	112,8,1	112,8,1	96,8,1	80,8,1	96,8,1	112,8,1	96,8,1	48,8,1	112,8,1	112,8,1	112,8,1
³¤¹÷-½ð¹÷	80,8,1	64,8,1	64,8,1		64,8,1		96,8,1	96,8,1		96,8,1		96,8,1	96,8,1		96,8,1		64,8,1		48,8,1		104,8,1		80,8,1		96,8,1			104,8,1	96,8,1				96,8,1		96,8,1		96,8,1	112,8,1	112,8,1	96,8,1	80,8,1	96,8,1	112,8,1	96,8,1	48,8,1	112,8,1	112,8,1	112,8,1
³¤¹÷-»ð¹÷	80,8,1	64,8,1	64,8,1		64,8,1		96,8,1	96,8,1		96,8,1		96,8,1	96,8,1		96,8,1		64,8,1		48,8,1		104,8,1		80,8,1		96,8,1			104,8,1	96,8,1				96,8,1		96,8,1		96,8,1	112,8,1	112,8,1	96,8,1	80,8,1	96,8,1	112,8,1	96,8,1	48,8,1	112,8,1	112,8,1	112,8,1
³¤Ç¹-½ðÇ¹	80,8,1	64,8,1	64,8,1		64,8,1		96,8,1	96,8,1		96,8,1		96,8,1	96,8,1		96,8,1		64,8,1		48,8,1		104,8,1		80,8,1		96,8,1			104,8,1	96,8,1				96,8,1		96,8,1		96,8,1	112,8,1	112,8,1	96,8,1	80,8,1	96,8,1	112,8,1	96,8,1	48,8,1	112,8,1	112,8,1	112,8,1
³¤Ç¹-»ðÇ¹	80,8,1	64,8,1	64,8,1		64,8,1		96,8,1	96,8,1		96,8,1		96,8,1	96,8,1		96,8,1		64,8,1		48,8,1		104,8,1		80,8,1		96,8,1			104,8,1	96,8,1				96,8,1		96,8,1		96,8,1	112,8,1	112,8,1	96,8,1	80,8,1	96,8,1	112,8,1	96,8,1	48,8,1	112,8,1	112,8,1	112,8,1
µ¥ÊÖµ¶-½ð	80,8,1	64,8,1	64,8,1	96,8,1			96,8,1	96,8,1	96,8,1			96,8,1	96,8,1	96,8,1			64,8,1	64,8,1			104,8,1	120,8,1			96,8,1	104,8,1	104,8,1						96,8,1	80,8,1			96,8,1	112,8,1	112,8,1	96,8,1	80,8,1	96,8,1	112,8,1	96,8,1	48,8,1	112,8,1	112,8,1	112,8,1
µ¥ÊÖµ¶-Ä¾	80,8,1	64,8,1	64,8,1	96,8,1			96,8,1	96,8,1	96,8,1			96,8,1	96,8,1	96,8,1			64,8,1	64,8,1			104,8,1	120,8,1			96,8,1	104,8,1	104,8,1						96,8,1	80,8,1			96,8,1	112,8,1	112,8,1	96,8,1	80,8,1	96,8,1	112,8,1	96,8,1	48,8,1	112,8,1	112,8,1	112,8,1
µ¥ÊÖµ¶-Ë®	80,8,1	64,8,1	64,8,1	96,8,1			96,8,1	96,8,1	96,8,1			96,8,1	96,8,1	96,8,1			64,8,1	64,8,1			104,8,1	120,8,1			96,8,1	104,8,1	104,8,1						96,8,1	80,8,1			96,8,1	112,8,1	112,8,1	96,8,1	80,8,1	96,8,1	112,8,1	96,8,1	48,8,1	112,8,1	112,8,1	112,8,1
µ¥ÊÖ»ðµ¶-»ð	80,8,1	64,8,1	64,8,1	96,8,1			96,8,1	96,8,1	96,8,1			96,8,1	96,8,1	96,8,1			64,8,1	64,8,1			104,8,1	120,8,1			96,8,1	104,8,1	104,8,1						96,8,1	80,8,1			96,8,1	112,8,1	112,8,1	96,8,1	80,8,1	96,8,1	112,8,1	96,8,1	48,8,1	112,8,1	112,8,1	112,8,1
µ¥ÊÖµ¶-À×	80,8,1	64,8,1	64,8,1	96,8,1			96,8,1	96,8,1	96,8,1			96,8,1	96,8,1	96,8,1			64,8,1	64,8,1			104,8,1	120,8,1			96,8,1	104,8,1	104,8,1						96,8,1	80,8,1			96,8,1	112,8,1	112,8,1	96,8,1	80,8,1	96,8,1	112,8,1	96,8,1	48,8,1	112,8,1	112,8,1	112,8,1
µ¥ÊÖ½£-Ë®	80,8,1	64,8,1	64,8,1	96,8,1			96,8,1	96,8,1	96,8,1			96,8,1	96,8,1	96,8,1			64,8,1	64,8,1			104,8,1	120,8,1			96,8,1	104,8,1	104,8,1						96,8,1	80,8,1			96,8,1	112,8,1	112,8,1	96,8,1	80,8,1	96,8,1	112,8,1	96,8,1	48,8,1	112,8,1	112,8,1	112,8,1
µ¥ÊÖ½£-À×	80,8,1	64,8,1	64,8,1	96,8,1			96,8,1	96,8,1	96,8,1			96,8,1	96,8,1	96,8,1			64,8,1	64,8,1			104,8,1	120,8,1			96,8,1	104,8,1	104,8,1						96,8,1	80,8,1			96,8,1	112,8,1	112,8,1	96,8,1	80,8,1	96,8,1	112,8,1	96,8,1	48,8,1	112,8,1	112,8,1	112,8,1
µ¥ÊÖÀ×½£-À×	80,8,1	64,8,1	64,8,1	96,8,1			96,8,1	96,8,1	96,8,1			96,8,1	96,8,1	96,8,1			64,8,1	64,8,1			104,8,1	120,8,1			96,8,1	104,8,1	104,8,1						96,8,1	80,8,1			96,8,1	112,8,1	112,8,1	96,8,1	80,8,1	96,8,1	112,8,1	96,8,1	48,8,1	112,8,1	112,8,1	112,8,1
Ë«´¸-½ð	80,8,1	64,8,1	64,8,1			64,8,1	96,8,1	96,8,1			96,8,1	96,8,1	96,8,1			96,8,1	64,8,1			48,8,1	104,8,1			80,8,1	96,8,1					128,8,1	96,8,1		96,8,1			80,8,1	96,8,1	112,8,1	112,8,1	96,8,1	80,8,1	96,8,1	112,8,1	96,8,1	48,8,1	112,8,1	112,8,1	112,8,1
Ë«µ¶-Ë®	80,8,1	64,8,1	64,8,1			64,8,1	96,8,1	96,8,1			96,8,1	96,8,1	96,8,1			96,8,1	64,8,1			48,8,1	104,8,1			80,8,1	96,8,1					128,8,1	96,8,1		96,8,1			80,8,1	96,8,1	112,8,1	112,8,1	96,8,1	80,8,1	96,8,1	112,8,1	96,8,1	48,8,1	112,8,1	112,8,1	112,8,1
µ¥ÊÖµ¶-·¢¹â1	80,8,1	64,8,1	64,8,1	96,8,1			96,8,1	96,8,1	96,8,1			96,8,1	96,8,1	96,8,1			64,8,1	64,8,1			104,8,1	120,8,1			96,8,1	104,8,1	104,8,1						96,8,1	80,8,1			96,8,1	112,8,1	112,8,1	96,8,1	80,8,1	96,8,1	112,8,1	96,8,1	48,8,1	112,8,1	112,8,1	112,8,1
µ¥ÊÖ½£-·¢¹â1	80,8,1	64,8,1	64,8,1	96,8,1			96,8,1	96,8,1	96,8,1			96,8,1	96,8,1	96,8,1			64,8,1	64,8,1			104,8,1	120,8,1			96,8,1	104,8,1	104,8,1						96,8,1	80,8,1			96,8,1	112,8,1	112,8,1	96,8,1	80,8,1	96,8,1	112,8,1	96,8,1	48,8,1	112,8,1	112,8,1	112,8,1
µ¥ÊÖ»ðµ¶-·¢¹â1	80,8,1	64,8,1	64,8,1	96,8,1			96,8,1	96,8,1	96,8,1			96,8,1	96,8,1	96,8,1			64,8,1	64,8,1			104,8,1	120,8,1			96,8,1	104,8,1	104,8,1						96,8,1	80,8,1			96,8,1	112,8,1	112,8,1	96,8,1	80,8,1	96,8,1	112,8,1	96,8,1	48,8,1	112,8,1	112,8,1	112,8,1
µ¥ÊÖÀ×½£-·¢¹â1	80,8,1	64,8,1	64,8,1	96,8,1			96,8,1	96,8,1	96,8,1			96,8,1	96,8,1	96,8,1			64,8,1	64,8,1			104,8,1	120,8,1			96,8,1	104,8,1	104,8,1						96,8,1	80,8,1			96,8,1	112,8,1	112,8,1	96,8,1	80,8,1	96,8,1	112,8,1	96,8,1	48,8,1	112,8,1	112,8,1	112,8,1
³¤¹÷-·¢¹â1	80,8,1	64,8,1	64,8,1		64,8,1		96,8,1	96,8,1		96,8,1		96,8,1	96,8,1		96,8,1		64,8,1		48,8,1		104,8,1		80,8,1		96,8,1			104,8,1	96,8,1				96,8,1		96,8,1		96,8,1	112,8,1	112,8,1	96,8,1	80,8,1	96,8,1	112,8,1	96,8,1	48,8,1	112,8,1	112,8,1	112,8,1
³¤Ç¹-·¢¹â1	80,8,1	64,8,1	64,8,1		64,8,1		96,8,1	96,8,1		96,8,1		96,8,1	96,8,1		96,8,1		64,8,1		48,8,1		104,8,1		80,8,1		96,8,1			104,8,1	96,8,1				96,8,1		96,8,1		96,8,1	112,8,1	112,8,1	96,8,1	80,8,1	96,8,1	112,8,1	96,8,1	48,8,1	112,8,1	112,8,1	112,8,1
Ë«´¸-·¢¹â1	80,8,1	64,8,1	64,8,1			64,8,1	96,8,1	96,8,1			96,8,1	96,8,1	96,8,1			96,8,1	64,8,1			48,8,1	104,8,1			80,8,1	96,8,1					128,8,1	96,8,1		96,8,1			80,8,1	96,8,1	112,8,1	112,8,1	96,8,1	80,8,1	96,8,1	112,8,1	96,8,1	48,8,1	112,8,1	112,8,1	112,8,1
Ë«µ¶-·¢¹â1	80,8,1	64,8,1	64,8,1			64,8,1	96,8,1	96,8,1			96,8,1	96,8,1	96,8,1			96,8,1	64,8,1			48,8,1	104,8,1			80,8,1	96,8,1					128,8,1	96,8,1		96,8,1			80,8,1	96,8,1	112,8,1	112,8,1	96,8,1	80,8,1	96,8,1	112,8,1	96,8,1	48,8,1	112,8,1	112,8,1	112,8,1
Ë«²øÊÖ-·¢¹â1	80,8,1	64,8,1	64,8,1	96,8,1	64,8,1	64,8,1	96,8,1	96,8,1	96,8,1	96,8,1	96,8,1	96,8,1	96,8,1	96,8,1	96,8,1	96,8,1	64,8,1	64,8,1	48,8,1	48,8,1	104,8,1	120,8,1	80,8,1	80,8,1	96,8,1	104,8,1	104,8,1	104,8,1	96,8,1	128,8,1	96,8,1	96,8,1	96,8,1	80,8,1	96,8,1	80,8,1	96,8,1	112,8,1	112,8,1	96,8,1	80,8,1	96,8,1	112,8,1	96,8,1	48,8,1	112,8,1	112,8,1	112,8,1
Ë«×¦-·¢¹â1	80,8,1	64,8,1	64,8,1	96,8,1	64,8,1	64,8,1	96,8,1	96,8,1	96,8,1	96,8,1	96,8,1	96,8,1	96,8,1	96,8,1	96,8,1	96,8,1	64,8,1	64,8,1	48,8,1	48,8,1	104,8,1	120,8,1	80,8,1	80,8,1	96,8,1	104,8,1	104,8,1	104,8,1	96,8,1	128,8,1	96,8,1	96,8,1	96,8,1	80,8,1	96,8,1	80,8,1	96,8,1	112,8,1	112,8,1	96,8,1	80,8,1	96,8,1	112,8,1	96,8,1	48,8,1	112,8,1	112,8,1	112,8,1
¿ÕÊÖ-·¢¹â1	80,8,1	64,8,1	64,8,1	96,8,1	64,8,1	64,8,1	96,8,1	96,8,1	96,8,1	96,8,1	96,8,1	96,8,1	96,8,1	96,8,1	96,8,1	96,8,1	64,8,1	64,8,1	48,8,1	48,8,1	104,8,1	120,8,1	80,8,1	80,8,1	96,8,1	104,8,1	104,8,1	104,8,1	96,8,1	128,8,1	96,8,1	96,8,1	96,8,1	80,8,1	96,8,1	80,8,1	96,8,1	112,8,1	112,8,1	96,8,1	80,8,1	96,8,1	112,8,1	96,8,1	48,8,1	112,8,1	112,8,1	112,8,1
µ¥ÊÖµ¶-·¢¹â2	80,8,1	64,8,1	64,8,1	96,8,1			96,8,1	96,8,1	96,8,1			96,8,1	96,8,1	96,8,1			64,8,1	64,8,1			104,8,1	120,8,1			96,8,1	104,8,1	104,8,1						96,8,1	80,8,1			96,8,1	112,8,1	112,8,1	96,8,1	80,8,1	96,8,1	112,8,1	96,8,1	48,8,1	112,8,1	112,8,1	112,8,1
µ¥ÊÖ½£-·¢¹â2	80,8,1	64,8,1	64,8,1	96,8,1			96,8,1	96,8,1	96,8,1			96,8,1	96,8,1	96,8,1			64,8,1	64,8,1			104,8,1	120,8,1			96,8,1	104,8,1	104,8,1						96,8,1	80,8,1			96,8,1	112,8,1	112,8,1	96,8,1	80,8,1	96,8,1	112,8,1	96,8,1	48,8,1	112,8,1	112,8,1	112,8,1
µ¥ÊÖ»ðµ¶-·¢¹â2	80,8,1	64,8,1	64,8,1	96,8,1			96,8,1	96,8,1	96,8,1			96,8,1	96,8,1	96,8,1			64,8,1	64,8,1			104,8,1	120,8,1			96,8,1	104,8,1	104,8,1						96,8,1	80,8,1			96,8,1	112,8,1	112,8,1	96,8,1	80,8,1	96,8,1	112,8,1	96,8,1	48,8,1	112,8,1	112,8,1	112,8,1
µ¥ÊÖÀ×½£-·¢¹â2	80,8,1	64,8,1	64,8,1	96,8,1			96,8,1	96,8,1	96,8,1			96,8,1	96,8,1	96,8,1			64,8,1	64,8,1			104,8,1	120,8,1			96,8,1	104,8,1	104,8,1						96,8,1	80,8,1			96,8,1	112,8,1	112,8,1	96,8,1	80,8,1	96,8,1	112,8,1	96,8,1	48,8,1	112,8,1	112,8,1	112,8,1
³¤¹÷-·¢¹â2	80,8,1	64,8,1	64,8,1		64,8,1		96,8,1	96,8,1		96,8,1		96,8,1	96,8,1		96,8,1		64,8,1		48,8,1		104,8,1		80,8,1		96,8,1			104,8,1	96,8,1				96,8,1		96,8,1		96,8,1	112,8,1	112,8,1	96,8,1	80,8,1	96,8,1	112,8,1	96,8,1	48,8,1	112,8,1	112,8,1	112,8,1
³¤Ç¹-·¢¹â2	80,8,1	64,8,1	64,8,1		64,8,1		96,8,1	96,8,1		96,8,1		96,8,1	96,8,1		96,8,1		64,8,1		48,8,1		104,8,1		80,8,1		96,8,1			104,8,1	96,8,1				96,8,1		96,8,1		96,8,1	112,8,1	112,8,1	96,8,1	80,8,1	96,8,1	112,8,1	96,8,1	48,8,1	112,8,1	112,8,1	112,8,1
Ë«´¸-·¢¹â2	80,8,1	64,8,1	64,8,1			64,8,1	96,8,1	96,8,1			96,8,1	96,8,1	96,8,1			96,8,1	64,8,1			48,8,1	104,8,1			80,8,1	96,8,1					128,8,1	96,8,1		96,8,1			80,8,1	96,8,1	112,8,1	112,8,1	96,8,1	80,8,1	96,8,1	112,8,1	96,8,1	48,8,1	112,8,1	112,8,1	112,8,1
Ë«µ¶-·¢¹â2	80,8,1	64,8,1	64,8,1			64,8,1	96,8,1	96,8,1			96,8,1	96,8,1	96,8,1			96,8,1	64,8,1			48,8,1	104,8,1			80,8,1	96,8,1					128,8,1	96,8,1		96,8,1			80,8,1	96,8,1	112,8,1	112,8,1	96,8,1	80,8,1	96,8,1	112,8,1	96,8,1	48,8,1	112,8,1	112,8,1	112,8,1
Ë«²øÊÖ-·¢¹â2	80,8,1	64,8,1	64,8,1	96,8,1	64,8,1	64,8,1	96,8,1	96,8,1	96,8,1	96,8,1	96,8,1	96,8,1	96,8,1	96,8,1	96,8,1	96,8,1	64,8,1	64,8,1	48,8,1	48,8,1	104,8,1	120,8,1	80,8,1	80,8,1	96,8,1	104,8,1	104,8,1	104,8,1	96,8,1	128,8,1	96,8,1	96,8,1	96,8,1	80,8,1	96,8,1	80,8,1	96,8,1	112,8,1	112,8,1	96,8,1	80,8,1	96,8,1	112,8,1	96,8,1	48,8,1	112,8,1	112,8,1	112,8,1
Ë«×¦-·¢¹â2	80,8,1	64,8,1	64,8,1	96,8,1	64,8,1	64,8,1	96,8,1	96,8,1	96,8,1	96,8,1	96,8,1	96,8,1	96,8,1	96,8,1	96,8,1	96,8,1	64,8,1	64,8,1	48,8,1	48,8,1	104,8,1	120,8,1	80,8,1	80,8,1	96,8,1	104,8,1	104,8,1	104,8,1	96,8,1	128,8,1	96,8,1	96,8,1	96,8,1	80,8,1	96,8,1	80,8,1	96,8,1	112,8,1	112,8,1	96,8,1	80,8,1	96,8,1	112,8,1	96,8,1	48,8,1	112,8,1	112,8,1	112,8,1
¿ÕÊÖ-·¢¹â2	80,8,1	64,8,1	64,8,1	96,8,1	64,8,1	64,8,1	96,8,1	96,8,1	96,8,1	96,8,1	96,8,1	96,8,1	96,8,1	96,8,1	96,8,1	96,8,1	64,8,1	64,8,1	48,8,1	48,8,1	104,8,1	120,8,1	80,8,1	80,8,1	96,8,1	104,8,1	104,8,1	104,8,1	96,8,1	128,8,1	96,8,1	96,8,1	96,8,1	80,8,1	96,8,1	80,8,1	96,8,1	112,8,1	112,8,1	96,8,1	80,8,1	96,8,1	112,8,1	96,8,1	48,8,1	112,8,1	112,8,1	112,8,1
Minh Ph­îng Quy Y TriÒn Thñ																																																
Minh Ph­îng Cùc L¹c T¨ng C«n																																																
Minh Ph­îng H­ Kh«ng Giíi §ao																																																
Minh Ph­îng ChiÕn ThÇn Chïy	80,8,1	64,8,1	64,8,1	96,8,1	64,8,1	64,8,1	96,8,1	96,8,1	96,8,1	96,8,1	88,8,1	96,8,1	96,8,1	96,8,1	96,8,1	96,8,1	64,8,1	64,8,1	48,8,1	48,8,1	104,8,1	120,8,1	80,8,1	80,8,1	96,8,1	104,8,1	104,8,1	104,8,1	96,8,1	128,8,1	96,8,1	96,8,1	96,8,1	80,8,1	96,8,1	80,8,1	96,8,1	112,8,1	112,8,1	96,8,1	80,8,1	96,8,1	112,8,1	96,8,1	48,8,1	112,8,1	112,8,1	112,8,1
Minh Ph­îng Anh Hïng Th­¬ng	80,8,1	64,8,1	64,8,1		64,8,1		96,8,1	96,8,1		96,8,1		96,8,1	96,8,1		96,8,1		64,8,1		48,8,1		104,8,1		80,8,1		96,8,1			104,8,1	96,8,1				96,8,1		96,8,1		96,8,1	112,8,1	112,8,1	96,8,1	80,8,1	96,8,1	112,8,1	96,8,1	48,8,1	112,8,1	112,8,1	112,8,1
Minh Ph­îng B¸ V­¬ng B¶o §ao	80,8,1	64,8,1	64,8,1	96,8,1			96,8,1	96,8,1	96,8,1			96,8,1	96,8,1	96,8,1			64,8,1	64,8,1			104,8,1	120,8,1			96,8,1	104,8,1	104,8,1						96,8,1	80,8,1			96,8,1	112,8,1	112,8,1	96,8,1	80,8,1	96,8,1	112,8,1	96,8,1	48,8,1	112,8,1	112,8,1	112,8,1
Minh Ph­îng T¶n Hoa Tr­êng KiÕm	80,8,1	64,8,1	64,8,1	96,8,1			96,8,1	96,8,1	96,8,1			96,8,1	96,8,1	96,8,1			64,8,1	64,8,1			104,8,1	120,8,1			96,8,1	104,8,1	104,8,1						96,8,1	80,8,1			96,8,1	112,8,1	112,8,1	96,8,1	80,8,1	96,8,1	112,8,1	96,8,1	48,8,1	112,8,1	112,8,1	112,8,1
Minh Ph­îng L¨ng Tiªu TriÒn Thñ	80,8,1	64,8,1	64,8,1	96,8,1	64,8,1	64,8,1	96,8,1	96,8,1	96,8,1	96,8,1	96,8,1	96,8,1	96,8,1	96,8,1	96,8,1	96,8,1	64,8,1	64,8,1	48,8,1	48,8,1	104,8,1	120,8,1	80,8,1	80,8,1	96,8,1	104,8,1	104,8,1	104,8,1	96,8,1	128,8,1	96,8,1	96,8,1	96,8,1	80,8,1	96,8,1	80,8,1	96,8,1	112,8,1	112,8,1	96,8,1	80,8,1	96,8,1	112,8,1	96,8,1	48,8,1	112,8,1	112,8,1	112,8,1
Minh Ph­îng V¹n Hoa B¶o §ao	80,8,1	64,8,1	64,8,1	96,8,1			96,8,1	96,8,1	96,8,1			96,8,1	96,8,1	96,8,1			64,8,1	64,8,1			104,8,1	120,8,1			96,8,1	104,8,1	104,8,1						96,8,1	80,8,1			96,8,1	112,8,1	112,8,1	96,8,1	80,8,1	96,8,1	112,8,1	96,8,1	48,8,1	112,8,1	112,8,1	112,8,1
Minh Ph­îng Ph­¬ng Hoa Song §ao	80,8,1	64,8,1	64,8,1			64,8,1	96,8,1	96,8,1			88,8,1	96,8,1	96,8,1			96,8,1	64,8,1			48,8,1	104,8,1			80,8,1	96,8,1					128,8,1	96,8,1		96,8,1			80,8,1	96,8,1	112,8,1	112,8,1	96,8,1	80,8,1	96,8,1	112,8,1	96,8,1	48,8,1	112,8,1	112,8,1	112,8,1
Minh Ph­îng Diªm La TriÒn Thñ	80,8,1	64,8,1	64,8,1	96,8,1	64,8,1	64,8,1	96,8,1	96,8,1	96,8,1	96,8,1	96,8,1	96,8,1	96,8,1	96,8,1	96,8,1	96,8,1	64,8,1	64,8,1	48,8,1	48,8,1	104,8,1	120,8,1	80,8,1	80,8,1	96,8,1	104,8,1	104,8,1	104,8,1	96,8,1	128,8,1	96,8,1	96,8,1	96,8,1	80,8,1	96,8,1	80,8,1	96,8,1	112,8,1	112,8,1	96,8,1	80,8,1	96,8,1	112,8,1	96,8,1	48,8,1	112,8,1	112,8,1	112,8,1
Minh Ph­îng Minh V­¬ng B¶o §ao	80,8,1	64,8,1	64,8,1	96,8,1			96,8,1	96,8,1	96,8,1			96,8,1	96,8,1	96,8,1			64,8,1	64,8,1			104,8,1	120,8,1			96,8,1	104,8,1	104,8,1						96,8,1	80,8,1			96,8,1	112,8,1	112,8,1	96,8,1	80,8,1	96,8,1	112,8,1	96,8,1	48,8,1	112,8,1	112,8,1	112,8,1
Minh Ph­îng LiÔm DiÖm Phi §ao	80,8,1	64,8,1	64,8,1	96,8,1	64,8,1	64,8,1	96,8,1	96,8,1	96,8,1	96,8,1	96,8,1	96,8,1	96,8,1	96,8,1	96,8,1	96,8,1	64,8,1	64,8,1	48,8,1	48,8,1	104,8,1	120,8,1	80,8,1	80,8,1	96,8,1	104,8,1	104,8,1	104,8,1	96,8,1	128,8,1	96,8,1	96,8,1	96,8,1	80,8,1	96,8,1	80,8,1	96,8,1	112,8,1	112,8,1	96,8,1	80,8,1	96,8,1	112,8,1	96,8,1	48,8,1	112,8,1	112,8,1	112,8,1
Minh Ph­îng Thiªn Hoang Tô TiÔn	80,8,1	64,8,1	64,8,1	96,8,1	64,8,1	64,8,1	96,8,1	96,8,1	96,8,1	96,8,1	96,8,1	96,8,1	96,8,1	96,8,1	96,8,1	96,8,1	64,8,1	64,8,1	48,8,1	48,8,1	104,8,1	120,8,1	80,8,1	80,8,1	96,8,1	104,8,1	104,8,1	104,8,1	96,8,1	128,8,1	96,8,1	96,8,1	96,8,1	80,8,1	96,8,1	80,8,1	96,8,1	112,8,1	112,8,1	96,8,1	80,8,1	96,8,1	112,8,1	96,8,1	48,8,1	112,8,1	112,8,1	112,8,1
Minh Ph­îng Thiªn Kiªu Phi Tiªu	80,8,1	64,8,1	64,8,1	96,8,1	64,8,1	64,8,1	96,8,1	96,8,1	96,8,1	96,8,1	96,8,1	96,8,1	96,8,1	96,8,1	96,8,1	96,8,1	64,8,1	64,8,1	48,8,1	48,8,1	104,8,1	120,8,1	80,8,1	80,8,1	96,8,1	104,8,1	104,8,1	104,8,1	96,8,1	128,8,1	96,8,1	96,8,1	96,8,1	80,8,1	96,8,1	80,8,1	96,8,1	112,8,1	112,8,1	96,8,1	80,8,1	96,8,1	112,8,1	96,8,1	48,8,1	112,8,1	112,8,1	112,8,1
Minh Ph­îng ThiÕt HuyÕt TriÒn Thñ	80,8,1	64,8,1	64,8,1	96,8,1	64,8,1	64,8,1	96,8,1	96,8,1	96,8,1	96,8,1	96,8,1	96,8,1	96,8,1	96,8,1	96,8,1	96,8,1	64,8,1	64,8,1	48,8,1	48,8,1	104,8,1	120,8,1	80,8,1	80,8,1	96,8,1	104,8,1	104,8,1	104,8,1	96,8,1	128,8,1	96,8,1	96,8,1	96,8,1	80,8,1	96,8,1	80,8,1	96,8,1	112,8,1	112,8,1	96,8,1	80,8,1	96,8,1	112,8,1	96,8,1	48,8,1	112,8,1	112,8,1	112,8,1
Minh Ph­îng Quang Phôc Tr­îng	80,8,1	64,8,1	64,8,1		64,8,1		96,8,1	96,8,1		96,8,1		96,8,1	96,8,1		96,8,1		64,8,1		48,8,1		104,8,1		80,8,1		96,8,1			104,8,1	96,8,1				96,8,1		96,8,1		96,8,1	112,8,1	112,8,1	96,8,1	80,8,1	96,8,1	112,8,1	96,8,1	48,8,1	112,8,1	112,8,1	112,8,1
Minh Ph­îng Dôc NhËt Th­¬ng	80,8,1	64,8,1	64,8,1		64,8,1		96,8,1	96,8,1		96,8,1		96,8,1	96,8,1		96,8,1		64,8,1		48,8,1		104,8,1		80,8,1		96,8,1			104,8,1	96,8,1				96,8,1		96,8,1		96,8,1	112,8,1	112,8,1	96,8,1	80,8,1	96,8,1	112,8,1	96,8,1	48,8,1	112,8,1	112,8,1	112,8,1
Minh Ph­îng SÝ §Þa §ao	80,8,1	64,8,1	64,8,1	96,8,1			96,8,1	96,8,1	96,8,1			96,8,1	96,8,1	96,8,1			64,8,1	64,8,1			104,8,1	120,8,1			96,8,1	104,8,1	104,8,1						96,8,1	80,8,1			96,8,1	112,8,1	112,8,1	96,8,1	80,8,1	96,8,1	112,8,1	96,8,1	48,8,1	112,8,1	112,8,1	112,8,1
Minh Ph­îng Kh«ng Minh KiÕm	80,8,1	64,8,1	64,8,1	96,8,1			96,8,1	96,8,1	96,8,1			96,8,1	96,8,1	96,8,1			64,8,1	64,8,1			104,8,1	120,8,1			96,8,1	104,8,1	104,8,1						96,8,1	80,8,1			96,8,1	112,8,1	112,8,1	96,8,1	80,8,1	96,8,1	112,8,1	96,8,1	48,8,1	112,8,1	112,8,1	112,8,1
Minh Ph­îng Bång Lai KiÕm	80,8,1	64,8,1	64,8,1	96,8,1			96,8,1	96,8,1	96,8,1			96,8,1	96,8,1	96,8,1			64,8,1	64,8,1			104,8,1	120,8,1			96,8,1	104,8,1	104,8,1						96,8,1	80,8,1			96,8,1	112,8,1	112,8,1	96,8,1	80,8,1	96,8,1	112,8,1	96,8,1	48,8,1	112,8,1	112,8,1	112,8,1
Minh Ph­îng Cöu Thiªn Hµn ThiÕt	80,8,1	64,8,1	64,8,1	96,8,1			96,8,1	96,8,1	96,8,1			96,8,1	96,8,1	96,8,1			64,8,1	64,8,1			104,8,1	120,8,1			96,8,1	104,8,1	104,8,1						96,8,1	80,8,1			96,8,1	112,8,1	112,8,1	96,8,1	80,8,1	96,8,1	112,8,1	96,8,1	48,8,1	112,8,1	112,8,1	112,8,1
Minh Ph­îng Tham Th­¬ng KiÕm	80,8,1	64,8,1	64,8,1	96,8,1			96,8,1	96,8,1	96,8,1			96,8,1	96,8,1	96,8,1			64,8,1	64,8,1			104,8,1	120,8,1			96,8,1	104,8,1	104,8,1						96,8,1	80,8,1			96,8,1	112,8,1	112,8,1	96,8,1	80,8,1	96,8,1	112,8,1	96,8,1	48,8,1	112,8,1	112,8,1	112,8,1
Tö M·ng KÕt L« KiÕm	80,8,1	64,8,1	64,8,1	96,8,1			96,8,1	96,8,1	96,8,1			96,8,1	96,8,1	96,8,1			64,8,1	64,8,1			104,8,1	120,8,1			96,8,1	104,8,1	104,8,1						96,8,1	80,8,1			96,8,1	112,8,1	112,8,1	96,8,1	80,8,1	96,8,1	112,8,1	96,8,1	48,8,1	112,8,1	112,8,1	112,8,1
B¹ch Hæ Tö CÇm KiÕm	80,8,1	64,8,1	64,8,1	96,8,1			96,8,1	96,8,1	96,8,1			96,8,1	96,8,1	96,8,1			64,8,1	64,8,1			104,8,1	120,8,1			96,8,1	104,8,1	104,8,1						96,8,1	80,8,1			96,8,1	112,8,1	112,8,1	96,8,1	80,8,1	96,8,1	112,8,1	96,8,1	48,8,1	112,8,1	112,8,1	112,8,1
Minh Ph­îng Tr¹m Vò KiÕm	80,8,1	64,8,1	64,8,1	96,8,1			96,8,1	96,8,1	96,8,1			96,8,1	96,8,1	96,8,1			64,8,1	64,8,1			104,8,1	120,8,1			96,8,1	104,8,1	104,8,1						96,8,1	80,8,1			96,8,1	112,8,1	112,8,1	96,8,1	80,8,1	96,8,1	112,8,1	96,8,1	48,8,1	112,8,1	112,8,1	112,8,1
§»ng Long Bå §Ò TriÒn Thñ																																																
§»ng Long Nh­ Lai Ph¸p C«n 																																																
§»ng Long V« L­îng Giíi §ao																																																
§»ng Long Khai Thiªn ThÇn Chïy	80,1,1	64,1,1	64,8,1		64,8,1	64,8,1	96,8,1	96,8,1		96,8,1	96,8,1	96,8,1	96,8,1			96,1,1	64,8,1			48,1,1	104,8,1			80,1,1	96,8,1					128,1,1	96,1,1		96,8,1			48,1,1	96,8,1	112,8,1	112,1,1	96,1,1	80,1,1	96,1,1	112,1,1	96,1,1	48,1,1	112,1,1	112,1,1	112,1,1
§»ng Long TÞch §Þa Th­¬ng	80,8,56	64,8,56	64,8,1		64,8,1	64,8,1	96,8,1	96,8,1		96,8,1	96,8,1	96,8,1	96,8,1		96,8,56		64,8,1		48,8,56		104,8,1				96,8,1			104,8,56	96,8,56				96,8,1		96,8,56		96,8,1	112,8,1	112,8,56	96,8,56	80,8,56	96,8,56	112,8,56	96,8,56	48,8,56		112,8,56	112,8,56
§»ng Long Hçn Nguyªn B¶o §ao	80,8,1	64,8,1	64,8,1	192,8,1	64,8,1	64,8,1	96,8,1	96,8,1	96,8,1	96,8,1	96,8,1	96,8,1	96,8,1	96,8,1			64,8,1	64,8,1			104,8,1	120,8,1			96,8,1	104,8,1	104,8,1						96,8,1	80,8,1			96,8,1	112,8,1	112,8,1	96,8,1	80,8,1	96,8,1	112,8,1	96,8,1	48,8,1	112,8,1	112,8,1	112,8,1
ÌÚÁúÖ®·ÉÌì³¤½£	80,8,1	64,8,1	64,8,1	96,8,1	64,8,1	64,8,1	96,8,1	96,8,1	96,8,1	96,8,1	96,8,1	96,8,1	96,8,1	96,8,1			64,8,1	64,8,1			104,8,1				96,8,1	104,8,1	104,8,1						96,8,1	80,8,1			96,8,1	112,8,1	112,8,1	96,8,1	80,1,1	96,8,1	112,8,1	96,8,1	48,8,1	112,8,1	112,8,1	112,8,1
§»ng Long B¨ng Ph¸ch TriÒn Thñ	80,1,1	64,1,1	64,8,1		64,8,1	64,8,1	96,8,1	96,8,1		96,8,1	96,8,1	96,8,1	96,8,1				64,8,1				104,8,1				96,8,1								96,8,1				96,8,1	112,8,1	112,1,1	96,1,1	80,1,1	96,1,1	112,1,1	96,1,1	48,1,1	112,1,1	112,1,1	112,1,1
§»ng Long Khuynh Thµnh B¶o §ao	80,8,1	64,8,1	64,8,1	96,8,1	64,8,1	64,8,1	96,8,1	96,8,1	96,8,1	96,8,1	96,8,1	96,8,1	96,8,1	96,8,1			64,8,1	64,8,1			104,8,1				96,8,1	104,8,1	104,8,1						96,8,1	80,8,1			96,8,1	112,8,1	104,8,1	96,8,1	80,8,1	96,8,1	112,8,1	96,8,1	48,8,1	112,8,1	104,8,1	104,8,1
§»ng Long B¸ch H­¬ng Uyªn ¦¬ng §ao	80,1,1	64,1,1	64,8,1		64,8,1	64,8,1	96,8,1	96,8,1		96,8,1	96,8,1	96,8,1	96,8,1			96,1,1	64,8,1			48,1,1	104,8,1			80,1,1	96,8,1					128,1,1	96,1,1		96,8,1			80,1,1	96,8,1	112,8,1	112,1,1	96,1,1	80,1,1	96,1,1	112,1,1	96,1,1	48,1,1	112,1,1	112,1,1	112,1,1
§»ng Long V¹n §éc TriÒn Thñ	80,1,1	64,1,1	64,8,1		64,8,1	64,8,1	96,8,1	96,8,1		96,8,1	96,8,1	96,8,1	96,8,1				64,8,1				104,8,1				96,8,1								96,8,1				96,8,1	112,8,1	112,1,1	96,1,1	80,1,1	96,1,1	112,1,1	96,1,1	48,1,1	112,1,1	112,1,1	112,1,1
§»ng Long V¹n Linh HuyÕt NhÉn	80,8,1	64,8,1	64,8,1	96,8,1	64,8,1	64,8,1	96,8,1	96,8,1	96,8,1	96,8,1	96,8,1	96,8,1	96,8,1	96,8,1			64,8,1	64,8,1			104,8,1	120,8,1			96,8,1	104,8,1	104,8,1						96,8,1	80,8,1			96,8,1	112,8,1	112,8,1	96,8,1	80,8,1	96,8,1	112,8,1	96,8,1	48,8,1	104,8,1	112,8,1	112,8,1
§»ng Long Hçn §én Phi §ao	80,1,1	64,1,1	64,8,1		64,8,1	64,8,1	96,8,1	96,8,1		96,8,1	96,8,1	96,8,1	96,8,1				64,8,1				104,8,1				96,8,1								96,8,1				96,8,1	112,8,1	112,1,1	96,1,1	80,1,1	96,1,1	112,1,1	96,1,1	48,1,1	112,1,1	112,1,1	112,1,1
§»ng Long ThÝ ThÇn Tô TiÔn	80,1,1	64,1,1	64,8,1		64,8,1	64,8,1	96,8,1	96,8,1		96,8,1	96,8,1	96,8,1	96,8,1				64,8,1				104,8,1				96,8,1								96,8,1				96,8,1	112,8,1	112,1,1	96,1,1	80,1,1	96,1,1	112,1,1	96,1,1	48,1,1	112,1,1	112,1,1	112,1,1
§»ng Long Phong B¹o Phi Tiªu	80,1,1	64,1,1	64,8,1		64,8,1	64,8,1	96,8,1	96,8,1		96,8,1	96,8,1	96,8,1	96,8,1				64,8,1				104,8,1				96,8,1								96,8,1				96,8,1	112,8,1	112,1,1	96,1,1	80,1,1	96,1,1	112,1,1	96,1,1	48,1,1	112,1,1	112,1,1	112,1,1
§»ng Long Hµo T×nh TriÒn Thñ	80,1,1	64,1,1	64,8,1		64,8,1	64,8,1	96,8,1	96,8,1		96,8,1	96,8,1	96,8,1	96,8,1				64,8,1				104,8,1				96,8,1								96,8,1				96,8,1	112,8,1	112,1,1	96,1,1	80,1,1	96,1,1	112,1,1	96,1,1	48,1,1	112,1,1	112,1,1	112,1,1
§»ng Long Tô NghÜa Tr­îng	80,8,56	64,8,56	64,8,1		64,8,56	64,8,1	96,8,1	96,8,1		96,8,56	96,8,1	96,8,1	96,8,1		96,8,56		64,8,1		48,8,56		104,8,1				96,8,1			104,8,56	96,8,56				96,8,1		96,8,56		96,8,1	112,8,1	112,1,56	96,8,56	80,8,56	96,8,56	112,8,56	96,8,56	48,8,56		112,1,56	112,1,56
§»ng Long Viªm Hoµng Th­¬ng	80,8,56	64,8,56	64,8,1		64,8,56	64,8,1	96,8,1	96,8,1		96,8,56	96,8,1	96,8,1	96,8,1		96,8,56		64,8,1		48,8,56		104,8,1				96,8,1			104,8,56	96,8,56				96,8,1		96,8,56		96,8,1	112,8,1	112,8,56	96,8,56	80,8,56	96,8,56	112,8,56	96,8,56	48,8,56		112,8,56	112,8,56
§»ng Long PhÇn Thiªn B¶o §ao	80,8,1	64,8,1	64,8,1	96,8,1	64,8,1	64,8,1	96,8,1	96,8,1	96,8,1	96,8,1	96,8,1	96,8,1	96,8,1	96,8,1			64,8,1	64,8,1			104,8,1	224,8,1			96,8,1	104,8,1	104,8,1						96,8,1	80,8,1			96,8,1	112,8,1	112,8,1	96,8,1	80,8,1	96,8,1	112,8,1	96,8,1	48,8,1	112,8,1	112,8,1	112,8,1
§»ng Long Ngäc H­ ThÇn KiÕm	80,8,1	64,8,1	64,8,1	96,1,1	64,8,1	64,8,1	96,8,1	96,8,1	96,8,1	96,8,1	96,8,1	96,8,1	96,8,1	96,8,1			64,8,1	64,8,1			104,8,1	120,8,1			96,8,1	104,8,1	104,8,1						96,8,1	80,8,1			96,8,1	112,8,1	112,8,1	96,8,1	80,8,1	96,8,1	112,8,1	96,8,1	48,8,1	112,8,1	112,8,1	112,8,1
§»ng Long HuyÒn Thiªn ThÇn KiÕm	80,8,1	64,8,1	64,8,1	96,8,1	64,8,1	64,8,1	96,8,1	96,8,1	96,8,1	96,8,1	96,8,1	96,8,1	96,8,1	96,8,1			64,8,1	64,8,1			104,8,1	120,8,1			96,8,1	104,8,1	104,8,1						96,8,1	80,8,1			96,8,1	112,8,1	112,8,1	96,8,1	80,8,1	96,8,1	112,8,1	96,8,1	48,8,1	112,8,1	112,8,1	112,8,1
§»ng Long Ph­¬ng Nguyªn B¶o §ao	80,8,1	64,8,1	64,8,1	96,1,1	64,8,1	64,8,1	96,8,1	96,8,1	96,8,1	96,8,1	96,8,1	96,8,1	96,8,1	96,8,1			64,8,1	64,8,1			104,8,1	120,8,1			96,8,1	104,8,1	104,8,1						96,8,1	80,8,1			96,8,1	112,8,1	112,8,1	96,8,1	80,8,1	96,8,1	112,8,1	96,8,1	48,8,1	112,8,1	112,8,1	112,8,1
§»ng Long Th­¬ng Khung ThÇn KiÕm	80,8,1	64,8,1	64,8,1	96,8,1	64,8,1	64,8,1	96,8,1	96,8,1	96,8,1	96,8,1	96,8,1	96,8,1	96,8,1	96,8,1			64,8,1	64,8,1			104,8,1	120,8,1			96,8,1	104,8,1	104,8,1						96,8,1	80,8,1			96,8,1	112,8,1	112,8,1	96,8,1	80,8,1	96,8,1	112,8,1	96,8,1	48,8,1	112,8,1	112,8,1	112,8,1
§»ng Long Tè Du KiÕm	80,8,1	64,8,1	64,8,1	96,8,1	64,8,1	64,8,1	96,8,1	96,8,1	96,8,1	96,8,1	96,8,1	96,8,1	96,8,1	96,8,1			64,8,1	64,8,1			104,8,1				96,8,1	104,8,1	104,8,1						96,8,1	80,8,1			96,8,1	112,8,1	112,8,1	96,8,1	80,8,1	104,8,1	120,8,1	96,8,1	48,8,1	112,8,1	112,8,1	112,8,1
§»ng Long Y Thñy KiÕm	80,8,1	64,8,1	64,8,1	96,8,1	64,8,1	64,8,1	96,8,1	96,8,1	96,8,1	96,8,1	96,8,1	96,8,1	96,8,1	96,8,1			64,8,1	64,8,1			104,8,1				96,8,1	104,8,1	104,8,1						96,8,1	80,8,1			96,8,1	112,8,1	112,8,1	96,8,1	80,8,1	104,8,1	120,8,1	96,8,1	48,8,1	112,8,1	112,8,1	112,8,1
Tinh S­¬ng-Khæ §Õ TriÒn Thñ																																																
Tinh S­¬ng-DiÖt §Õ Ph¸p C«n																																																
Tinh S­¬ng-§¹o §Õ Giíi §ao																																																
Tinh S­¬ng-Th«n Tµ ThÇn Chïy	80,8,1	64,8,1				64,8,1					88,8,1					96,8,1				48,8,1				80,8,1						128,8,1	96,8,1					80,8,1			112,8,1	96,8,1	80,8,1	96,8,1	112,8,1	96,8,1	48,8,1	112,8,1	112,8,1	112,8,1
Tinh S­¬ng-L­u Kim Th­¬ng	80,8,1	64,8,1			64,8,1					96,8,1					96,8,1				48,8,1				80,8,1					104,8,1	96,8,1						96,8,1				112,8,1	96,8,1	80,8,1	96,8,1	112,8,1	96,8,1	48,8,1	112,8,1	112,8,1	112,8,1
Tinh S­¬ng-L÷ S­¬ng B¶o §ao	80,8,1	64,8,1		96,8,1					96,8,1					96,8,1				64,8,1				120,8,1				104,8,1	104,8,1							80,8,1					112,8,1	96,8,1	80,8,1	96,8,1	112,8,1	96,8,1	48,8,1	112,8,1	112,8,1	112,8,1
Tinh S­¬ng-L¹c Anh B¶o KiÕm	80,8,1	64,8,1		96,8,1					96,8,1					96,8,1				64,8,1				120,8,1				104,8,1	104,8,1							80,8,1					112,8,1	96,8,1	80,8,1	96,8,1	112,8,1	96,8,1	48,8,1	112,8,1	112,8,1	112,8,1
Tinh S­¬ng-PhÊt HuyÖt TriÒn Thñ	80,8,1	64,8,1	64,8,1	96,8,1	64,8,1	64,8,1	96,8,1	96,8,1	96,8,1	96,8,1	96,8,1	96,8,1	96,8,1	96,8,1	96,8,1	96,8,1	64,8,1	64,8,1	48,8,1	48,8,1	104,8,1	120,8,1	80,8,1	80,8,1	96,8,1	104,8,1	104,8,1	104,8,1	96,8,1	128,8,1	96,8,1	96,8,1	96,8,1	80,8,1	96,8,1	80,8,1	96,8,1	112,8,1	112,8,1	96,8,1	80,8,1	96,8,1	112,8,1	96,8,1	48,8,1	112,8,1	112,8,1	112,8,1
Tinh S­¬ng-Thiªn H­¬ng B¶o §ao	80,8,1	64,8,1		96,8,1					96,8,1					96,8,1				64,8,1				120,8,1				104,8,1	104,8,1							80,8,1					112,8,1	96,8,1	80,8,1	96,8,1	112,8,1	96,8,1	48,8,1	112,8,1	112,8,1	112,8,1
Tinh S­¬ng-Th¸i VËn Uyªn ¦¬ng §ao	80,8,1	64,8,1				64,8,1					88,8,1					96,8,1				48,8,1				80,8,1						128,8,1	96,8,1					80,8,1			112,8,1	96,8,1	80,8,1	96,8,1	112,8,1	96,8,1	48,8,1	112,8,1	112,8,1	112,8,1
Tinh S­¬ng-ThiÒm Phi TriÒn Thñ	80,8,1	64,8,1	64,8,1	96,8,1	64,8,1	64,8,1	96,8,1	96,8,1	96,8,1	96,8,1	96,8,1	96,8,1	96,8,1	96,8,1	96,8,1	96,8,1	64,8,1	64,8,1	48,8,1	48,8,1	104,8,1	120,8,1	80,8,1	80,8,1	96,8,1	104,8,1	104,8,1	104,8,1	96,8,1	128,8,1	96,8,1	96,8,1	96,8,1	80,8,1	96,8,1	80,8,1	96,8,1	112,8,1	112,8,1	96,8,1	80,8,1	96,8,1	112,8,1	96,8,1	48,8,1	112,8,1	112,8,1	112,8,1
Tinh S­¬ng-Phô Cèt HuyÕt NhËn	80,8,1	64,8,1		96,8,1					96,8,1					96,8,1				64,8,1				120,8,1				104,8,1	104,8,1							80,8,1					112,8,1	96,8,1	80,8,1	96,8,1	112,8,1	96,8,1	48,8,1	112,8,1	112,8,1	112,8,1
Tinh S­¬ng-L·nh HuyÕt Phi §ao	80,8,1	64,8,1	64,8,1	96,8,1	64,8,1	64,8,1	96,8,1	96,8,1	96,8,1	96,8,1	96,8,1	96,8,1	96,8,1	96,8,1	96,8,1	96,8,1	64,8,1	64,8,1	48,8,1	48,8,1	104,8,1	120,8,1	80,8,1	80,8,1	96,8,1	104,8,1	104,8,1	104,8,1	96,8,1	128,8,1	96,8,1	96,8,1	96,8,1	80,8,1	96,8,1	80,8,1	96,8,1	112,8,1	112,8,1	96,8,1	80,8,1	96,8,1	112,8,1	96,8,1	48,8,1	112,8,1	112,8,1	112,8,1
Tinh S­¬ng-Né Liªn Tô TiÔn	80,8,1	64,8,1	64,8,1	96,8,1	64,8,1	64,8,1	96,8,1	96,8,1	96,8,1	96,8,1	96,8,1	96,8,1	96,8,1	96,8,1	96,8,1	96,8,1	64,8,1	64,8,1	48,8,1	48,8,1	104,8,1	120,8,1	80,8,1	80,8,1	96,8,1	104,8,1	104,8,1	104,8,1	96,8,1	128,8,1	96,8,1	96,8,1	96,8,1	80,8,1	96,8,1	80,8,1	96,8,1	112,8,1	112,8,1	96,8,1	80,8,1	96,8,1	112,8,1	96,8,1	48,8,1	112,8,1	112,8,1	112,8,1
Tinh S­¬ng-Truy MÖnh Phi Tiªu	80,8,1	64,8,1	64,8,1	96,8,1	64,8,1	64,8,1	96,8,1	96,8,1	96,8,1	96,8,1	96,8,1	96,8,1	96,8,1	96,8,1	96,8,1	96,8,1	64,8,1	64,8,1	48,8,1	48,8,1	104,8,1	120,8,1	80,8,1	80,8,1	96,8,1	104,8,1	104,8,1	104,8,1	96,8,1	128,8,1	96,8,1	96,8,1	96,8,1	80,8,1	96,8,1	80,8,1	96,8,1	112,8,1	112,8,1	96,8,1	80,8,1	96,8,1	112,8,1	96,8,1	48,8,1	112,8,1	112,8,1	112,8,1
Tinh S­¬ng-M·nh Long TriÒn Thñ	80,8,1	64,8,1	64,8,1	96,8,1	64,8,1	64,8,1	96,8,1	96,8,1	96,8,1	96,8,1	96,8,1	96,8,1	96,8,1	96,8,1	96,8,1	96,8,1	64,8,1	64,8,1	48,8,1	48,8,1	104,8,1	120,8,1	80,8,1	80,8,1	96,8,1	104,8,1	104,8,1	104,8,1	96,8,1	128,8,1	96,8,1	96,8,1	96,8,1	80,8,1	96,8,1	80,8,1	96,8,1	112,8,1	112,8,1	96,8,1	80,8,1	96,8,1	112,8,1	96,8,1	48,8,1	112,8,1	112,8,1	112,8,1
Tinh S­¬ng-Ph¸ Lç Tr­îng	80,8,1	64,8,1			64,8,1					96,8,1					96,8,1				48,8,1				80,8,1					104,8,1	96,8,1						96,8,1				112,8,1	96,8,1	80,8,1	96,8,1	112,8,1	96,8,1	48,8,1	112,8,1	112,8,1	112,8,1
Tinh S­¬ng-LuyÖn NhËt Th­¬ng	80,8,1	64,8,1			64,8,1					96,8,1					96,8,1				48,8,1				80,8,1					104,8,1	96,8,1						96,8,1				112,8,1	96,8,1	80,8,1	96,8,1	112,8,1	96,8,1	48,8,1	112,8,1	112,8,1	112,8,1
Tinh S­¬ng-Khèc Viªm B¶o §ao	80,8,1	64,8,1		96,8,1					96,8,1					96,8,1				64,8,1				120,8,1				104,8,1	104,8,1							80,8,1					112,8,1	96,8,1	80,8,1	96,8,1	112,8,1	96,8,1	48,8,1	112,8,1	112,8,1	112,8,1
Tinh S­¬ng-ChÊn S¬n ThÇn KiÕm	80,8,1	64,8,1		96,8,1					96,8,1					96,8,1				64,8,1				120,8,1				104,8,1	104,8,1							80,8,1					112,8,1	96,8,1	80,8,1	96,8,1	112,8,1	96,8,1	48,8,1	112,8,1	112,8,1	112,8,1
Tinh S­¬ng-Qu©n Uy ThÇn KiÕm	80,8,1	64,8,1		96,8,1					96,8,1					96,8,1				64,8,1				120,8,1				104,8,1	104,8,1							80,8,1					112,8,1	96,8,1	80,8,1	96,8,1	112,8,1	96,8,1	48,8,1	112,8,1	112,8,1	112,8,1
Tinh S­¬ng-Minh L«i B¶o §ao	80,8,1	64,8,1		96,8,1					96,8,1					96,8,1				64,8,1				120,8,1				104,8,1	104,8,1							80,8,1					112,8,1	96,8,1	80,8,1	96,8,1	112,8,1	96,8,1	48,8,1	112,8,1	112,8,1	112,8,1
Tinh S­¬ng-Oanh Minh ThÇn KiÕm	80,8,1	64,8,1		96,8,1					96,8,1					96,8,1				64,8,1				120,8,1				104,8,1	104,8,1							80,8,1					112,8,1	96,8,1	80,8,1	96,8,1	112,8,1	96,8,1	48,8,1	112,8,1	112,8,1	112,8,1
Tinh S­¬ng-H¹o Thiªn KiÕm	80,8,1	64,8,1		96,8,1					96,8,1					96,8,1				64,8,1				120,8,1				104,8,1	104,8,1							80,8,1					112,8,1	96,8,1	80,8,1	96,8,1	112,8,1	96,8,1	48,8,1	112,8,1	112,8,1	112,8,1
Tinh S­¬ng-Thanh H­ KiÕm	80,8,1	64,8,1		96,8,1					96,8,1					96,8,1				64,8,1				120,8,1				104,8,1	104,8,1							80,8,1					112,8,1	96,8,1	80,8,1	96,8,1	112,8,1	96,8,1	48,8,1	112,8,1	112,8,1	112,8,1
NguyÖt KhuyÕt Träng KiÕp TriÒn Thñ																																																
NguyÖt KhuyÕt S¸t KiÕp Ph¸p C«n																																																
NguyÖt KhuyÕt Ph¸ KiÕp Giíi §ao																																																
NguyÖt KhuyÕt PhÊn Vò ThÇn Chïy	80,8,1	64,8,1				64,8,1					88,8,1					96,8,1				48,8,1				80,8,1						128,8,1	96,8,1					80,8,1			112,8,1	96,8,1	80,8,1	96,8,1	112,8,1	96,8,1	48,8,1	112,8,1	112,8,1	112,8,1
NguyÖt KhuyÕt Phong Yªn  Th­¬ng	80,8,1	64,8,1			64,8,1					96,8,1					96,8,1				48,8,1				80,8,1					104,8,1	96,8,1						96,8,1				112,8,1	96,8,1	80,8,1	96,8,1	112,8,1	96,8,1	48,8,1	112,8,1	112,8,1	112,8,1
NguyÖt KhuyÕt Tr­êng Kh«ng B¶o §ao	80,8,1	64,8,1		96,8,1					96,8,1					96,8,1				64,8,1				120,8,1				104,8,1	104,8,1							80,8,1					112,8,1	96,8,1	80,8,1	96,8,1	112,8,1	96,8,1	48,8,1	112,8,1	112,8,1	112,8,1
NguyÖt KhuyÕt Kinh Hång B¶o KiÕm	80,8,1	64,8,1		96,8,1					96,8,1					96,8,1				64,8,1				120,8,1				104,8,1	104,8,1							80,8,1					112,8,1	96,8,1	80,8,1	96,8,1	112,8,1	96,8,1	48,8,1	112,8,1	112,8,1	112,8,1
NguyÖt KhuyÕt HiÓu NguyÖt TriÒn Thñ	80,8,1	64,8,1	64,8,1	96,8,1	64,8,1	64,8,1	96,8,1	96,8,1	96,8,1	96,8,1	96,8,1	96,8,1	96,8,1	96,8,1	96,8,1	96,8,1	64,8,1	64,8,1	48,8,1	48,8,1	104,8,1	120,8,1	80,8,1	80,8,1	96,8,1	104,8,1	104,8,1	104,8,1	96,8,1	128,8,1	96,8,1	96,8,1	96,8,1	80,8,1	96,8,1	80,8,1	96,8,1	112,8,1	112,8,1	96,8,1	80,8,1	96,8,1	112,8,1	96,8,1	48,8,1	112,8,1	112,8,1	112,8,1
NguyÖt KhuyÕt T­¬ng T­ B¶o §ao	80,8,1	64,8,1		96,8,1					96,8,1					96,8,1				64,8,1				120,8,1				104,8,1	104,8,1							80,8,1					112,8,1	96,8,1	80,8,1	96,8,1	112,8,1	96,8,1	48,8,1	112,8,1	112,8,1	112,8,1
NguyÖt KhuyÕt Phong NguyÖt Uyªn ¦¬ng §ao	80,8,1	64,8,1				64,8,1					88,8,1					96,8,1				48,8,1				80,8,1						128,8,1	96,8,1					80,8,1			112,8,1	96,8,1	80,8,1	96,8,1	112,8,1	96,8,1	48,8,1	112,8,1	112,8,1	112,8,1
NguyÖt KhuyÕt B¸ch §éc TriÒn Thñ	80,8,1	64,8,1	64,8,1	96,8,1	64,8,1	64,8,1	96,8,1	96,8,1	96,8,1	96,8,1	96,8,1	96,8,1	96,8,1	96,8,1	96,8,1	96,8,1	64,8,1	64,8,1	48,8,1	48,8,1	104,8,1	120,8,1	80,8,1	80,8,1	96,8,1	104,8,1	104,8,1	104,8,1	96,8,1	128,8,1	96,8,1	96,8,1	96,8,1	80,8,1	96,8,1	80,8,1	96,8,1	112,8,1	112,8,1	96,8,1	80,8,1	96,8,1	112,8,1	96,8,1	48,8,1	112,8,1	112,8,1	112,8,1
NguyÖt KhuyÕt U Minh HuyÕt NhÉn	80,8,1	64,8,1		96,8,1					96,8,1					96,8,1				64,8,1				120,8,1				104,8,1	104,8,1							80,8,1					112,8,1	96,8,1	80,8,1	96,8,1	112,8,1	96,8,1	48,8,1	112,8,1	112,8,1	112,8,1
NguyÖt KhuyÕt Th«i MÖnh Phi §ao	80,8,1	64,8,1	64,8,1	96,8,1	64,8,1	64,8,1	96,8,1	96,8,1	96,8,1	96,8,1	96,8,1	96,8,1	96,8,1	96,8,1	96,8,1	96,8,1	64,8,1	64,8,1	48,8,1	48,8,1	104,8,1	120,8,1	80,8,1	80,8,1	96,8,1	104,8,1	104,8,1	104,8,1	96,8,1	128,8,1	96,8,1	96,8,1	96,8,1	80,8,1	96,8,1	80,8,1	96,8,1	112,8,1	112,8,1	96,8,1	80,8,1	96,8,1	112,8,1	96,8,1	48,8,1	112,8,1	112,8,1	112,8,1
NguyÖt KhuyÕt BÝ §éc Tô TiÔn	80,8,1	64,8,1	64,8,1	96,8,1	64,8,1	64,8,1	96,8,1	96,8,1	96,8,1	96,8,1	96,8,1	96,8,1	96,8,1	96,8,1	96,8,1	96,8,1	64,8,1	64,8,1	48,8,1	48,8,1	104,8,1	120,8,1	80,8,1	80,8,1	96,8,1	104,8,1	104,8,1	104,8,1	96,8,1	128,8,1	96,8,1	96,8,1	96,8,1	80,8,1	96,8,1	80,8,1	96,8,1	112,8,1	112,8,1	96,8,1	80,8,1	96,8,1	112,8,1	96,8,1	48,8,1	112,8,1	112,8,1	112,8,1
NguyÖt KhuyÕt M¹n §å Phi Tiªu	80,8,1	64,8,1	64,8,1	96,8,1	64,8,1	64,8,1	96,8,1	96,8,1	96,8,1	96,8,1	96,8,1	96,8,1	96,8,1	96,8,1	96,8,1	96,8,1	64,8,1	64,8,1	48,8,1	48,8,1	104,8,1	120,8,1	80,8,1	80,8,1	96,8,1	104,8,1	104,8,1	104,8,1	96,8,1	128,8,1	96,8,1	96,8,1	96,8,1	80,8,1	96,8,1	80,8,1	96,8,1	112,8,1	112,8,1	96,8,1	80,8,1	96,8,1	112,8,1	96,8,1	48,8,1	112,8,1	112,8,1	112,8,1
NguyÖt KhuyÕt XÝch Long TriÒn Thñ	80,8,1	64,8,1	64,8,1	96,8,1	64,8,1	64,8,1	96,8,1	96,8,1	96,8,1	96,8,1	96,8,1	96,8,1	96,8,1	96,8,1	96,8,1	96,8,1	64,8,1	64,8,1	48,8,1	48,8,1	104,8,1	120,8,1	80,8,1	80,8,1	96,8,1	104,8,1	104,8,1	104,8,1	96,8,1	128,8,1	96,8,1	96,8,1	96,8,1	80,8,1	96,8,1	80,8,1	96,8,1	112,8,1	112,8,1	96,8,1	80,8,1	96,8,1	112,8,1	96,8,1	48,8,1	112,8,1	112,8,1	112,8,1
NguyÖt KhuyÕt Hµo KiÖt Tr­îng	80,8,1	64,8,1			64,8,1					96,8,1					96,8,1				48,8,1				80,8,1					104,8,1	96,8,1						96,8,1				112,8,1	96,8,1	80,8,1	96,8,1	112,8,1	96,8,1	48,8,1	112,8,1	112,8,1	112,8,1
NguyÖt KhuyÕt Tham Lang Th­¬ng	80,8,1	64,8,1			64,8,1					96,8,1					96,8,1				48,8,1				80,8,1					104,8,1	96,8,1						96,8,1				112,8,1	96,8,1	80,8,1	96,8,1	112,8,1	96,8,1	48,8,1	112,8,1	112,8,1	112,8,1
NguyÖt KhuyÕt LiÖt D­¬ng B¶o §ao	80,8,1	64,8,1		96,8,1					96,8,1					96,8,1				64,8,1				120,8,1				104,8,1	104,8,1							80,8,1					112,8,1	96,8,1	80,8,1	96,8,1	112,8,1	96,8,1	48,8,1	112,8,1	112,8,1	112,8,1
NguyÖt KhuyÕt Linh §éng ThÇn KiÕm	80,8,1	64,8,1		96,8,1					96,8,1					96,8,1				64,8,1				120,8,1				104,8,1	104,8,1							80,8,1					112,8,1	96,8,1	80,8,1	96,8,1	112,8,1	96,8,1	48,8,1	112,8,1	112,8,1	112,8,1
NguyÖt KhuyÕt ¶o ¶nh ThÇn KiÕm	80,8,1	64,8,1		96,8,1					96,8,1					96,8,1				64,8,1				120,8,1				104,8,1	104,8,1							80,8,1					112,8,1	96,8,1	80,8,1	96,8,1	112,8,1	96,8,1	48,8,1	112,8,1	112,8,1	112,8,1
NguyÖt KhuyÕt L¨ng Phong B¶o §ao	80,8,1	64,8,1		96,8,1					96,8,1					96,8,1				64,8,1				120,8,1				104,8,1	104,8,1							80,8,1					112,8,1	96,8,1	80,8,1	96,8,1	112,8,1	96,8,1	48,8,1	112,8,1	112,8,1	112,8,1
NguyÖt KhuyÕt Méc Vò ThÇn KiÕm	80,8,1	64,8,1		96,8,1					96,8,1					96,8,1				64,8,1				120,8,1				104,8,1	104,8,1							80,8,1					112,8,1	96,8,1	80,8,1	96,8,1	112,8,1	96,8,1	48,8,1	112,8,1	112,8,1	112,8,1
NguyÖt KhuyÕt DËt ¶nh KiÕm	80,8,1	64,8,1		96,8,1					96,8,1					96,8,1				64,8,1				120,8,1				104,8,1	104,8,1							80,8,1					112,8,1	96,8,1	80,8,1	96,8,1	112,8,1	96,8,1	48,8,1	112,8,1	112,8,1	112,8,1
NguyÖt KhuyÕt Thanh Phong KiÕm	80,8,1	64,8,1		96,8,1					96,8,1					96,8,1				64,8,1				120,8,1				104,8,1	104,8,1							80,8,1					112,8,1	96,8,1	80,8,1	96,8,1	112,8,1	96,8,1	48,8,1	112,8,1	112,8,1	112,8,1
DiÖu D­¬ng Träng KiÕp TriÒn Thñ																																																
DiÖu D­¬ng S¸t KiÕp Ph¸p C«n																																																
DiÖu D­¬ng Ph¸ KiÕp Giíi §ao																																																
DiÖu D­¬ng PhÊn Vò ThÇn Chïy	80,8,1	64,8,1				64,8,1					88,8,1					96,8,1				48,8,1				80,8,1						128,8,1	96,8,1					80,8,1			112,8,1	96,8,1	80,8,1	96,8,1	112,8,1	96,8,1	48,8,1	112,8,1	112,8,1	112,8,1
DiÖu D­¬ng Phong Yªn Th­¬ng	80,8,1	64,8,1			64,8,1					96,8,1					96,8,1				48,8,1				80,8,1					104,8,1	96,8,1						96,8,1				112,8,1	96,8,1	80,8,1	96,8,1	112,8,1	96,8,1	48,8,1	112,8,1	112,8,1	112,8,1
DiÖu D­¬ng Tr­êng Kh«ng B¶o §ao	80,8,1	64,8,1		96,8,1					96,8,1					96,8,1				64,8,1				120,8,1				104,8,1	104,8,1							80,8,1					112,8,1	96,8,1	80,8,1	96,8,1	112,8,1	96,8,1	48,8,1	112,8,1	112,8,1	112,8,1
DiÖu D­¬ng Kinh Hång B¶o KiÕm	80,8,1	64,8,1		96,8,1					96,8,1					96,8,1				64,8,1				120,8,1				104,8,1	104,8,1							80,8,1					112,8,1	96,8,1	80,8,1	96,8,1	112,8,1	96,8,1	48,8,1	112,8,1	112,8,1	112,8,1
DiÖu D­¬ng HiÓu NguyÖt TriÒn Thñ	80,8,1	64,8,1	64,8,1	96,8,1	64,8,1	64,8,1	96,8,1	96,8,1	96,8,1	96,8,1	96,8,1	96,8,1	96,8,1	96,8,1	96,8,1	96,8,1	64,8,1	64,8,1	48,8,1	48,8,1	104,8,1	120,8,1	80,8,1	80,8,1	96,8,1	104,8,1	104,8,1	104,8,1	96,8,1	128,8,1	96,8,1	96,8,1	96,8,1	80,8,1	96,8,1	80,8,1	96,8,1	112,8,1	112,8,1	96,8,1	80,8,1	96,8,1	112,8,1	96,8,1	48,8,1	112,8,1	112,8,1	112,8,1
DiÖu D­¬ng T­¬ng T­ B¶o §ao	80,8,1	64,8,1		96,8,1					96,8,1					96,8,1				64,8,1				120,8,1				104,8,1	104,8,1							80,8,1					112,8,1	96,8,1	80,8,1	96,8,1	112,8,1	96,8,1	48,8,1	112,8,1	112,8,1	112,8,1
DiÖu D­¬ng Phong NguyÖt Uyªn ¦¬ng §ao	80,8,1	64,8,1				64,8,1					88,8,1					96,8,1				48,8,1				80,8,1						128,8,1	96,8,1					80,8,1			112,8,1	96,8,1	80,8,1	96,8,1	112,8,1	96,8,1	48,8,1	112,8,1	112,8,1	112,8,1
DiÖu D­¬ng B¸ch §éc TriÒn Thñ	80,8,1	64,8,1	64,8,1	96,8,1	64,8,1	64,8,1	96,8,1	96,8,1	96,8,1	96,8,1	96,8,1	96,8,1	96,8,1	96,8,1	96,8,1	96,8,1	64,8,1	64,8,1	48,8,1	48,8,1	104,8,1	120,8,1	80,8,1	80,8,1	96,8,1	104,8,1	104,8,1	104,8,1	96,8,1	128,8,1	96,8,1	96,8,1	96,8,1	80,8,1	96,8,1	80,8,1	96,8,1	112,8,1	112,8,1	96,8,1	80,8,1	96,8,1	112,8,1	96,8,1	48,8,1	112,8,1	112,8,1	112,8,1
DiÖu D­¬ng U Minh HuyÕt NhÉn	80,8,1	64,8,1		96,8,1					96,8,1					96,8,1				64,8,1				120,8,1				104,8,1	104,8,1							80,8,1					112,8,1	96,8,1	80,8,1	96,8,1	112,8,1	96,8,1	48,8,1	112,8,1	112,8,1	112,8,1
DiÖu D­¬ng Th«i MÖnh Phi §ao	80,8,1	64,8,1	64,8,1	96,8,1	64,8,1	64,8,1	96,8,1	96,8,1	96,8,1	96,8,1	96,8,1	96,8,1	96,8,1	96,8,1	96,8,1	96,8,1	64,8,1	64,8,1	48,8,1	48,8,1	104,8,1	120,8,1	80,8,1	80,8,1	96,8,1	104,8,1	104,8,1	104,8,1	96,8,1	128,8,1	96,8,1	96,8,1	96,8,1	80,8,1	96,8,1	80,8,1	96,8,1	112,8,1	112,8,1	96,8,1	80,8,1	96,8,1	112,8,1	96,8,1	48,8,1	112,8,1	112,8,1	112,8,1
DiÖu D­¬ng BÝ §éc Tô TiÔn	80,8,1	64,8,1	64,8,1	96,8,1	64,8,1	64,8,1	96,8,1	96,8,1	96,8,1	96,8,1	96,8,1	96,8,1	96,8,1	96,8,1	96,8,1	96,8,1	64,8,1	64,8,1	48,8,1	48,8,1	104,8,1	120,8,1	80,8,1	80,8,1	96,8,1	104,8,1	104,8,1	104,8,1	96,8,1	128,8,1	96,8,1	96,8,1	96,8,1	80,8,1	96,8,1	80,8,1	96,8,1	112,8,1	112,8,1	96,8,1	80,8,1	96,8,1	112,8,1	96,8,1	48,8,1	112,8,1	112,8,1	112,8,1
DiÖu D­¬ng M¹n §å Phi Tiªu	80,8,1	64,8,1	64,8,1	96,8,1	64,8,1	64,8,1	96,8,1	96,8,1	96,8,1	96,8,1	96,8,1	96,8,1	96,8,1	96,8,1	96,8,1	96,8,1	64,8,1	64,8,1	48,8,1	48,8,1	104,8,1	120,8,1	80,8,1	80,8,1	96,8,1	104,8,1	104,8,1	104,8,1	96,8,1	128,8,1	96,8,1	96,8,1	96,8,1	80,8,1	96,8,1	80,8,1	96,8,1	112,8,1	112,8,1	96,8,1	80,8,1	96,8,1	112,8,1	96,8,1	48,8,1	112,8,1	112,8,1	112,8,1
DiÖu D­¬ng XÝch Long TriÒn Thñ	80,8,1	64,8,1	64,8,1	96,8,1	64,8,1	64,8,1	96,8,1	96,8,1	96,8,1	96,8,1	96,8,1	96,8,1	96,8,1	96,8,1	96,8,1	96,8,1	64,8,1	64,8,1	48,8,1	48,8,1	104,8,1	120,8,1	80,8,1	80,8,1	96,8,1	104,8,1	104,8,1	104,8,1	96,8,1	128,8,1	96,8,1	96,8,1	96,8,1	80,8,1	96,8,1	80,8,1	96,8,1	112,8,1	112,8,1	96,8,1	80,8,1	96,8,1	112,8,1	96,8,1	48,8,1	112,8,1	112,8,1	112,8,1
DiÖu D­¬ng Hµo KiÖt Tr­îng	80,8,1	64,8,1			64,8,1					96,8,1					96,8,1				48,8,1				80,8,1					104,8,1	96,8,1						96,8,1				112,8,1	96,8,1	80,8,1	96,8,1	112,8,1	96,8,1	48,8,1	112,8,1	112,8,1	112,8,1
DiÖu D­¬ng Tham Lang Th­¬ng	80,8,1	64,8,1			64,8,1					96,8,1					96,8,1				48,8,1				80,8,1					104,8,1	96,8,1						96,8,1				112,8,1	96,8,1	80,8,1	96,8,1	112,8,1	96,8,1	48,8,1	112,8,1	112,8,1	112,8,1
DiÖu D­¬ng LiÖt D­¬ng B¶o §ao	80,8,1	64,8,1		96,8,1					96,8,1					96,8,1				64,8,1				120,8,1				104,8,1	104,8,1							80,8,1					112,8,1	96,8,1	80,8,1	96,8,1	112,8,1	96,8,1	48,8,1	112,8,1	112,8,1	112,8,1
DiÖu D­¬ng Linh §éng ThÇn KiÕm	80,8,1	64,8,1		96,8,1					96,8,1					96,8,1				64,8,1				120,8,1				104,8,1	104,8,1							80,8,1					112,8,1	96,8,1	80,8,1	96,8,1	112,8,1	96,8,1	48,8,1	112,8,1	112,8,1	112,8,1
DiÖu D­¬ng ¶o ¶nh ThÇn KiÕm	80,8,1	64,8,1		96,8,1					96,8,1					96,8,1				64,8,1				120,8,1				104,8,1	104,8,1							80,8,1					112,8,1	96,8,1	80,8,1	96,8,1	112,8,1	96,8,1	48,8,1	112,8,1	112,8,1	112,8,1
DiÖu D­¬ng L¨ng Phong B¶o §ao	80,8,1	64,8,1		96,8,1					96,8,1					96,8,1				64,8,1				120,8,1				104,8,1	104,8,1							80,8,1					112,8,1	96,8,1	80,8,1	96,8,1	112,8,1	96,8,1	48,8,1	112,8,1	112,8,1	112,8,1
DiÖu D­¬ng Méc Vò ThÇn KiÕm	80,8,1	64,8,1		96,8,1					96,8,1					96,8,1				64,8,1				120,8,1				104,8,1	104,8,1							80,8,1					112,8,1	96,8,1	80,8,1	96,8,1	112,8,1	96,8,1	48,8,1	112,8,1	112,8,1	112,8,1
DiÖu D­¬ng DËt ¶nh KiÕm	80,8,1	64,8,1		96,8,1					96,8,1					96,8,1				64,8,1				120,8,1				104,8,1	104,8,1							80,8,1					112,8,1	96,8,1	80,8,1	96,8,1	112,8,1	96,8,1	48,8,1	112,8,1	112,8,1	112,8,1
DiÖu D­¬ng Thanh Phong KiÕm	80,8,1	64,8,1		96,8,1					96,8,1					96,8,1				64,8,1				120,8,1				104,8,1	104,8,1							80,8,1					112,8,1	96,8,1	80,8,1	96,8,1	112,8,1	96,8,1	48,8,1	112,8,1	112,8,1	112,8,1
null																																																
