EqName	FreeStand1	FreeStand2	FreeStand3	MeleeWStand	RangeWStand	DoubleWStand	FreeWalk	NormalWalk	MeleeWWalk	RangeWWalk	DoubleWWalk	FreeRun	NormalRun	MeleeWRun	RangeWRun	DoubleWRun	FreeWound	MeleeWWound	RangeWWound	DoubleWWound	FreeDie	MeleeWDie	RangeWDie	DoubleWDie	FreeAttack	MeleeWPuncture	MeleeWCut	RangeWPuncture	RangeWCut	DoubleWPull	DoubleWPound	DartThrow	FreeMagic	MeleeWMagic	RangeWMagic	DoubleWMagic	SitDown	Jump	RideStand	RideWalk	RideRun	RideCut	RidePuncture	RideMagic	RideWound	RideDie	RideStand1	RideStand2
phn u 01																																																
phn u 02																																																
phn u 03																																																
phn u 04																																																
phn u 05																																																
phn u 06																																																
phn u 07																																																
phn u 08																																																
phn u 09																																																
phn u 10																																																
phn u 11																																																
phn u 12	120,8,1	120,8,1	120,8,1	88,8,1	88,8,1	88,8,1	88,8,1	88,8,1	88,8,1	88,8,1	88,8,1	88,8,1	88,8,1	88,8,1	88,8,1	88,8,1	72,8,1	64,8,1	56,8,1	96,8,1	20,1,1	20,1,1	20,1,1	20,1,1	144,8,1	112,8,1	112,8,1	96,8,1	96,8,1	96,8,1	96,8,1	128,8,1	144,8,1	112,8,1	96,8,1	96,8,1	72,8,1	160,8,1	112,8,1	80,8,1	80,8,1	96,8,1	96,8,1	96,8,1	48,8,1		20,1,1	112,8,1
phn u 13																																																
phn u 14																																																
phn u 15																																																
phn u 16																																					72,8,1											
phn u 17																																																
phn u 18																																																
phn u 19	120,8,1	120,8,1	120,8,1	88,8,1	88,8,1	88,8,1	88,8,1	88,8,1	88,8,1	88,8,1	88,8,1	88,8,1	88,8,1	88,8,1	88,8,1	88,8,1	72,8,1	64,8,1	56,8,1	96,8,1	20,1,1	20,1,1	20,1,1	20,1,1	144,8,1	112,8,1	112,8,1	96,8,1	96,8,1	96,8,1	96,8,1	128,8,1	144,8,1	112,8,1	96,8,1	96,8,1	72,8,1	160,8,1	112,8,1	80,8,1	80,8,1	96,8,1	96,8,1	96,8,1	48,8,1		20,1,1	112,8,1
phn u 20																																																
phn u 21																																																
头部22少林	120,8,1	120,8,1	120,8,1	88,8,1	88,8,1	88,8,1	88,8,1	88,8,1	88,8,1	88,8,1	88,8,1	88,8,1	88,8,1	88,8,1	88,8,1	88,8,1	72,8,1	64,8,1	56,8,1	96,8,1	20,1,1	20,1,1	20,1,1	20,1,1	144,8,1	112,8,1	112,8,1	96,8,1	96,8,1	96,8,1	96,8,1	128,8,1	144,8,1	112,8,1	96,8,1	96,8,1	72,8,1	160,8,1	112,8,1	80,8,1	80,8,1	96,8,1	96,8,1	96,8,1	48,8,1		20,1,1	112,8,1
头部23天王	120,8,1	120,8,1	120,8,1	88,8,1	88,8,1	88,8,1	88,8,1	88,8,1	88,8,1	88,8,1	88,8,1	88,8,1	88,8,1	88,8,1	88,8,1	88,8,1	72,8,1	64,8,1	56,8,1	96,8,1	20,1,1	20,1,1	20,1,1	20,1,1	144,8,1	112,8,1	112,8,1	96,8,1	96,8,1	96,8,1	96,8,1	128,8,1	144,8,1	112,8,1	96,8,1	96,8,1	72,8,1	160,8,1	112,8,1	80,8,1	80,8,1	96,8,1	96,8,1	96,8,1	48,8,1		20,1,1	112,8,1
头部24峨眉翠烟	120,8,1	120,8,1	120,8,1	88,8,1	88,8,1	88,8,1	88,8,1	88,8,1	88,8,1	88,8,1	88,8,1	88,8,1	88,8,1	88,8,1	88,8,1	88,8,1	72,8,1	64,8,1	56,8,1	96,8,1	20,1,1	20,1,1	20,1,1	20,1,1	144,8,1	112,8,1	112,8,1	96,8,1	96,8,1	96,8,1	96,8,1	128,8,1	144,8,1	112,8,1	96,8,1	96,8,1	72,8,1	160,8,1	112,8,1	80,8,1	80,8,1	96,8,1	96,8,1	96,8,1	48,8,1		20,1,1	112,8,1
头部25五毒唐门	120,8,1	120,8,1	120,8,1	88,8,1	88,8,1	88,8,1	88,8,1	88,8,1	88,8,1	88,8,1	88,8,1	88,8,1	88,8,1	88,8,1	88,8,1	88,8,1	72,8,1	64,8,1	56,8,1	96,8,1	20,1,1	20,1,1	20,1,1	20,1,1	144,8,1	112,8,1	112,8,1	96,8,1	96,8,1	96,8,1	96,8,1	128,8,1	144,8,1	112,8,1	96,8,1	96,8,1	72,8,1	160,8,1	112,8,1	80,8,1	80,8,1	96,8,1	96,8,1	96,8,1	48,8,1		20,1,1	112,8,1
头部26丐帮	120,8,1	120,8,1	120,8,1	88,8,1	88,8,1	88,8,1	88,8,1	88,8,1	88,8,1	88,8,1	88,8,1	88,8,1	88,8,1	88,8,1	88,8,1	88,8,1	72,8,1	64,8,1	56,8,1	96,8,1	20,1,1	20,1,1	20,1,1	20,1,1	144,8,1	112,8,1	112,8,1	96,8,1	96,8,1	96,8,1	96,8,1	128,8,1	144,8,1	112,8,1	96,8,1	96,8,1	72,8,1	160,8,1	112,8,1	80,8,1	80,8,1	96,8,1	96,8,1	96,8,1	48,8,1		20,1,1	112,8,1
头部27天忍	120,8,1	120,8,1	120,8,1	88,8,1	88,8,1	88,8,1	88,8,1	88,8,1	88,8,1	88,8,1	88,8,1	88,8,1	88,8,1	88,8,1	88,8,1	88,8,1	72,8,1	64,8,1	56,8,1	96,8,1	20,1,1	20,1,1	20,1,1	20,1,1	144,8,1	112,8,1	112,8,1	96,8,1	96,8,1	96,8,1	96,8,1	128,8,1	144,8,1	112,8,1	96,8,1	96,8,1	72,8,1	160,8,1	112,8,1	80,8,1	80,8,1	96,8,1	96,8,1	96,8,1	48,8,1		20,1,1	112,8,1
头部28武当昆仑	120,8,1	120,8,1	120,8,1	88,8,1	88,8,1	88,8,1	88,8,1	88,8,1	88,8,1	88,8,1	88,8,1	88,8,1	88,8,1	88,8,1	88,8,1	88,8,1	72,8,1	64,8,1	56,8,1	96,8,1	20,1,1	20,1,1	20,1,1	20,1,1	144,8,1	112,8,1	112,8,1	96,8,1	96,8,1	96,8,1	96,8,1	128,8,1	144,8,1	112,8,1	96,8,1	96,8,1	72,8,1	160,8,1	112,8,1	80,8,1	80,8,1	96,8,1	96,8,1	96,8,1	48,8,1		20,1,1	112,8,1
