[DEFAULT]
Dir1=-1,14,16,13,1,4,5,7,9,6,12,8,0
Dir2=-1,14,16,13,9,7,4,1,5,12,6,8,0
Dir3=-1,9,7,12,13,14,5,16,4,1,0,6,8
Dir4=-1,9,7,12,13,5,14,16,4,1,0,8,6
Dir5=-1,12,13,8,6,7,9,5,14,16,4,0,1
Dir6=-1,8,6,12,13,5,14,9,7,16,4,1,0
Dir7=-1,8,6,12,13,14,5,16,4,1,0,7,9
Dir8=-1,14,16,13,4,1,8,6,5,12,0,7,9
Dir9=-1,12,13,14,8,6,9,5,7,16,4,0,1
Dir10=-1,12,13,14,8,6,9,5,16,4,0,1,7
Dir11=-1,12,13,14,8,6,9,5,16,4,0,1,7
Dir12=-1,12,13,14,8,6,5,16,4,0,1,9,7
Dir13=-1,12,13,14,8,6,5,16,4,0,1,9,7
Dir14=-1,12,13,14,8,6,5,16,4,1,0,7,9
Dir15=-1,12,13,14,6,8,5,16,4,1,0,7,9
Dir16=-1,12,13,14,5,16,0,1,6,8,7,9,4
UnitNum=11
DirNum=18

[RangeWStand]
Dir1=-1,14,16,13,1,4,7,5,6,8,9,0,12
Dir2=-1,14,16,13,7,4,1,5,12,6,8,0,9
Dir5=-1,12,13,9,8,6,5,14,16,4,1,0,7
Dir6=-1,8,6,12,13,9,5,14,16,4,1,0,7
Dir7=-1,8,6,12,13,14,1,4,5,16,0,9,7

[RangeWWalk]
Dir1=-1,14,16,13,1,4,7,5,6,8,0,12,9
Dir2=-1,14,16,13,7,4,1,5,12,6,8,0,9
Line1=30,7,12,13,14,5,16,4,1,0,9,6,8
Line2=31,7,12,13,14,5,16,4,1,0,9,6,8
Line3=44,7,12,13,14,5,16,4,1,0,9,6,8
Dir5=-1,12,13,9,8,6,5,14,16,4,1,0,7
Dir6=-1,8,6,12,13,9,5,14,16,4,1,0,7

[RangeWRun]
Dir1=-1,14,16,13,1,4,7,5,6,8,0,9,12
Dir2=-1,14,16,13,7,4,1,5,12,6,8,0,9
Dir5=-1,12,13,9,8,6,5,14,16,4,1,0,7
Dir6=-1,8,6,12,13,5,14,16,9,4,1,0,7

[RangeWWound]
Dir1=-1,14,16,13,1,4,7,5,6,8,0,12,9
Dir2=-1,14,16,13,7,4,1,5,12,6,8,0,9
Dir5=-1,12,13,9,8,6,5,14,16,4,1,0,7
Dir6=-1,8,6,12,13,5,9,14,16,4,1,0,7

[RangeWDie]
Dir1=-1,14,16,13,1,4,7,5,6,8,0,12,9
Dir2=-1,14,13,7,4,1,5,12,6,8,0,9,16
Dir5=-1,12,13,9,8,6,5,14,16,4,1,0,7
Dir6=-1,8,6,12,13,9,5,14,16,4,1,0,7
;Dir1=-1,14,16,13,1,4,7,5,6,8,0,12,9
Line1=12,14,13,1,4,7,5,6,8,0,12,9,16
Line2=13,14,13,1,4,7,5,6,8,0,12,9,16
Line3=14,14,13,1,4,7,5,6,8,0,12,9,16
;Dir8=-1,14,16,13,4,1,8,6,5,12,0,9,7
Line4=117,14,13,4,1,8,6,5,12,0,9,7,16
Line5=118,14,13,4,1,8,6,5,12,0,9,7,16
Line6=119,14,13,4,1,8,6,5,12,0,9,7,16

[RangeWCut]
Dir1=-1,14,16,13,1,4,7,5,6,8,0,12,9
Dir2=-1,14,16,13,7,4,1,5,12,6,8,0,9
Line1=18,14,16,13,9,7,4,1,5,12,6,8,0
Line2=19,14,16,13,9,7,4,1,5,12,6,8,0
Line3=20,14,16,13,9,7,4,1,5,12,6,8,0
Line4=21,14,16,13,9,7,4,1,5,12,6,8,0
Line5=22,14,16,13,9,7,4,1,5,12,6,8,0
Line6=26,7,12,13,14,5,16,4,1,0,6,8,9
Line7=27,7,12,13,14,5,16,4,1,0,6,8,9
Line8=28,7,12,13,14,5,16,4,1,0,6,8,9
Line9=29,7,12,13,14,5,16,4,1,0,6,8,9
Line10=39,7,12,13,5,14,16,4,1,0,8,6,9
Line11=40,7,12,13,5,14,16,4,1,0,8,6,9
Dir5=-1,12,13,9,8,6,5,14,16,4,1,0,7
Line12=52,12,13,8,6,7,5,14,16,4,1,0,9
Dir6=-1,8,6,12,13,5,14,16,4,1,9,7,0
Dir7=-1,8,6,12,13,14,5,16,4,1,9,7,0
Line13=42,9,7,12,13,6,5,14,16,4,1,0,8
Line14=43,9,7,12,13,6,5,14,16,4,1,0,8
Line15=44,9,7,12,13,6,5,14,16,4,1,0,8
Line16=50,12,13,9,8,6,7,5,14,16,4,1,0
Line17=51,12,13,9,8,6,7,5,14,16,4,1,0
Line18=53,12,13,9,8,6,7,5,14,16,4,1,0
Line19=90,14,16,13,4,1,8,5,6,12,0,9,7
Line20=91,14,16,13,4,1,8,5,6,12,0,9,7
Line21=92,14,16,13,4,1,8,5,6,12,0,9,7
Line22=93,14,16,13,4,1,8,5,6,12,0,9,7
Line23=2,14,16,13,1,4,5,7,6,8,0,12,9
Line24=3,14,16,13,1,4,5,7,6,8,0,12,9
Line25=4,14,16,13,1,4,5,7,6,8,0,12,9

[RangeWPuncture]
Dir1=-1,14,16,13,1,4,7,5,6,8,0,12,9
Line1=12,14,16,13,7,4,1,5,12,6,8,0,9
Dir5=-1,12,13,9,8,6,5,14,16,4,1,0,7
Dir6=-1,8,6,12,13,5,14,16,4,1,9,7,0
Line2=38,9,7,12,13,6,5,14,16,4,1,0,8
Line3=37,9,7,12,13,6,5,14,16,4,1,0,8
Line4=39,9,12,13,6,5,7,14,16,4,1,0,8
Line5=40,9,12,13,6,5,7,14,16,4,1,0,8
Line6=41,9,7,12,13,6,5,14,16,4,1,0,8
Line7=87,14,16,13,4,1,8,5,6,12,0,9,7
Line8=88,14,16,13,4,1,8,5,6,12,0,9,7
Line9=89,14,16,13,4,1,8,5,6,12,0,9,7

[RangeWMagic]
Dir1=-1,14,16,13,1,4,7,5,6,8,0,12,9
Dir2=-1,14,16,13,7,4,1,5,12,6,8,0,9
Line1=32,7,12,13,14,5,16,4,1,0,6,8,9
Line2=33,7,12,13,14,5,16,4,1,0,6,8,9
Line3=34,7,12,13,14,5,16,4,1,0,6,8,9
Line4=35,7,12,13,14,5,16,4,1,0,6,8,9
Dir5=-1,12,13,9,8,6,5,14,16,4,1,0,7
Dir6=-1,9,8,6,12,13,5,14,16,4,1,0,7
Dir8=-1,14,16,13,4,1,8,6,5,12,0,7,9
Line5=31,7,12,13,14,5,16,4,1,0,6,8,9
Line6=36,7,12,13,14,5,16,4,1,0,6,8,9
Line7=71,8,6,12,13,5,14,16,4,1,0,7,9
Line8=72,8,6,12,13,5,14,16,4,1,0,7,9
Line9=73,8,6,12,13,5,14,16,4,1,0,7,9
Line10=74,8,6,12,13,5,14,16,4,1,0,7,9
Line11=75,8,6,12,13,5,14,16,4,1,0,7,9

[RideStand]
Dir5=-1,12,13,8,6,5,14,16,0,7,4,9,1
Dir1=-1,14,16,13,1,4,9,7,6,5,12,8,0
Dir6=-1,8,6,12,13,5,14,16,0,7,4,9,1
Dir4=-1,9,7,12,13,5,6,14,16,4,1,0,8
Dir8=-1,14,16,13,8,6,5,12,4,1,0,7,9

[RideStand1]
Dir5=-1,12,13,8,6,5,14,16,0,7,4,9,1
Dir1=-1,14,16,13,1,4,9,7,6,5,12,8,0
Dir6=-1,8,6,12,13,5,14,16,0,7,4,9,1
Dir4=-1,9,7,12,13,5,6,14,16,4,1,0,8
Dir8=-1,14,16,13,8,6,5,12,4,1,0,7,9

[RideStand2]
Dir5=-1,12,13,8,6,5,14,16,0,7,4,9,1
Dir1=-1,14,16,13,1,4,9,7,6,5,12,8,0
Dir6=-1,8,6,12,13,5,14,16,0,7,4,9,1
Dir4=-1,9,7,12,13,5,6,14,16,4,1,0,8
Dir8=-1,14,16,13,8,6,5,12,4,1,0,7,9

[RideRun]
Dir5=-1,12,13,8,6,5,14,16,0,9,7,4,1
Dir1=-1,14,16,13,1,9,4,7,5,6,12,8,0
Dir6=-1,8,6,12,13,5,14,16,0,9,7,4,1
Dir7=-1,8,6,12,13,14,5,16,0,9,7,4,1
Dir8=-1,14,16,13,8,6,5,12,4,1,0,9,7
Dir4=-1,9,7,12,13,5,14,16,4,1,0,6,8

[RideWalk]
Dir1=-1,14,16,13,1,4,9,7,6,5,12,8,0
Dir5=-1,12,13,8,6,5,14,16,0,7,4,9,1
Dir6=-1,8,6,12,13,5,14,16,0,7,4,9,1
Dir4=-1,9,7,12,13,5,14,16,4,1,0,6,8

[RideWound]
Dir5=-1,12,13,8,6,5,14,16,0,9,7,4,1
Dir1=-1,14,16,13,1,4,9,7,6,5,12,8,0
Line1=2,14,16,13,1,4,9,7,8,6,5,12,0

[RideMagic]
Line1=8,14,16,13,1,4,7,5,12,8,0,9,6
Line2=9,14,16,13,1,4,7,5,12,8,0,9,6
Line3=10,14,16,13,1,4,7,5,12,8,0,9,6
Dir1=-1,14,16,13,1,4,9,7,5,12,8,0,6
Line4=0,14,16,13,1,4,9,7,6,5,12,8,0
Line5=1,14,16,13,1,4,9,7,6,5,12,8,0
Line6=2,14,16,13,1,4,9,7,6,5,12,8,0
Line7=11,14,16,13,1,4,9,7,6,5,12,8,0
Dir5=-1,12,13,8,5,6,14,16,0,7,4,9,1

[RideDie]
Line1=6,14,16,13,1,4,7,5,6,12,8,0,9
Line2=7,14,16,13,1,4,7,5,6,12,8,0,9
Line3=8,14,16,13,1,4,7,5,6,12,8,0,9
Line4=9,14,16,13,1,4,5,6,12,8,0,7,9
Line5=10,14,16,13,1,4,5,6,12,8,0,7,9
Line6=11,8,14,16,13,1,4,5,6,12,0,7,9
Line7=13,8,14,16,13,1,4,5,6,12,0,7,9
Line8=12,8,14,16,13,1,4,5,6,12,0,7,9
Line9=23,14,16,13,4,1,5,12,6,8,0,7,9
Line10=24,14,16,13,4,1,5,12,6,8,0,7,9
Line11=25,14,16,13,4,1,5,12,6,8,0,7,9
Line12=26,14,16,13,4,1,5,12,6,8,0,9,7
Line13=27,14,16,13,4,1,5,12,6,8,0,9,7
Line14=37,6,12,13,14,5,16,4,1,0,8,7,9
Line15=38,6,12,13,14,5,16,4,1,0,8,7,9
Line16=39,6,12,13,14,5,16,4,1,0,8,7,9
Line17=40,6,12,13,14,5,16,4,1,0,8,7,9
Line18=41,6,12,13,14,5,16,4,1,0,8,7,9
Line19=51,6,12,13,5,14,16,4,1,0,8,7,9
Line20=52,6,12,13,5,14,16,4,1,0,8,7,9
Line21=53,6,12,13,5,14,16,4,1,0,8,7,9
Line22=54,6,12,13,5,14,16,4,1,0,8,7,9
Line23=55,6,12,13,5,14,16,4,1,0,8,7,9
Dir5=-1,12,13,8,6,5,14,16,1,0,7,4,9

[RideCut]
Line1=4,14,16,13,1,4,7,5,6,12,8,0,9
Line2=7,14,16,13,1,4,7,9,5,6,12,8,0
Line3=8,14,16,13,1,4,5,7,12,8,6,0,9
Line4=9,14,16,13,1,4,5,7,12,9,8,6,0
Line5=10,14,16,13,1,4,5,12,8,6,0,9,7
Dir4=-1,9,7,12,13,5,14,16,4,1,0,6,8
Dir5=-1,12,13,8,5,6,14,16,0,7,4,1,9
Line6=56,12,13,5,8,6,14,16,9,7,0,4,1
Line7=88,14,16,13,4,1,8,6,5,12,0,7,9
Line8=89,14,16,13,4,1,8,6,5,12,0,7,9
Line9=90,14,16,13,4,1,8,6,5,12,0,7,9
Line10=11,14,16,13,1,4,9,7,5,12,8,6,0
Line11=55,12,13,5,8,6,14,16,0,7,4,1,9
Line12=57,12,13,5,6,8,14,16,4,1,0,9,7
Line13=58,12,13,5,6,8,14,16,1,0,9,7,4
Line15=48,12,13,8,5,6,14,16,0,7,1,4,9

[RidePuncture]
Line1=5,14,16,13,1,4,5,12,6,8,0,9,7
Line2=6,14,16,13,1,4,5,6,12,8,0,9,7
Line3=10,14,16,13,1,4,7,5,12,8,6,0,9
Line4=11,14,16,13,1,4,5,12,8,6,0,9,7
Line5=12,14,16,13,1,4,5,12,8,6,0,9,7
Line6=13,14,16,13,1,4,9,7,5,12,8,6,0
Dir2=-1,14,16,13,9,7,4,1,5,12,6,8,0
Dir4=-1,9,7,12,13,5,14,16,4,1,0,6,8
Dir5=-1,12,13,8,6,5,14,16,0,7,4,1,9
Line7=61,12,13,9,5,8,6,14,16,1,0,7,4
Line8=62,12,13,9,5,8,6,14,16,1,0,7,4
Line9=66,9,12,13,5,8,6,14,16,0,7,4,1
Line10=67,9,12,13,5,8,6,14,16,0,7,4,1
Line11=68,9,12,13,5,8,6,14,16,0,7,4,1

[DoubleWRun]
Dir1=-1,1,7,6,16,5,9,0,12,8,14,13,4
Dir2=-1,14,16,13,9,7,4,1,5,8,12,6,0
Dir5=-1,12,13,8,6,9,5,7,14,16,4,1,0

[SwordShieldWRun]
Dir1=-1,14,16,13,1,9,4,7,5,6,0,12,8
Dir2=-1,14,16,13,9,7,4,1,5,6,12,0,8
Dir3=-1,9,7,12,13,14,5,0,16,4,1,6,8
Dir4=-1,9,7,12,13,5,14,16,4,1,0,6,8
Dir5=-1,12,13,8,6,5,9,7,14,16,4,1,0
Line1=36,12,13,8,6,5,14,16,4,1,0,7,9
Line2=37,12,13,8,6,5,14,16,4,1,0,7,9
Line3=38,12,13,8,6,5,14,16,4,1,0,7,9
Line4=47,12,13,8,6,5,14,16,4,1,0,7,9
Line5=84,14,16,13,4,1,5,6,8,12,0,7,9
Line6=85,14,16,13,4,1,5,6,8,12,0,7,9
Line7=86,14,16,13,4,1,5,6,8,12,0,7,9

[ShieldSwordWRun]
Dir1=-1,14,16,13,1,9,4,7,5,6,0,12,8
Dir2=-1,14,16,13,9,7,4,1,5,6,12,0,8
Dir3=-1,9,7,12,13,14,5,0,16,4,1,6,8
Dir4=-1,9,7,12,13,8,5,14,16,4,1,0,6
Dir5=-1,12,13,8,6,5,9,7,14,16,4,1,0
Dir7=-1,6,8,12,13,14,5,16,4,1,0,7,9
Dir8=-1,14,16,13,4,1,5,6,0,12,8,9,7

[DoubleWStand]
Dir1=-1,14,16,13,1,4,7,5,6,0,12,9,8
Dir5=-1,9,12,13,8,6,5,14,16,4,1,0,7
Dir8=-1,14,16,13,4,1,8,6,5,12,0,7,9
Dir7=-1,8,6,12,13,14,5,16,4,1,0,7,9
Line1=8,13,1,4,7,16,5,6,0,12,9,8,14

[SwordShieldWStand]
Dir1=-1,14,16,13,1,9,4,7,5,6,0,12,8
Dir3=-1,9,7,12,13,14,5,0,16,4,1,6,8
Dir4=-1,12,13,5,14,16,4,1,0,8,6,7,9
Dir5=-1,9,12,13,8,6,5,14,16,4,1,0,7
Dir8=-1,14,16,13,4,1,6,8,12,9,7,5,0
Dir7=-1,8,6,12,13,14,5,16,4,1,0,9,7
Line1=8,13,1,4,7,16,5,6,0,12,9,8,14

[ShieldSwordWStand]
Dir1=-1,14,16,13,1,9,4,7,5,6,0,12,8
Dir3=-1,9,7,12,13,14,5,0,16,4,1,6,8
Dir4=-1,12,13,5,14,16,4,1,0,8,6,7,9
Dir5=-1,9,12,13,8,6,5,14,16,4,1,0,7
Dir8=-1,14,16,13,4,1,6,8,12,9,7,5,0
Dir7=-1,8,6,12,13,14,5,16,4,1,0,9,7
Line1=8,13,1,4,7,16,5,6,0,12,9,8,14

[FreeRun]
Dir1=-1,14,16,13,1,4,9,7,6,5,8,0,12
Dir5=-1,12,13,8,6,7,5,14,16,4,1,0,9
Line1=5,14,16,13,1,4,9,7,5,6,8,0,12
Line2=6,14,16,13,1,4,9,7,5,6,8,0,12
Line3=0,14,16,13,1,4,7,6,5,8,0,12,9
Line4=10,14,16,13,1,4,7,6,5,8,9,0,12

[DoubleWWalk]
Dir1=-1,14,16,13,1,4,7,6,5,0,12,8,9
Dir5=-1,9,7,12,13,8,6,14,4,5,16,1,0
Dir2=-1,14,16,13,7,4,1,12,9,5,6,8,0

[SwordShieldWWalk]
Dir1=-1,14,16,13,1,4,9,7,6,5,0,12,8
Dir5=-1,12,13,8,6,14,4,5,9,7,16,1,0
Dir2=-1,14,16,13,7,4,1,12,9,5,0,6,8
Dir8=-1,14,16,13,4,1,6,5,8,12,0,7,9
Dir4=-1,9,7,12,13,8,5,14,16,4,1,0,6

[ShieldSwordWWalk]
Dir1=-1,14,16,13,1,4,9,7,6,5,0,12,8
Dir5=-1,12,13,8,6,14,4,5,9,7,16,1,0
Dir2=-1,14,16,13,7,4,1,12,9,5,0,6,8
Dir8=-1,14,16,13,4,1,6,5,8,12,0,7,9
Dir4=-1,9,7,12,13,8,5,14,16,4,1,0,6

[FreeWalk]
Dir1=-1,14,16,13,1,4,9,7,6,5,8,0,12
Dir5=-1,12,13,8,6,7,5,14,16,4,1,0,9
Line1=0,14,16,13,1,4,9,6,7,5,8,0,12
Line2=1,14,16,13,1,4,9,7,6,5,8,0,12
Line3=2,14,16,13,1,4,9,7,6,5,8,0,12
Line4=3,14,16,13,1,4,9,7,6,5,8,0,12
Line5=4,14,16,13,1,4,9,6,7,5,8,0,12
Line6=11,14,16,13,1,4,9,7,6,5,8,0,12
Line7=12,14,16,13,1,4,9,7,6,5,8,0,12
Line8=13,14,16,13,1,4,7,9,6,5,8,0,12
Line9=14,14,16,13,1,4,9,7,6,5,8,0,12
Line10=5,14,16,13,1,4,9,7,6,5,8,0,12
Line11=10,14,16,13,1,4,9,7,6,5,8,0,12
Line12=9,14,16,13,1,4,9,7,6,5,8,0,12
Line14=8,14,16,13,1,4,9,7,6,5,8,0,12

[DoubleWWound]
Dir1=-1,14,16,13,1,4,7,5,0,6,8,12,9
Dir2=-1,14,16,13,7,4,1,5,12,6,8,0,9
Dir4=-1,9,7,12,13,8,5,14,16,4,1,0,6
Dir5=-1,12,13,8,6,5,14,16,4,9,1,0,7
Dir7=-1,6,12,13,14,5,16,4,1,0,7,8,9
Dir8=-1,14,16,13,4,1,6,5,12,0,8,7,9
Dir3=-1,9,7,12,13,14,5,16,4,1,8,0,6

[SwordShieldWWound]
Dir1=-1,14,16,13,1,4,7,5,0,6,8,12,9
Dir2=-1,14,16,13,7,4,1,5,12,6,8,0,9
Dir4=-1,9,7,12,13,8,5,14,16,4,1,0,6
Dir5=-1,12,13,8,6,5,14,16,4,9,1,0,7
Dir7=-1,6,12,13,14,5,16,4,1,0,7,8,9
Dir8=-1,14,16,13,4,1,6,5,12,0,8,7,9
Dir3=-1,9,7,12,13,14,5,16,4,1,8,0,6

[ShieldSwordWWound]
Dir1=-1,14,16,13,1,4,7,5,0,6,8,12,9
Dir2=-1,14,16,13,7,4,1,5,12,6,8,0,9
Dir4=-1,9,7,12,13,8,5,14,16,4,1,0,6
Dir5=-1,12,13,8,6,5,14,16,4,9,1,0,7
Dir7=-1,6,12,13,14,5,16,4,1,0,7,8,9
Dir8=-1,14,16,13,4,1,6,5,12,0,8,7,9
Dir3=-1,9,7,12,13,14,5,16,4,1,8,0,6

[DoubleWDie]
Dir1=-1,14,16,13,1,4,7,5,6,8,9,0,12
Dir5=-1,12,13,8,6,9,5,14,16,4,1,0,7
Line1=71,8,9,7,12,13,5,14,16,4,1,0,6

[SwordShieldWDie]
Dir1=-1,14,16,13,1,4,7,5,6,8,9,0,12
Dir5=-1,12,13,8,6,9,5,14,16,4,1,0,7
Line1=71,8,9,7,12,13,5,14,16,4,1,0,6

[SwordShieldWDie]
Dir1=-1,14,16,13,1,4,7,5,6,8,9,0,12
Dir5=-1,12,13,8,6,9,5,14,16,4,1,0,7
Line1=71,8,9,7,12,13,5,14,16,4,1,0,6

[DoubleWPound]
Dir1=-1,14,16,13,1,4,7,5,6,8,0,9,12
Dir2=-1,14,16,13,9,7,4,1,5,12,6,0,8
Dir5=-1,12,13,8,6,14,4,1,0,9,5,16,7
Line1=57,12,13,8,6,14,4,1,9,0,5,16,7
Line2=7,14,16,13,1,4,5,6,8,0,9,7,12
Line3=8,14,16,13,1,4,5,6,8,0,9,7,12
Line4=55,12,13,8,6,14,4,1,0,9,7,5,16
Line5=56,12,13,8,14,4,1,0,9,6,5,16,7
Dir8=-1,14,16,13,4,1,8,6,5,12,0,7,9

[SwordShieldWCut]
Dir1=-1,14,16,13,1,4,7,5,6,8,0,9,12
Dir2=-1,14,16,13,9,7,4,1,5,12,6,0,8
Dir4=-1,9,7,12,13,5,14,16,4,1,0,6,8
Dir5=-1,12,13,6,8,14,4,1,0,9,5,16,7
Line1=57,12,13,8,6,14,4,1,9,0,5,16,7
Line2=7,14,16,13,1,4,5,6,8,0,9,7,12
Line3=8,14,16,13,1,4,5,6,8,0,9,7,12
Line4=55,12,13,6,6,14,4,1,0,9,7,5,16
Line5=56,12,13,8,14,4,1,0,9,6,5,16,7
Dir8=-1,14,16,13,4,1,8,6,5,12,0,7,9
Line6=-14,14,16,13,1,4,7,5,8,6,0,9,12

[ShieldSwordWCut]
Dir1=-1,14,16,13,1,4,7,5,6,8,0,9,12
Dir2=-1,14,16,13,9,7,4,1,5,12,6,0,8
Dir4=-1,9,7,12,13,5,14,16,4,1,0,6,8
Dir5=-1,12,13,6,8,14,4,1,0,9,5,16,7
Line1=57,12,13,8,6,14,4,1,9,0,5,16,7
Line2=7,14,16,13,1,4,5,6,8,0,9,7,12
Line3=8,14,16,13,1,4,5,6,8,0,9,7,12
Line4=55,12,13,8,6,14,4,1,0,9,7,5,16
Line5=56,12,13,8,14,4,1,0,9,6,5,16,7
Dir8=-1,14,16,13,4,1,8,6,5,12,0,7,9
Line6=-14,14,16,13,1,4,7,5,8,6,0,9,12

[DoubleWPull]
Dir1=-1,14,16,13,1,4,5,6,7,0,8,12,9
Dir2=-1,14,16,13,7,4,1,5,12,0,6,8,9
Dir3=-1,9,7,12,13,14,5,16,4,1,0,8,6
Dir5=-1,12,13,9,8,6,5,7,14,16,4,1,0
Dir8=-1,14,16,13,4,1,6,5,12,0,8,7,9
Dir4=-1,9,7,12,13,5,14,16,4,8,1,0,6
Line1=56,9,7,12,13,5,14,16,4,1,0,8,6
Line2=57,9,7,12,13,5,14,16,4,1,0,8,6
Line3=58,9,7,12,13,5,14,16,4,1,0,8,6
Line4=60,9,7,12,13,8,5,14,16,4,1,0,6
Line5=61,9,7,12,13,8,5,14,16,4,1,0,6
Line6=62,9,7,12,13,8,5,14,16,4,1,0,6
Line7=66,12,13,8,9,6,5,7,14,16,4,1,0
Line8=28,14,16,13,7,4,1,5,12,0,8,6,9
Line9=29,14,16,13,7,4,1,5,12,0,8,6,9
Line10=30,14,16,13,7,4,1,5,12,0,8,6,9
Line11=31,14,16,13,7,4,1,5,12,0,8,6,9
Line12=40,9,7,12,13,14,5,16,4,1,0,6,8
Line13=41,9,7,12,13,14,5,16,4,1,0,6,8
Line14=42,9,7,12,13,14,5,16,4,1,0,6,8
Line15=69,12,13,9,8,7,5,6,14,16,4,1,0
Line16=70,12,13,9,8,7,5,6,14,16,4,1,0
Line17=71,12,13,9,8,7,5,6,14,16,4,1,0
Line18=72,12,13,9,8,7,5,6,14,16,4,1,0
Line19=73,12,13,9,8,7,5,6,14,16,4,1,0
Line20=124,14,16,13,4,1,5,6,12,0,8,7,9
Line21=125,14,16,13,4,1,5,6,12,0,8,7,9
Line22=126,14,16,13,4,1,5,6,12,0,8,7,9

[SwordShieldWChop]
Dir1=-1,14,16,13,1,4,5,6,7,0,8,12,9
Dir2=-1,14,16,13,7,4,1,5,12,0,6,8,9
Dir3=-1,9,7,12,13,14,5,16,4,1,0,6,8
Dir5=-1,12,13,9,8,6,5,7,14,16,4,1,0
Dir8=-1,14,16,13,4,1,6,5,12,0,8,7,9
Dir4=-1,9,7,12,13,5,14,16,4,8,1,0,6
Line1=5,8,6,12,13,5,14,16,4,1,0,9,7
Line2=6,8,6,12,13,5,14,16,4,1,0,9,7
Line3=7,8,6,12,13,5,14,16,4,1,0,9,7
Line4=8,8,6,12,13,5,14,16,4,1,0,9,7
Line5=14,8,6,12,13,5,14,16,4,1,0,9,7
Line6=15,8,6,12,13,5,14,16,4,1,0,9,7
Line7=16,8,6,12,13,5,14,16,4,1,0,9,7
Line8=17,8,6,12,13,5,14,16,4,1,0,9,7
Line9=18,8,6,12,13,5,14,16,4,1,0,9,7
Line10=19,8,6,12,13,5,14,16,4,1,0,9,7
Line11=20,8,6,12,13,5,14,16,4,1,0,9,7
Line12=21,8,6,12,13,5,14,16,4,1,0,9,7
Line13=35,8,6,12,13,5,14,16,4,1,0,9,7
Line14=36,8,6,12,13,5,14,16,4,1,0,9,7
Line15=37,8,6,12,13,5,14,16,4,1,0,9,7
Line16=45,8,6,12,13,5,14,16,4,1,0,9,7
Line17=46,8,6,12,13,5,14,16,4,1,0,9,7
Line18=47,8,6,12,13,5,14,16,4,1,0,9,7
Line19=48,8,6,12,13,5,14,16,4,1,0,9,7
Line20=49,8,6,12,13,5,14,16,4,1,0,9,7
Line21=50,8,6,12,13,5,14,16,4,1,0,9,7
Line22=73,8,6,12,13,5,14,16,4,1,0,9,7
Line23=74,8,6,12,13,5,14,16,4,1,0,9,7
Line24=75,8,6,12,13,5,14,16,4,1,0,9,7
Line25=76,8,6,12,13,5,14,16,4,1,0,9,7
Line26=77,8,6,12,13,5,14,16,4,1,0,9,7
Line27=78,8,6,12,13,5,14,16,4,1,0,9,7

[ShieldSwordWChop]
Dir1=-1,14,16,13,1,4,5,6,7,0,8,12,9
Dir2=-1,14,16,13,7,4,1,5,12,0,6,8,9
Dir3=-1,9,7,12,13,14,5,16,4,1,0,6,8
Dir5=-1,12,13,9,8,6,5,7,14,16,4,1,0
Dir8=-1,14,16,13,4,1,6,5,12,0,8,7,9
Dir4=-1,9,7,12,13,5,14,16,4,8,1,0,6
Line1=5,8,6,12,13,5,14,16,4,1,0,9,7
Line2=6,8,6,12,13,5,14,16,4,1,0,9,7
Line3=7,8,6,12,13,5,14,16,4,1,0,9,7
Line4=8,8,6,12,13,5,14,16,4,1,0,9,7
Line5=14,8,6,12,13,5,14,16,4,1,0,9,7
Line6=15,8,6,12,13,5,14,16,4,1,0,9,7
Line7=16,8,6,12,13,5,14,16,4,1,0,9,7
Line8=17,8,6,12,13,5,14,16,4,1,0,9,7
Line9=18,8,6,12,13,5,14,16,4,1,0,9,7
Line10=19,8,6,12,13,5,14,16,4,1,0,9,7
Line11=20,8,6,12,13,5,14,16,4,1,0,9,7
Line12=21,8,6,12,13,5,14,16,4,1,0,9,7
Line13=35,8,6,12,13,5,14,16,4,1,0,9,7
Line14=36,8,6,12,13,5,14,16,4,1,0,9,7
Line15=37,8,6,12,13,5,14,16,4,1,0,9,7
Line16=45,8,6,12,13,5,14,16,4,1,0,9,7
Line17=46,8,6,12,13,5,14,16,4,1,0,9,7
Line18=47,8,6,12,13,5,14,16,4,1,0,9,7
Line19=48,8,6,12,13,5,14,16,4,1,0,9,7
Line20=49,8,6,12,13,5,14,16,4,1,0,9,7
Line21=50,8,6,12,13,5,14,16,4,1,0,9,7
Line22=73,8,6,12,13,5,14,16,4,1,0,9,7
Line23=74,8,6,12,13,5,14,16,4,1,0,9,7
Line24=75,8,6,12,13,5,14,16,4,1,0,9,7
Line25=76,8,6,12,13,5,14,16,4,1,0,9,7
Line26=77,8,6,12,13,5,14,16,4,1,0,9,7
Line27=78,8,6,12,13,5,14,16,4,1,0,9,7

[DoubleWMagic]
Dir5=-1,9,12,13,6,5,8,7,14,16,4,0,1
Dir6=-1,8,6,12,13,5,14,16,4,9,7,0,1
Dir7=-1,8,6,12,13,14,5,16,4,9,0,7,1
Dir1=-1,14,16,13,1,4,5,6,7,8,9,0,12
Dir2=-1,14,16,13,4,1,5,7,12,6,8,0,9
Dir3=-1,7,12,13,14,5,16,4,1,0,6,8,9
Line1=46,9,7,12,13,14,5,16,4,1,0,6,8
Line2=47,9,7,12,13,14,5,16,4,1,0,6,8
Line3=4,14,16,13,1,4,8,6,5,7,0,9,12
Line5=6,14,16,13,1,4,6,5,7,8,9,0,12
Line4=6,14,16,13,1,4,6,8,5,7,9,0,12
Line6=5,14,16,13,1,4,6,8,5,7,9,0,12
Line7=8,14,16,13,1,4,8,6,5,9,7,0,12
Line8=7,14,16,13,1,4,8,6,5,7,9,0,12
Line9=9,14,16,13,1,4,8,6,5,9,7,0,12
Line10=2,14,16,13,1,4,6,5,7,8,9,0,12
Line11=3,14,16,13,1,4,6,5,7,8,9,0,12
Line12=10,14,16,13,1,4,8,5,6,9,7,0,12
Line13=11,14,16,13,1,4,8,5,6,9,7,0,12
Line14=12,14,16,13,1,4,8,5,6,9,7,0,12
Line15=13,14,16,13,1,4,8,5,6,9,7,0,12
Line16=14,14,16,13,1,4,8,5,6,9,7,0,12
Line17=15,14,16,13,1,4,5,6,9,7,8,0,12
Line18=24,14,16,13,4,1,5,9,7,12,6,8,0
Line19=25,14,16,13,4,1,5,9,7,12,6,8,0
Line20=26,14,16,13,4,1,5,9,7,12,6,8,0
Line21=27,14,16,13,4,1,5,9,7,12,6,8,0
Line22=28,14,16,13,4,1,5,9,7,12,6,8,0
Line23=29,14,16,13,4,1,5,9,7,12,6,8,0
Line24=30,14,16,13,4,1,5,9,7,12,6,8,0
Line25=31,14,16,13,4,1,9,5,7,12,6,8,0
Line26=16,14,16,13,4,1,9,5,7,12,6,8,0
Line27=41,9,7,12,13,14,5,16,4,1,0,6,8
Line28=42,9,7,12,13,14,5,16,4,1,0,6,8
Line29=40,9,7,12,13,14,5,16,4,1,0,6,8
Line30=43,9,7,12,13,14,5,16,4,1,0,6,8
Line31=44,9,7,12,13,14,5,16,4,1,0,6,8
Line32=45,9,7,12,13,14,5,16,4,1,0,6,8
Line34=64,9,12,13,6,5,7,8,14,16,4,0,1
Line33=64,9,12,13,8,6,5,7,14,16,4,0,1
Line35=65,9,12,13,8,6,5,7,14,16,4,0,1
Dir8=-1,14,16,13,4,1,8,6,5,12,0,7,9

[SwordShieldWMagic]
Dir5=-1,9,12,13,6,5,8,7,14,16,4,0,1
Dir6=-1,8,6,12,13,5,14,16,4,9,7,0,1
Dir7=-1,8,6,12,13,14,5,16,4,9,0,7,1
Dir1=-1,14,16,13,1,4,5,6,7,8,9,0,12
Dir2=-1,14,16,13,4,1,5,7,12,6,8,0,9
Dir3=-1,7,12,13,14,5,16,4,1,0,6,8,9
Line1=46,9,7,12,13,14,5,16,4,1,0,6,8
Line2=47,9,7,12,13,14,5,16,4,1,0,6,8
Line3=4,14,16,13,1,4,8,6,5,7,0,9,12
Line5=6,14,16,13,1,4,6,5,7,8,9,0,12
Line4=6,14,16,13,1,4,6,8,5,7,9,0,12
Line6=5,14,16,13,1,4,6,8,5,7,9,0,12
Line7=8,14,16,13,1,4,8,6,5,9,7,0,12
Line8=7,14,16,13,1,4,8,6,5,7,9,0,12
Line9=9,14,16,13,1,4,8,6,5,9,7,0,12
Line10=2,14,16,13,1,4,6,5,7,8,9,0,12
Line11=3,14,16,13,1,4,6,5,7,8,9,0,12
Line12=10,14,16,13,1,4,8,5,6,9,7,0,12
Line13=11,14,16,13,1,4,8,5,6,9,7,0,12
Line14=12,14,16,13,1,4,8,5,6,9,7,0,12
Line15=13,14,16,13,1,4,8,5,6,9,7,0,12
Line16=14,14,16,13,1,4,8,5,6,9,7,0,12
Line17=15,14,16,13,1,4,5,6,9,7,8,0,12
Line18=24,14,16,13,4,1,5,9,7,12,6,8,0
Line19=25,14,16,13,4,1,5,9,7,12,6,8,0
Line20=26,14,16,13,4,1,5,9,7,12,6,8,0
Line21=27,14,16,13,4,1,5,9,7,12,6,8,0
Line22=28,14,16,13,4,1,5,9,7,12,6,8,0
Line23=29,14,16,13,4,1,5,9,7,12,6,8,0
Line24=30,14,16,13,4,1,5,9,7,12,6,8,0
Line25=31,14,16,13,4,1,9,5,7,12,6,8,0
Line26=16,14,16,13,4,1,9,5,7,12,6,8,0
Line27=41,9,7,12,13,14,5,16,4,1,0,6,8
Line28=42,9,7,12,13,14,5,16,4,1,0,6,8
Line29=40,9,7,12,13,14,5,16,4,1,0,6,8
Line30=43,9,7,12,13,14,5,16,4,1,0,6,8
Line31=44,9,7,12,13,14,5,16,4,1,0,6,8
Line32=45,9,7,12,13,14,5,16,4,1,0,6,8
Line34=64,9,12,13,6,5,7,8,14,16,4,0,1
Line33=64,9,12,13,8,6,5,7,14,16,4,0,1
Line35=65,9,12,13,8,6,5,7,14,16,4,0,1
Dir8=-1,14,16,13,4,1,8,6,5,12,0,7,9

[SwordShieldWMagic]
Dir5=-1,9,12,13,6,5,8,7,14,16,4,0,1
Dir6=-1,8,6,12,13,5,14,16,4,9,7,0,1
Dir7=-1,8,6,12,13,14,5,16,4,9,0,7,1
Dir1=-1,14,16,13,1,4,5,6,7,8,9,0,12
Dir2=-1,14,16,13,4,1,5,7,12,6,8,0,9
Dir3=-1,7,12,13,14,5,16,4,1,0,6,8,9
Line1=46,9,7,12,13,14,5,16,4,1,0,6,8
Line2=47,9,7,12,13,14,5,16,4,1,0,6,8
Line3=4,14,16,13,1,4,8,6,5,7,0,9,12
Line5=6,14,16,13,1,4,6,5,7,8,9,0,12
Line4=6,14,16,13,1,4,6,8,5,7,9,0,12
Line6=5,14,16,13,1,4,6,8,5,7,9,0,12
Line7=8,14,16,13,1,4,8,6,5,9,7,0,12
Line8=7,14,16,13,1,4,8,6,5,7,9,0,12
Line9=9,14,16,13,1,4,8,6,5,9,7,0,12
Line10=2,14,16,13,1,4,6,5,7,8,9,0,12
Line11=3,14,16,13,1,4,6,5,7,8,9,0,12
Line12=10,14,16,13,1,4,8,5,6,9,7,0,12
Line13=11,14,16,13,1,4,8,5,6,9,7,0,12
Line14=12,14,16,13,1,4,8,5,6,9,7,0,12
Line15=13,14,16,13,1,4,8,5,6,9,7,0,12
Line16=14,14,16,13,1,4,8,5,6,9,7,0,12
Line17=15,14,16,13,1,4,5,6,9,7,8,0,12
Line18=24,14,16,13,4,1,5,9,7,12,6,8,0
Line19=25,14,16,13,4,1,5,9,7,12,6,8,0
Line20=26,14,16,13,4,1,5,9,7,12,6,8,0
Line21=27,14,16,13,4,1,5,9,7,12,6,8,0
Line22=28,14,16,13,4,1,5,9,7,12,6,8,0
Line23=29,14,16,13,4,1,5,9,7,12,6,8,0
Line24=30,14,16,13,4,1,5,9,7,12,6,8,0
Line25=31,14,16,13,4,1,9,5,7,12,6,8,0
Line26=16,14,16,13,4,1,9,5,7,12,6,8,0
Line27=41,9,7,12,13,14,5,16,4,1,0,6,8
Line28=42,9,7,12,13,14,5,16,4,1,0,6,8
Line29=40,9,7,12,13,14,5,16,4,1,0,6,8
Line30=43,9,7,12,13,14,5,16,4,1,0,6,8
Line31=44,9,7,12,13,14,5,16,4,1,0,6,8
Line32=45,9,7,12,13,14,5,16,4,1,0,6,8
Line34=64,9,12,13,6,5,7,8,14,16,4,0,1
Line33=64,9,12,13,8,6,5,7,14,16,4,0,1
Line35=65,9,12,13,8,6,5,7,14,16,4,0,1
Dir8=-1,14,16,13,4,1,8,6,5,12,0,7,9

[FreeStand3]
Dir8=-1,14,16,13,4,1,8,6,5,12,0,7,9
Dir1=-1,14,16,13,1,4,7,5,9,6,12,8,0
Dir5=-1,12,13,8,6,5,14,16,4,1,0,9,7

[FreeStand2]
Dir6=-1,8,6,12,13,5,14,16,4,1,0,7,9
Dir1=-1,14,16,13,1,4,9,7,5,8,6,12,0
Dir2=-1,14,16,13,9,7,4,1,5,12,8,6,0
Dir3=-1,9,7,12,13,14,5,16,4,1,0,8,6

[MeleeWPuncture]
Dir1=-1,14,16,13,1,4,7,5,6,8,0,12,9
Line1=86,8,6,12,13,5,14,16,4,1,0,7,9
Line2=72,12,13,9,8,6,5,14,16,4,1,0,7
Line3=73,12,13,9,8,6,5,14,16,4,1,0,7
Line4=74,12,13,9,8,6,5,14,16,4,1,0,7

[MeleeWCut]
Line1=7,14,16,13,1,4,8,6,5,0,9,7,12
Line2=8,14,16,13,1,4,8,6,5,0,9,7,12
Line3=9,14,16,13,1,4,8,6,5,9,0,12,7
Line4=6,14,16,13,1,4,7,5,6,8,0,9,12
Line5=5,14,16,13,1,4,7,5,6,9,8,0,12
Line6=10,14,16,13,1,4,8,6,5,9,0,7,12
Line7=11,14,16,13,1,4,6,5,8,7,0,9,12
Line8=12,14,16,13,1,4,9,7,6,5,8,0,12
Line9=13,14,16,13,1,4,9,7,6,5,8,0,12
Line10=64,12,13,7,8,5,9,6,14,16,4,1,0
Line11=65,7,9,12,13,8,5,6,14,16,4,1,0
Line12=66,12,7,13,8,5,6,9,14,16,4,1,0
Line13=63,12,7,13,8,5,6,9,14,16,4,1,0
Line14=62,9,12,13,8,6,5,14,16,4,1,0,7
Line15=67,9,7,12,13,8,6,5,14,16,4,1,0

[MeleeWDie]
Dir2=-1,14,13,9,7,4,1,5,12,6,8,0,16
Dir3=-1,9,7,12,13,14,5,4,1,0,6,8,16
Dir4=-1,9,7,0,12,13,5,14,4,1,8,6,16
Dir5=-1,12,13,8,0,6,5,14,16,4,1,7,9
Dir6=-1,0,8,6,12,13,5,14,16,4,1,9,7
Dir7=-1,8,6,12,13,14,5,4,1,0,9,7,16
;Dir1=-1,14,13,4,9,7,5,6,1,8,0,12,16
Line1=6,14,13,4,9,7,5,6,1,8,0,12,16
Line2=7,14,13,4,9,7,5,6,1,8,0,12,16
Line3=8,14,13,4,9,7,5,6,1,8,0,12,16
Line4=9,14,13,4,9,7,5,6,1,8,0,12,16
Line5=10,14,13,4,9,7,5,6,1,8,0,12,16
Line6=11,14,13,4,9,7,5,6,1,8,0,12,16
Line7=12,14,13,4,9,7,5,6,1,8,0,12,16
Line8=13,14,13,4,9,7,5,6,1,8,0,12,16
Line9=14,14,13,4,9,7,5,6,1,8,0,12,16
Line10=15,14,13,4,9,7,5,6,1,8,0,12,16
Line11=16,14,13,4,9,7,5,6,1,8,0,12,16
Line12=17,14,13,4,9,7,5,6,1,8,0,12,16
Line13=18,14,13,4,9,7,5,6,1,8,0,12,16
Line14=19,14,13,4,9,7,5,6,1,8,0,12,16
;Dir8=-1,14,13,4,1,8,6,5,12,0,9,7,16
Line15=83,14,13,4,1,8,6,5,12,0,9,7,16
Line16=84,14,13,4,1,8,6,5,12,0,9,7,16
Line17=85,14,13,4,1,8,6,5,12,0,9,7,16
Line18=86,14,13,4,1,8,6,5,12,0,9,7,16
Line19=87,14,13,4,1,8,6,5,12,0,9,7,16
Line20=88,14,13,4,1,8,6,5,12,0,9,7,16
Line21=89,14,13,4,1,8,6,5,12,0,9,7,16
Line22=90,14,13,4,1,8,6,5,12,0,9,7,16
Line23=91,14,13,4,1,8,6,5,12,0,9,7,16
Line24=92,14,13,4,1,8,6,5,12,0,9,7,16
Line25=93,14,13,4,1,8,6,5,12,0,9,7,16
Line26=94,14,13,4,1,8,6,5,12,0,9,7,16
Line27=95,14,13,4,1,8,6,5,12,0,9,7,16
Line28=96,14,13,4,1,8,6,5,12,0,9,7,16

[MeleeWWound]
Dir7=-1,8,6,1,12,13,14,5,16,4,0,9,7

[FreeWound]
Dir1=-1,14,16,13,1,4,7,5,9,6,12,8,0

[FreeDie]
Dir1=-1,14,16,13,1,4,7,5,9,6,12,8,0
;Dir1=-1,14,16,13,1,4,7,5,9,6,12,8,0
;Dir3=-1,16,9,7,12,13,14,5,4,1,0,6,8
;Dir4=-1,16,9,7,12,13,5,14,4,1,0,8,6
;Dir5=-1,16,12,13,8,6,5,14,4,1,0,7,9
;Dir6=-1,16,8,6,12,13,5,14,4,1,0,9,7
Dir7=-1,16,8,6,12,13,14,4,1,5,0,9,7
;Dir8=-1,16,14,13,7,9,4,5,8,6,12,0,1
Line1=31,16,9,7,12,13,14,5,4,1,0,6,8
Line2=32,16,9,7,12,13,14,5,4,1,0,6,8
Line3=33,16,9,7,12,13,14,5,4,1,0,6,8
Line4=34,16,9,7,12,13,14,5,4,1,0,6,8
Line5=35,16,9,7,12,13,14,5,4,1,0,6,8
Line6=43,16,9,7,12,13,5,14,4,1,0,8,6
Line7=44,16,9,7,12,13,5,14,4,1,0,8,6
Line8=45,16,9,7,12,13,5,14,4,1,0,8,6
Line9=46,16,9,7,12,13,5,14,4,1,0,8,6
Line10=47,16,9,7,12,13,5,14,4,1,0,8,6
Line11=55,16,12,13,8,6,5,14,4,1,0,7,9
Line12=56,16,12,13,8,6,5,14,4,1,0,7,9
Line13=57,16,12,13,8,6,5,14,4,1,0,7,9
Line14=58,16,12,13,8,6,5,14,4,1,0,7,9
Line15=59,16,12,13,8,6,5,14,4,1,0,7,9
Line16=67,16,8,6,12,13,5,14,4,1,0,9,7
Line17=68,16,8,6,12,13,5,14,4,1,0,9,7
Line18=69,16,8,6,12,13,5,14,4,1,0,9,7
Line19=70,16,8,6,12,13,5,14,4,1,0,9,7
Line20=71,16,8,6,12,13,5,14,4,1,0,9,7

[FreeAttack]
Dir1=-1,14,16,13,1,4,7,5,9,6,12,8,0
Line1=6,14,16,13,1,4,6,5,7,9,12,8,0
Line2=7,14,16,13,1,4,6,5,7,9,12,8,0
Line3=8,14,16,13,1,4,6,5,7,9,12,8,0
Line4=9,14,16,13,1,4,6,5,7,9,12,8,0
Line5=10,14,16,13,1,4,6,5,7,9,12,8,0
Line6=11,14,16,13,1,4,6,5,7,9,12,8,0
Line7=12,14,16,13,1,4,6,5,7,9,12,8,0
Line8=13,14,16,13,1,4,6,5,7,9,12,8,0
Line9=68,9,7,12,13,6,8,5,14,16,4,1,0
Line10=69,9,7,12,13,8,6,5,14,16,4,1,0
Line11=70,9,7,12,13,8,6,5,14,16,4,1,0
Line12=71,9,7,12,13,8,6,5,14,16,4,1,0
Line13=78,12,13,8,9,7,5,6,14,16,4,1,0
Line14=79,12,13,8,7,9,5,6,14,16,4,1,0
Line15=80,12,13,8,9,7,5,6,14,16,4,1,0
Line16=81,12,13,8,9,7,5,6,14,16,4,1,0
Line17=82,12,13,8,9,7,5,6,14,16,4,1,0
Line18=83,12,13,8,7,9,5,6,14,16,4,1,0
Line19=84,12,13,8,9,7,5,6,14,16,4,1,0
Line20=85,12,13,8,9,7,5,6,14,16,4,1,0
Dir8=-1,14,16,13,4,1,8,6,5,12,0,7,9
Line21=140,14,16,13,4,1,5,6,12,0,7,9,8
Line22=141,14,16,13,4,1,5,6,8,12,0,7,9
Line23=142,14,16,13,4,1,5,6,8,12,0,7,9
Line24=143,14,16,13,4,1,6,5,8,12,0,7,9

[FreeMagic]
Line1=6,14,16,13,1,4,5,7,9,6,12,8,0
Line2=7,14,16,13,1,4,5,7,9,6,12,8,0
Line3=8,14,16,13,1,4,5,7,9,6,12,8,0
Line4=9,14,16,13,1,4,5,7,9,6,12,8,0
Dir1=-1,14,16,13,1,4,7,5,6,12,8,0,9
Dir4=-1,9,7,12,13,8,6,5,14,16,4,1,0
Line5=54,12,13,8,6,9,7,5,14,16,4,1,0
Line6=55,12,13,8,6,9,7,5,14,16,4,1,0
Line7=56,12,13,8,6,9,7,5,14,16,4,1,0
Line8=57,12,13,8,6,7,9,5,14,16,4,1,0
Line9=58,12,13,8,6,9,7,5,14,16,4,1,0
Dir8=-1,14,16,13,4,1,8,6,5,12,0,7,9

[JumpFly]
Dir7=-1,6,8,12,13,14,5,16,4,1,0,9,7
Dir8=-1,14,16,13,4,1,6,8,5,12,0,7,9
Dir1=-1,14,16,13,1,4,7,9,5,6,12,8,0

[DartThrow]
Dir1=-1,14,16,13,1,4,7,9,5,6,12,8,0
Line1=11,14,16,13,1,4,6,8,5,7,9,12,0
Line2=12,14,16,13,1,4,6,5,9,7,12,8,0
Line3=13,14,16,13,1,4,6,5,7,9,12,8,0
Line4=68,12,13,8,6,9,7,5,14,16,4,1,0
Line5=69,12,13,8,6,9,7,5,14,16,4,1,0
Line6=70,12,13,8,6,9,7,5,14,16,4,1,0
Line7=74,12,13,8,9,7,6,5,14,16,4,1,0
Line8=75,12,13,8,9,7,5,6,14,16,4,1,0
Dir8=-1,14,16,13,4,1,8,6,5,12,0,7,9

[MeleeWRun]
Dir1=-1,14,16,13,1,4,9,7,6,5,12,8,0

[FreeStand1]
Dir1=-1,14,16,13,1,4,9,7,5,8,6,12,0
Dir2=-1,14,16,13,9,7,4,1,5,12,8,6,0
Dir3=-1,9,7,12,13,14,5,16,4,1,0,8,6

[SwordShieldWFreeStand]
Dir6=-1,8,6,12,13,5,14,16,4,1,0,7,9
Dir1=-1,14,16,13,1,4,9,5,7,6,8,12,0
Dir2=-1,14,16,13,9,7,4,1,5,12,6,8,0
Dir3=-1,9,7,12,13,14,5,16,4,1,0,6,8
Dir4=-1,9,7,12,13,5,14,16,4,1,0,6,8
Dir5=-1,12,13,8,6,7,5,9,14,16,4,0,1
Dir7=-1,8,6,12,13,14,5,16,4,1,0,9,7
Dir8=-1,14,16,13,4,1,6,5,8,12,0,9,7

[ShieldSwordWFreeStand]
Dir6=-1,8,6,12,13,5,14,16,4,1,0,7,9
Dir1=-1,14,16,13,1,4,9,5,7,6,8,12,0
Dir2=-1,14,16,13,9,7,4,1,5,12,6,8,0
Dir3=-1,9,7,12,13,14,5,16,4,1,0,6,8
Dir4=-1,9,7,12,13,5,14,16,4,1,0,6,8
Dir5=-1,12,13,8,6,7,5,9,14,16,4,0,1
Dir7=-1,8,6,12,13,14,5,16,4,1,0,9,7
Dir8=-1,14,16,13,4,1,6,5,8,12,0,9,7

[SitDown]
Dir5=-1,12,13,8,6,5,14,16,4,1,0,9,7
Line1=8,14,16,13,1,4,7,5,6,12,0,8,9
Line2=17,14,16,13,7,4,1,5,12,6,0,9,8

[GuqinWStand2]
Dir6=-1,8,6,12,13,5,14,16,4,1,0,7,9
Dir1=-1,14,16,13,1,4,7,5,6,8,9,0,12
Dir2=-1,7,9,12,13,14,5,16,4,1,0,8,6
Dir3=-1,9,7,12,13,14,5,6,16,4,1,0,8
Dir4=-1,9,7,12,13,5,6,14,16,4,1,0,8
Dir5=-1,12,13,9,8,6,5,7,14,16,4,1,0
Dir6=-1,8,6,12,13,14,9,5,7,16,4,1,0
Dir7=-1,8,6,12,13,14,16,5,4,1,0,7,9

[GuqinWStand1]
Dir1=-1,14,16,13,1,4,7,5,6,8,9,0,12
Dir2=-1,14,16,13,7,4,1,5,12,6,8,0,9
Dir3=-1,14,16,13,7,4,1,5,12,6,8,0,9
Dir4=-1,7,9,12,13,5,6,14,16,4,1,0,8
Dir5=-1,12,13,9,8,6,7,5,14,16,4,1,0
Dir6=-1,8,6,12,13,9,5,14,7,16,4,1,0
Dir7=-1,8,6,12,13,14,4,5,16,1,0,9,7

[GuqinWWalk]
Dir1=-1,14,16,13,1,4,7,5,6,8,0,12,9
Dir2=-1,14,16,13,7,4,1,5,12,6,8,0,9
Line3=44,7,12,13,14,5,16,4,1,0,9,6,8
Dir3=-1,9,7,12,13,14,5,6,16,4,1,0,8
Dir4=-1,7,9,12,13,5,6,14,16,4,1,0,8
Dir5=-1,12,13,9,8,6,7,5,14,16,4,1,0
Dir6=-1,8,6,12,13,9,5,7,14,16,4,1,0
Dir7=-1,8,6,12,13,14,5,16,1,4,0,7,9

[GuqinWRun]
Dir1=-1,14,16,13,1,4,7,5,6,8,0,12,9
Dir2=-1,14,16,13,7,4,1,5,12,6,8,0,9
Line1=30,7,12,13,14,5,16,4,1,0,9,6,8
Line3=44,7,12,13,14,5,16,4,1,0,9,6,8
Dir3=-1,14,16,13,7,4,1,5,12,6,8,0,9
Dir4=-1,7,9,12,13,5,6,14,16,4,1,0,8
Dir5=-1,12,13,9,8,6,7,5,14,16,4,1,0
Dir6=-1,8,6,12,13,9,5,7,14,16,4,1,0
Dir7=-1,8,6,12,13,14,5,16,4,1,0,9,7

[GuqinWWound]
Dir1=-1,14,16,13,1,4,7,5,6,8,0,12,9
Dir2=-1,14,16,13,7,4,1,5,12,6,8,0,9
Dir3=-1,14,16,13,7,4,1,5,12,6,8,0,9
Dir4=-1,7,9,12,13,5,6,14,16,4,1,0,8
Dir5=-1,12,13,9,8,6,7,5,14,16,4,1,0
Dir6=-1,8,6,12,13,5,9,14,16,4,1,0,7
Dir7=-1,8,6,12,13,14,4,5,16,1,0,9,7

[GuqinWDie]
Dir1=-1,14,16,13,1,4,7,5,6,8,0,12,9
Dir2=-1,14,16,13,7,4,1,5,12,6,8,0,9
Dir4=-1,7,9,12,13,5,6,14,16,4,1,0,8
Dir5=-1,12,13,9,8,6,5,14,16,4,1,0,7
Dir6=-1,8,6,12,13,9,5,14,16,4,1,0,7
Line1=12,14,13,1,4,7,5,6,8,0,12,9,16
Line2=13,14,13,1,4,7,5,6,8,0,12,9,16
Line3=14,14,13,1,4,7,5,6,8,0,12,9,16
Line4=25,14,13,7,4,1,5,12,6,8,0,9,16
Line5=26,14,13,7,4,1,5,12,6,8,0,9,16
Line6=27,14,13,7,4,1,5,12,6,8,0,9,16
Line7=28,14,13,7,4,1,5,12,6,8,0,9,16
Line8=29,14,13,7,4,1,5,12,6,8,0,9,16

[GuqinWCut]
Dir1=-1,14,16,13,1,4,7,5,6,8,0,12,9
Dir2=-1,14,16,13,7,4,1,5,12,8,0,9,6
Dir3=-1,7,9,12,13,5,6,14,16,4,1,0,8
Dir5=-1,12,13,9,8,6,5,14,7,16,4,1,0
Dir6=-1,6,9,8,12,13,5,7,14,16,4,1,0
Dir7=-1,8,6,12,13,14,4,5,16,1,0,7,9
Line1=10,7,9,12,13,14,5,16,4,1,0,6,8
Line2=11,7,9,12,13,14,5,16,4,1,0,6,8
Line3=12,7,9,12,13,5,6,14,16,4,1,0,8
Line4=13,7,9,12,13,5,6,14,16,4,1,0,8
Line5=14,12,13,9,8,6,7,5,14,16,4,1,0
Line6=15,12,13,9,8,6,7,5,14,16,4,1,0
Line7=16,7,9,12,13,5,6,14,16,4,1,0,8
Line8=32,7,9,12,13,5,6,14,16,4,1,0,8
Line9=33,7,9,12,13,5,6,14,16,4,1,0,8
Line10=34,7,9,12,13,5,6,14,16,4,1,0,8
Line11=35,7,9,12,13,5,6,14,16,4,1,0,8
Line12=36,7,9,12,13,8,6,5,14,16,4,0,1
Line13=37,7,9,12,13,8,6,5,14,16,4,0,1
Line14=38,7,9,12,13,8,6,5,14,16,4,0,1
Line15=55,9,7,12,13,5,6,14,16,4,1,0,8
Line16=56,9,7,12,13,5,6,14,16,4,1,0,8
Line17=58,9,7,12,13,5,6,14,16,4,1,0,8
Line18=59,9,7,12,13,5,6,14,16,4,1,0,8
Line19=72,12,13,9,8,6,7,5,14,16,4,1,0
Line20=73,12,13,9,8,6,7,5,14,16,4,1,0
Line21=76,12,13,9,8,6,7,5,14,16,4,1,0
Line22=77,12,13,9,8,6,7,5,14,16,4,1,0
Line23=80,12,13,9,8,6,5,7,14,16,4,1,0
Line24=81,12,13,9,8,6,5,7,14,16,4,1,0
Line25=82,12,13,9,8,6,5,7,14,16,4,1,0
Line26=83,12,13,9,6,8,5,7,14,16,4,1,0
Line27=84,12,13,9,6,8,5,7,14,16,4,1,0
Line28=103,8,6,12,13,14,4,5,16,1,0,7,9
Line29=104,8,6,12,13,14,4,5,16,1,0,7,9
Line30=105,8,6,12,13,14,4,5,16,1,0,7,9
Line31=106,8,6,12,13,14,4,5,16,1,0,7,9
Line32=107,8,6,12,13,14,4,5,16,1,0,7,9
Line33=120,8,6,12,13,14,4,5,16,1,0,7,9
Line34=121,8,6,12,13,14,4,5,16,1,0,7,9
Line35=124,8,6,12,13,14,4,5,16,1,0,7,9
Line36=125,8,6,12,13,14,4,5,16,1,0,7,9
Line37=126,8,6,12,13,14,16,4,5,1,0,7,9
Line38=127,8,6,12,13,14,16,4,5,1,0,7,9
Line39=128,12,13,14,16,4,5,1,0,7,9,6,8
Line40=129,12,13,14,16,4,5,1,0,7,9,6,8
Line41=130,12,13,14,16,4,5,1,0,7,9,6,8
Line42=138,8,6,12,13,14,4,5,16,1,0,9,7
Line43=141,12,13,14,16,4,5,1,0,7,9,6,8
Line44=142,12,13,14,16,4,5,1,0,7,9,6,8
Line45=147,12,13,14,16,4,5,1,0,7,9,6,8
Line46=148,12,13,14,16,4,5,1,0,7,9,6,8
Line47=149,12,13,14,16,4,5,1,0,7,9,6,8
Line48=150,12,13,14,16,7,4,5,1,0,9,6,8
Line49=151,12,13,14,16,7,4,5,1,0,9,6,8
Line50=152,12,13,14,16,7,4,5,1,0,9,6,8
Line51=153,12,13,14,16,7,4,5,1,0,9,6,8
Line52=171,12,13,14,16,7,4,5,1,0,9,6,8
Line53=172,7,9,12,13,14,16,5,4,1,0,6,8
Line54=173,7,9,12,13,14,5,16,4,1,0,6,8
Line55=174,7,9,12,13,14,5,16,4,1,0,6,8
Line56=175,7,9,12,13,14,5,16,4,1,0,6,8
Line57=176,12,13,14,16,7,4,5,1,0,9,6,8

[GuqinWPuncture]
Dir1=-1,14,16,13,1,4,7,5,8,0,12,9,6
Dir2=-1,14,16,13,7,4,1,5,12,8,0,9,6
Dir3=-1,14,16,13,7,4,5,9,6,12,8,1,0
Dir4=-1,7,9,12,13,5,6,14,16,4,1,0,8
Dir5=-1,12,13,9,8,6,7,5,14,16,4,1,0
Dir6=-1,6,9,8,12,13,5,7,14,16,4,1,0
Dir7=-1,8,6,12,13,14,4,5,16,1,0,9,7
Dir8=-1,14,16,13,4,1,8,6,5,12,0,7,9
Line1=12,14,16,13,7,4,5,9,6,12,8,1,0
Line2=13,14,16,13,7,4,5,9,6,12,8,1,0
Line3=14,14,16,13,7,4,5,9,6,12,8,1,0
Line4=22,12,13,9,8,6,7,5,14,16,4,1,0
Line5=23,12,13,9,8,6,7,5,14,16,4,1,0
Line6=24,12,13,9,8,6,7,5,14,16,4,1,0
Line7=31,12,13,9,8,6,7,5,14,16,4,0,1
Line8=32,12,13,9,8,6,7,5,14,16,4,0,1
Line9=33,12,13,9,8,6,7,5,14,16,4,0,1
Line10=34,12,13,9,8,6,7,5,14,16,4,0,1
Line11=57,8,6,12,13,14,4,5,16,1,0,9,7
Line12=61,6,8,12,13,14,5,16,4,1,0,9,7
Line13=62,6,8,12,13,14,5,16,4,1,0,9,7
Line14=63,6,8,12,13,14,5,16,4,1,0,9,7
Line15=64,6,8,12,13,14,5,16,4,1,0,9,7
Line16=71,14,16,13,1,4,7,5,8,0,12,9,6
Line17=72,14,16,13,1,4,7,5,8,0,12,9,6
Line18=73,14,16,13,1,4,7,5,8,0,12,9,6
Line19=74,14,16,13,1,4,7,5,8,0,12,9,6

[GuqinWMagic]
Dir1=-1,14,16,13,1,4,7,5,6,8,0,12,9
Dir2=-1,14,16,13,7,4,1,5,12,8,0,9,6
Line1=34,7,12,13,14,5,16,4,1,0,6,8,9
Line2=35,14,16,13,7,4,1,5,12,6,8,0,9
Dir4=-1,7,9,12,13,5,6,14,16,4,1,0,8
Dir5=-1,12,13,9,8,6,7,5,14,16,4,1,0
Dir6=-1,6,9,8,12,13,5,7,14,16,4,1,0
Dir8=-1,14,16,13,4,1,8,6,5,12,0,7,9
Line3=31,7,12,13,14,5,16,4,1,0,6,8,9
Line4=36,7,9,12,13,14,5,16,4,1,0,6,8
Line5=38,12,13,9,8,6,7,5,14,16,4,1,0
Line6=39,12,13,9,8,6,7,5,14,16,4,1,0
Line7=40,12,13,9,8,6,7,5,14,16,4,1,0
Line8=41,12,13,9,8,6,7,5,14,16,4,1,0
Line9=72,8,6,12,13,14,4,5,16,1,0,9,7
Line10=83,8,6,12,13,14,5,16,4,1,0,7,9
