EqName	FreeStand1	FreeStand2	FreeStand3	MeleeWStand	RangeWStand	DoubleWStand	FreeWalk	NormalWalk	MeleeWWalk	RangeWWalk	DoubleWWalk	FreeRun	NormalRun	MeleeWRun	RangeWRun	DoubleWRun	FreeWound	MeleeWWound	RangeWWound	DoubleWWound	FreeDie	MeleeWDie	RangeWDie	DoubleWDie	FreeAttack	MeleeWPuncture	MeleeWCut	RangeWPuncture	RangeWCut	DoubleWPull	DoubleWPound	DartThrow	FreeMagic	MeleeWMagic	RangeWMagic	DoubleWMagic	SitDown	Jump	RideStand	RideWalk	RideRun	RideCut	RidePuncture	RideMagic	RideWound	RideDie	RideStand1	RideStand2
Th©n th” 01	80,8,1	80,8,1	80,8,1	96,8,1	64,8,1	64,8,1	96,8,1	96,8,1	96,8,1	96,8,1	96,8,1	96,8,1	96,8,1	96,8,1	96,8,1	96,8,1	64,8,1	64,8,1	48,8,1	48,8,1	20,1,1	20,1,1	20,1,1	20,1,1	96,8,1	104,8,1	104,8,1	104,8,1	104,8,1	96,8,1	96,8,1	96,8,1	96,8,1	104,8,1	104,8,1	96,8,1	96,8,1	112,8,1	112,8,1	80,8,1	80,8,1	96,8,1	96,8,1	96,8,1	48,8,1	20,1,1	112,8,1	112,8,1
Th©n th” 02	80,8,1	80,8,1	80,8,1	96,8,1	64,8,1	64,8,1	96,8,1	96,8,1	96,8,1	96,8,1	96,8,1	96,8,1	96,8,1	96,8,1	96,8,1	96,8,1	64,8,1	64,8,1	48,8,1	48,8,1	20,1,1	20,1,1	20,1,1	20,1,1	96,8,1	104,8,1	104,8,1	104,8,1	104,8,1	96,8,1	96,8,1	96,8,1	96,8,1	104,8,1	104,8,1	96,8,1	96,8,1	112,8,1	112,8,1	80,8,1	80,8,1	96,8,1	96,8,1	96,8,1	48,8,1	20,1,1	112,8,1	112,8,1
Th©n th” 03	80,8,1	80,8,1	80,8,1	96,8,1	64,8,1	64,8,1	96,8,1	96,8,1	96,8,1	96,8,1	96,8,1	96,8,1	96,8,1	96,8,1	96,8,1	96,8,1	64,8,1	64,8,1	48,8,1	48,8,1	20,1,1	20,1,1	20,1,1	20,1,1	96,8,1	104,8,1	104,8,1	104,8,1	104,8,1	96,8,1	96,8,1	96,8,1	96,8,1	104,8,1	104,8,1	96,8,1	96,8,1	112,8,1	112,8,1	80,8,1	80,8,1	96,8,1	96,8,1	96,8,1	48,8,1	20,1,1	112,8,1	112,8,1
Th©n th” 04	80,8,1	80,8,1	80,8,1	96,8,1	64,8,1	64,8,1	96,8,1	96,8,1	96,8,1	96,8,1	96,8,1	96,8,1	96,8,1	96,8,1	96,8,1	96,8,1	64,8,1	64,8,1	48,8,1	48,8,1	20,1,1	20,1,1	20,1,1	20,1,1	96,8,1	104,8,1	104,8,1	104,8,1	104,8,1	96,8,1	96,8,1	96,8,1	96,8,1	104,8,1	104,8,1	96,8,1	96,8,1	112,8,1	112,8,1	80,8,1	80,8,1	96,8,1	96,8,1	96,8,1	48,8,1	20,1,1	112,8,1	112,8,1
Th©n th” 05	80,8,1	80,8,1	80,8,1	96,8,1	64,8,1	64,8,1	96,8,1	96,8,1	96,8,1	96,8,1	96,8,1	96,8,1	96,8,1	96,8,1	96,8,1	96,8,1	64,8,1	64,8,1	48,8,1	48,8,1	20,1,1	20,1,1	20,1,1	20,1,1	96,8,1	104,8,1	104,8,1	104,8,1	104,8,1	96,8,1	96,8,1	96,8,1	96,8,1	104,8,1	104,8,1	96,8,1	96,8,1	112,8,1	112,8,1	80,8,1	80,8,1	96,8,1	96,8,1	96,8,1	48,8,1	20,1,1	112,8,1	112,8,1
Th©n th” 06	80,8,1	80,8,1	80,8,1	96,8,1	64,8,1	64,8,1	96,8,1	96,8,1	96,8,1	96,8,1	96,8,1	96,8,1	96,8,1	96,8,1	96,8,1	96,8,1	64,8,1	64,8,1	48,8,1	48,8,1	20,1,1	20,1,1	20,1,1	20,1,1	96,8,1	104,8,1	104,8,1	104,8,1	104,8,1	96,8,1	96,8,1	96,8,1	96,8,1	104,8,1	104,8,1	96,8,1	96,8,1	112,8,1	112,8,1	80,8,1	80,8,1	96,8,1	96,8,1	96,8,1	48,8,1	20,1,1	112,8,1	112,8,1
Th©n th” 07	80,8,1	80,8,1	80,8,1	96,8,1	64,8,1	64,8,1	96,8,1	96,8,1	96,8,1	96,8,1	96,8,1	96,8,1	96,8,1	96,8,1	96,8,1	96,8,1	64,8,1	64,8,1	48,8,1	48,8,1	20,1,1	20,1,1	20,1,1	20,1,1	96,8,1	104,8,1	104,8,1	104,8,1	104,8,1	96,8,1	96,8,1	96,8,1	96,8,1	104,8,1	104,8,1	96,8,1	96,8,1	112,8,1	112,8,1	80,8,1	80,8,1	96,8,1	96,8,1	96,8,1	48,8,1	20,1,1	112,8,1	112,8,1
Th©n th” 08	80,8,1	80,8,1	80,8,1	96,8,1	64,8,1	64,8,1	96,8,1	96,8,1	96,8,1	96,8,1	96,8,1	96,8,1	96,8,1	96,8,1	96,8,1	96,8,1	64,8,1	64,8,1	48,8,1	48,8,1	20,1,1	20,1,1	20,1,1	20,1,1	96,8,1	104,8,1	104,8,1	104,8,1	104,8,1	96,8,1	96,8,1	96,8,1	96,8,1	104,8,1	104,8,1	96,8,1	96,8,1	112,8,1	112,8,1	80,8,1	80,8,1	96,8,1	96,8,1	96,8,1	48,8,1	20,1,1	112,8,1	112,8,1
Th©n th” 09	80,8,1	80,8,1	80,8,1	96,8,1	64,8,1	64,8,1	96,8,1	96,8,1	96,8,1	96,8,1	96,8,1	96,8,1	96,8,1	96,8,1	96,8,1	96,8,1	64,8,1	64,8,1	48,8,1	48,8,1	20,1,1	20,1,1	20,1,1	20,1,1	96,8,1	104,8,1	104,8,1	104,8,1	104,8,1	96,8,1	96,8,1	96,8,1	96,8,1	104,8,1	104,8,1	96,8,1	96,8,1	112,8,1	112,8,1	80,8,1	80,8,1	96,8,1	96,8,1	96,8,1	48,8,1	20,1,1	112,8,1	112,8,1
Th©n th” 10	80,8,1	80,8,1	80,8,1	96,8,1	64,8,1	64,8,1	96,8,1	96,8,1	96,8,1	96,8,1	96,8,1	96,8,1	96,8,1	96,8,1	96,8,1	96,8,1	64,8,1	64,8,1	48,8,1	48,8,1	20,1,1	20,1,1	20,1,1	20,1,1	96,8,1	104,8,1	104,8,1	104,8,1	104,8,1	96,8,1	96,8,1	96,8,1	96,8,1	104,8,1	104,8,1	96,8,1	96,8,1	112,8,1	112,8,1	80,8,1	80,8,1	96,8,1	96,8,1	96,8,1	48,8,1	20,1,1	112,8,1	112,8,1
Th©n th” 11	80,8,1	80,8,1	80,8,1	96,8,1	64,8,1	64,8,1	96,8,1	96,8,1	96,8,1	96,8,1	96,8,1	96,8,1	96,8,1	96,8,1	96,8,1	96,8,1	64,8,1	64,8,1	48,8,1	48,8,1	20,1,1	20,1,1	20,1,1	20,1,1	96,8,1	104,8,1	104,8,1	104,8,1	104,8,1	96,8,1	96,8,1	96,8,1	96,8,1	104,8,1	104,8,1	96,8,1	96,8,1	112,8,1	112,8,1	80,8,1	80,8,1	96,8,1	96,8,1	96,8,1	48,8,1	20,1,1	112,8,1	112,8,1
Th©n th” 12	80,8,1	80,8,1	80,8,1	96,8,1	64,8,1	64,8,1	96,8,1	96,8,1	96,8,1	96,8,1	96,8,1	96,8,1	96,8,1	96,8,1	96,8,1	96,8,1	64,8,1	64,8,1	48,8,1	48,8,1	20,1,1	20,1,1	20,1,1	20,1,1	96,8,1	104,8,1	104,8,1	104,8,1	104,8,1	96,8,1	96,8,1	96,8,1	96,8,1	104,8,1	104,8,1	96,8,1	96,8,1	112,8,1	112,8,1	80,8,1	80,8,1	96,8,1	96,8,1	96,8,1	48,8,1	20,1,1	112,8,1	112,8,1
Th©n th” 13	80,8,1	80,8,1	80,8,1	96,8,1	64,8,1	64,8,1	96,8,1	96,8,1	96,8,1	96,8,1	96,8,1	96,8,1	96,8,1	96,8,1	96,8,1	96,8,1	64,8,1	64,8,1	48,8,1	48,8,1	20,1,1	20,1,1	20,1,1	20,1,1	96,8,1	104,8,1	104,8,1	104,8,1	104,8,1	96,8,1	96,8,1	96,8,1	96,8,1	104,8,1	104,8,1	96,8,1	96,8,1	112,8,1	112,8,1	80,8,1	80,8,1	96,8,1	96,8,1	96,8,1	48,8,1	20,1,1	112,8,1	112,8,1
Th©n th” 14	80,8,1	80,8,1	80,8,1	96,8,1	64,8,1	64,8,1	96,8,1	96,8,1	96,8,1	96,8,1	96,8,1	96,8,1	96,8,1	96,8,1	96,8,1	96,8,1	64,8,1	64,8,1	48,8,1	48,8,1	20,1,1	20,1,1	20,1,1	20,1,1	96,8,1	104,8,1	104,8,1	104,8,1	104,8,1	96,8,1	96,8,1	96,8,1	96,8,1	104,8,1	104,8,1	96,8,1	96,8,1	112,8,1	112,8,1	80,8,1	80,8,1	96,8,1	96,8,1	96,8,1	48,8,1	20,1,1	112,8,1	112,8,1
Th©n th” 15	80,8,1	80,8,1	80,8,1	96,8,1	64,8,1	64,8,1	96,8,1	96,8,1	96,8,1	96,8,1	96,8,1	96,8,1	96,8,1	96,8,1	96,8,1	96,8,1	64,8,1	64,8,1	48,8,1	48,8,1	20,1,1	20,1,1	20,1,1	20,1,1	96,8,1	104,8,1	104,8,1	104,8,1	104,8,1	96,8,1	96,8,1	96,8,1	96,8,1	104,8,1	104,8,1	96,8,1	96,8,1	112,8,1	112,8,1	80,8,1	80,8,1	96,8,1	96,8,1	96,8,1	48,8,1	20,1,1	112,8,1	112,8,1
Th©n th” 16	80,8,1	80,8,1	80,8,1	96,8,1	64,8,1	64,8,1	96,8,1	96,8,1	96,8,1	96,8,1	96,8,1	96,8,1	96,8,1	96,8,1	96,8,1	96,8,1	64,8,1	64,8,1	48,8,1	48,8,1	20,1,1	20,1,1	20,1,1	20,1,1	96,8,1	104,8,1	104,8,1	104,8,1	104,8,1	96,8,1	96,8,1	96,8,1	96,8,1	104,8,1	104,8,1	96,8,1	96,8,1	112,8,1	112,8,1	80,8,1	80,8,1	96,8,1	96,8,1	96,8,1	48,8,1	20,1,1	112,8,1	112,8,1
Th©n th” 17	80,8,1	80,8,1	80,8,1	96,8,1	64,8,1	64,8,1	96,8,1	96,8,1	96,8,1	96,8,1	96,8,1	96,8,1	96,8,1	96,8,1	96,8,1	96,8,1	64,8,1	64,8,1	48,8,1	48,8,1	20,1,1	20,1,1	20,1,1	20,1,1	96,8,1	104,8,1	104,8,1	104,8,1	104,8,1	96,8,1	96,8,1	96,8,1	96,8,1	104,8,1	104,8,1	96,8,1	96,8,1	112,8,1	112,8,1	80,8,1	80,8,1	96,8,1	96,8,1	96,8,1	48,8,1	20,1,1	112,8,1	112,8,1
Th©n th” 18	80,8,1	80,8,1	80,8,1	96,8,1	64,8,1	64,8,1	96,8,1	96,8,1	96,8,1	96,8,1	96,8,1	96,8,1	96,8,1	96,8,1	96,8,1	96,8,1	64,8,1	64,8,1	48,8,1	48,8,1	20,1,1	20,1,1	20,1,1	20,1,1	96,8,1	104,8,1	104,8,1	104,8,1	104,8,1	96,8,1	96,8,1	96,8,1	96,8,1	104,8,1	104,8,1	96,8,1	96,8,1	112,8,1	112,8,1	80,8,1	80,8,1	96,8,1	96,8,1	96,8,1	48,8,1	20,1,1	112,8,1	112,8,1
Th©n th” 19	80,8,1	80,8,1	80,8,1	96,8,1	64,8,1	64,8,1	96,8,1	96,8,1	96,8,1	96,8,1	96,8,1	96,8,1	96,8,1	96,8,1	96,8,1	96,8,1	64,8,1	64,8,1	48,8,1	48,8,1	20,1,1	20,1,1	20,1,1	20,1,1	96,8,1	104,8,1	104,8,1	104,8,1	104,8,1	96,8,1	96,8,1	96,8,1	96,8,1	104,8,1	104,8,1	96,8,1	96,8,1	112,8,1	112,8,1	80,8,1	80,8,1	96,8,1	96,8,1	96,8,1	48,8,1	20,1,1	112,8,1	112,8,1
Th©n th” 20	80,8,1	80,8,1	80,8,1	96,8,1	64,8,1	64,8,1	96,8,1	96,8,1	96,8,1	96,8,1	96,8,1	96,8,1	96,8,1	96,8,1	96,8,1	96,8,1	64,8,1	64,8,1	48,8,1	48,8,1	20,1,1	20,1,1	20,1,1	20,1,1	96,8,1	104,8,1	104,8,1	104,8,1	104,8,1	96,8,1	96,8,1	96,8,1	96,8,1	104,8,1	104,8,1	96,8,1	96,8,1	112,8,1	112,8,1	80,8,1	80,8,1	96,8,1	96,8,1	96,8,1	48,8,1	20,1,1	112,8,1	112,8,1
Th©n th” 21	80,8,1	80,8,1	80,8,1	96,8,1	64,8,1	64,8,1	96,8,1	96,8,1	96,8,1	96,8,1	96,8,1	96,8,1	96,8,1	96,8,1	96,8,1	96,8,1	64,8,1	64,8,1	48,8,1	48,8,1	20,1,1	20,1,1	20,1,1	20,1,1	96,8,1	104,8,1	104,8,1	104,8,1	104,8,1	96,8,1	96,8,1	96,8,1	96,8,1	104,8,1	104,8,1	96,8,1	96,8,1	112,8,1	112,8,1	80,8,1	80,8,1	96,8,1	96,8,1	96,8,1	48,8,1	20,1,1	112,8,1	112,8,1
Th©n th” 22	80,8,1	80,8,1	80,8,1	96,8,1	64,8,1	64,8,1	96,8,1	96,8,1	96,8,1	96,8,1	96,8,1	96,8,1	96,8,1	96,8,1	96,8,1	96,8,1	64,8,1	64,8,1	48,8,1	48,8,1	20,1,1	20,1,1	20,1,1	20,1,1	96,8,1	104,8,1	104,8,1	104,8,1	104,8,1	96,8,1	96,8,1	96,8,1	96,8,1	104,8,1	104,8,1	96,8,1	96,8,1	112,8,1	112,8,1	80,8,1	80,8,1	96,8,1	96,8,1	96,8,1	48,8,1	20,1,1	112,8,1	112,8,1
Th©n th” 23	80,8,1	80,8,1	80,8,1	96,8,1	64,8,1	64,8,1	96,8,1	96,8,1	96,8,1	96,8,1	96,8,1	96,8,1	96,8,1	96,8,1	96,8,1	96,8,1	64,8,1	64,8,1	48,8,1	48,8,1	20,1,1	20,1,1	20,1,1	20,1,1	96,8,1	104,8,1	104,8,1	104,8,1	104,8,1	96,8,1	96,8,1	96,8,1	96,8,1	104,8,1	104,8,1	96,8,1	96,8,1	112,8,1	112,8,1	80,8,1	80,8,1	96,8,1	96,8,1	96,8,1	48,8,1	20,1,1	112,8,1	112,8,1
Th©n th” 24	80,8,1	80,8,1	80,8,1	96,8,1	64,8,1	64,8,1	96,8,1	96,8,1	96,8,1	96,8,1	96,8,1	96,8,1	96,8,1	96,8,1	96,8,1	96,8,1	64,8,1	64,8,1	48,8,1	48,8,1	20,1,1	20,1,1	20,1,1	20,1,1	96,8,1	104,8,1	104,8,1	104,8,1	104,8,1	96,8,1	96,8,1	96,8,1	96,8,1	104,8,1	104,8,1	96,8,1	96,8,1	112,8,1	112,8,1	80,8,1	80,8,1	96,8,1	96,8,1	96,8,1	48,8,1	20,1,1	112,8,1	112,8,1
Th©n th” 25	80,8,1	80,8,1	80,8,1	96,8,1	64,8,1	64,8,1	96,8,1	96,8,1	96,8,1	96,8,1	96,8,1	96,8,1	96,8,1	96,8,1	96,8,1	96,8,1	64,8,1	64,8,1	48,8,1	48,8,1	20,1,1	20,1,1	20,1,1	20,1,1	96,8,1	104,8,1	104,8,1	104,8,1	104,8,1	96,8,1	96,8,1	96,8,1	96,8,1	104,8,1	104,8,1	96,8,1	96,8,1	112,8,1	112,8,1	80,8,1	80,8,1	96,8,1	96,8,1	96,8,1	48,8,1	20,1,1	112,8,1	112,8,1
Th©n th” 26	80,8,1	80,8,1	80,8,1	96,8,1	64,8,1	64,8,1	96,8,1	96,8,1	96,8,1	96,8,1	96,8,1	96,8,1	96,8,1	96,8,1	96,8,1	96,8,1	64,8,1	64,8,1	48,8,1	48,8,1	20,1,1	20,1,1	20,1,1	20,1,1	96,8,1	104,8,1	104,8,1	104,8,1	104,8,1	96,8,1	96,8,1	96,8,1	96,8,1	104,8,1	104,8,1	96,8,1	96,8,1	112,8,1	112,8,1	80,8,1	80,8,1	96,8,1	96,8,1	96,8,1	48,8,1	20,1,1	112,8,1	112,8,1
Th©n th” 27	80,8,1	80,8,1	80,8,1	96,8,1	64,8,1	64,8,1	96,8,1	96,8,1	96,8,1	96,8,1	96,8,1	96,8,1	96,8,1	96,8,1	96,8,1	96,8,1	64,8,1	64,8,1	48,8,1	48,8,1	20,1,1	20,1,1	20,1,1	20,1,1	96,8,1	104,8,1	104,8,1	104,8,1	104,8,1	96,8,1	96,8,1	96,8,1	96,8,1	104,8,1	104,8,1	96,8,1	96,8,1	112,8,1	112,8,1	80,8,1	80,8,1	96,8,1	96,8,1	96,8,1	48,8,1	20,1,1	112,8,1	112,8,1
Th©n th” 28	80,8,1	80,8,1	80,8,1	96,8,1	64,8,1	64,8,1	96,8,1	96,8,1	96,8,1	96,8,1	96,8,1	96,8,1	96,8,1	96,8,1	96,8,1	96,8,1	64,8,1	64,8,1	48,8,1	48,8,1	20,1,1	20,1,1	20,1,1	20,1,1	96,8,1	104,8,1	104,8,1	104,8,1	104,8,1	96,8,1	96,8,1	96,8,1	96,8,1	104,8,1	104,8,1	96,8,1	96,8,1	112,8,1	112,8,1	80,8,1	80,8,1	96,8,1	96,8,1	96,8,1	48,8,1	20,1,1	112,8,1	112,8,1
Th©n th” 29	80,8,1	80,8,1	80,8,1	96,8,1	64,8,1	64,8,1	96,8,1	96,8,1	96,8,1	96,8,1	96,8,1	96,8,1	96,8,1	96,8,1	96,8,1	96,8,1	64,8,1	64,8,1	48,8,1	48,8,1	20,1,1	20,1,1	20,1,1	20,1,1	96,8,1	104,8,1	104,8,1	104,8,1	104,8,1	96,8,1	96,8,1	96,8,1	96,8,1	104,8,1	104,8,1	96,8,1	96,8,1	112,8,1	112,8,1	80,8,1	80,8,1	96,8,1	96,8,1	96,8,1	48,8,1	20,1,1	112,8,1	112,8,1
Th©n th” 30	80,8,1	80,8,1	80,8,1	96,8,1	64,8,1	64,8,1	96,8,1	96,8,1	96,8,1	96,8,1	96,8,1	96,8,1	96,8,1	96,8,1	96,8,1	96,8,1	64,8,1	64,8,1	48,8,1	48,8,1	20,1,1	20,1,1	20,1,1	20,1,1	96,8,1	104,8,1	104,8,1	104,8,1	104,8,1	96,8,1	96,8,1	96,8,1	96,8,1	104,8,1	104,8,1	96,8,1	96,8,1	112,8,1	112,8,1	80,8,1	80,8,1	96,8,1	96,8,1	96,8,1	48,8,1	20,1,1	112,8,1	112,8,1
Th©n th” 31	80,8,1	80,8,1	80,8,1	96,8,1	64,8,1	64,8,1	96,8,1	96,8,1	96,8,1	96,8,1	96,8,1	96,8,1	96,8,1	96,8,1	96,8,1	96,8,1	64,8,1	64,8,1	48,8,1	48,8,1	20,1,1	20,1,1	20,1,1	20,1,1	96,8,1	104,8,1	104,8,1	104,8,1	104,8,1	96,8,1	96,8,1	96,8,1	96,8,1	104,8,1	104,8,1	96,8,1	96,8,1	112,8,1	112,8,1	80,8,1	80,8,1	96,8,1	96,8,1	96,8,1	48,8,1	20,1,1	112,8,1	112,8,1
Th©n th” 32	80,8,1	80,8,1	80,8,1	96,8,1	64,8,1	64,8,1	96,8,1	96,8,1	96,8,1	96,8,1	96,8,1	96,8,1	96,8,1	96,8,1	96,8,1	96,8,1	64,8,1	64,8,1	48,8,1	48,8,1	20,1,1	20,1,1	20,1,1	20,1,1	96,8,1	104,8,1	104,8,1	104,8,1	104,8,1	96,8,1	96,8,1	96,8,1	96,8,1	104,8,1	104,8,1	96,8,1	96,8,1	112,8,1	112,8,1	80,8,1	80,8,1	96,8,1	96,8,1	96,8,1	48,8,1	20,1,1	112,8,1	112,8,1
Th©n th” 33	80,8,1	80,8,1	80,8,1	96,8,1	64,8,1	64,8,1	96,8,1	96,8,1	96,8,1	96,8,1	96,8,1	96,8,1	96,8,1	96,8,1	96,8,1	96,8,1	64,8,1	64,8,1	48,8,1	48,8,1	20,1,1	20,1,1	20,1,1	20,1,1	96,8,1	104,8,1	104,8,1	104,8,1	104,8,1	96,8,1	96,8,1	96,8,1	96,8,1	104,8,1	104,8,1	96,8,1	96,8,1	112,8,1	112,8,1	80,8,1	80,8,1	96,8,1	96,8,1	96,8,1	48,8,1	20,1,1	112,8,1	112,8,1
Th©n th” 34	80,8,1	80,8,1	80,8,1	96,8,1	64,8,1	64,8,1	96,8,1	96,8,1	96,8,1	96,8,1	96,8,1	96,8,1	96,8,1	96,8,1	96,8,1	96,8,1	64,8,1	64,8,1	48,8,1	48,8,1	20,1,1	20,1,1	20,1,1	20,1,1	96,8,1	104,8,1	104,8,1	104,8,1	104,8,1	96,8,1	96,8,1	96,8,1	96,8,1	104,8,1	104,8,1	96,8,1	96,8,1	112,8,1	112,8,1	80,8,1	80,8,1	96,8,1	96,8,1	96,8,1	48,8,1	20,1,1	112,8,1	112,8,1
Th©n th” 35	80,8,1	80,8,1	80,8,1	96,8,1	64,8,1	64,8,1	96,8,1	96,8,1	96,8,1	96,8,1	96,8,1	96,8,1	96,8,1	96,8,1	96,8,1	96,8,1	64,8,1	64,8,1	48,8,1	48,8,1	20,1,1	20,1,1	20,1,1	20,1,1	96,8,1	104,8,1	104,8,1	104,8,1	104,8,1	96,8,1	96,8,1	96,8,1	96,8,1	104,8,1	104,8,1	96,8,1	96,8,1	112,8,1	112,8,1	80,8,1	80,8,1	96,8,1	96,8,1	96,8,1	48,8,1	20,1,1	112,8,1	112,8,1
Th©n th” 36	80,8,1	80,8,1	80,8,1	96,8,1	64,8,1	64,8,1	96,8,1	96,8,1	96,8,1	96,8,1	96,8,1	96,8,1	96,8,1	96,8,1	96,8,1	96,8,1	64,8,1	64,8,1	48,8,1	48,8,1	20,1,1	20,1,1	20,1,1	20,1,1	96,8,1	104,8,1	104,8,1	104,8,1	104,8,1	96,8,1	96,8,1	96,8,1	96,8,1	104,8,1	104,8,1	96,8,1	96,8,1	112,8,1	112,8,1	80,8,1	80,8,1	96,8,1	96,8,1	96,8,1	48,8,1	20,1,1	112,8,1	112,8,1
Th©n th” 37	80,8,1	80,8,1	80,8,1	96,8,1	64,8,1	64,8,1	96,8,1	96,8,1	96,8,1	96,8,1	96,8,1	96,8,1	96,8,1	96,8,1	96,8,1	96,8,1	64,8,1	64,8,1	48,8,1	48,8,1	20,1,1	20,1,1	20,1,1	20,1,1	96,8,1	104,8,1	104,8,1	104,8,1	104,8,1	96,8,1	96,8,1	96,8,1	96,8,1	104,8,1	104,8,1	96,8,1	96,8,1	112,8,1	112,8,1	80,8,1	80,8,1	96,8,1	96,8,1	96,8,1	48,8,1	20,1,1	112,8,1	112,8,1
Th©n th” 38	80,8,1	80,8,1	80,8,1	96,8,1	64,8,1	64,8,1	96,8,1	96,8,1	96,8,1	96,8,1	96,8,1	96,8,1	96,8,1	96,8,1	96,8,1	96,8,1	64,8,1	64,8,1	48,8,1	48,8,1	20,1,1	20,1,1	20,1,1	20,1,1	96,8,1	104,8,1	104,8,1	104,8,1	104,8,1	96,8,1	96,8,1	96,8,1	96,8,1	104,8,1	104,8,1	96,8,1	96,8,1	112,8,1	112,8,1	80,8,1	80,8,1	96,8,1	96,8,1	96,8,1	48,8,1	20,1,1	112,8,1	112,8,1
Th©n th” 39	80,8,1	80,8,1	80,8,1	96,8,1	64,8,1	64,8,1	96,8,1	96,8,1	96,8,1	96,8,1	96,8,1	96,8,1	96,8,1	96,8,1	96,8,1	96,8,1	64,8,1	64,8,1	48,8,1	48,8,1	20,1,1	20,1,1	20,1,1	20,1,1	96,8,1	104,8,1	104,8,1	104,8,1	104,8,1	96,8,1	96,8,1	96,8,1	96,8,1	104,8,1	104,8,1	96,8,1	96,8,1	112,8,1	112,8,1	80,8,1	80,8,1	96,8,1	96,8,1	96,8,1	48,8,1	20,1,1	112,8,1	112,8,1
Th©n th” 40	80,8,1	80,8,1	80,8,1	96,8,1	64,8,1	64,8,1	96,8,1	96,8,1	96,8,1	96,8,1	96,8,1	96,8,1	96,8,1	96,8,1	96,8,1	96,8,1	64,8,1	64,8,1	48,8,1	48,8,1	20,1,1	20,1,1	20,1,1	20,1,1	96,8,1	104,8,1	104,8,1	104,8,1	104,8,1	96,8,1	96,8,1	96,8,1	96,8,1	104,8,1	104,8,1	96,8,1	96,8,1	112,8,1	112,8,1	80,8,1	80,8,1	96,8,1	96,8,1	96,8,1	48,8,1	20,1,1	112,8,1	112,8,1
Th©n th” 41	80,8,1	80,8,1	80,8,1	96,8,1	64,8,1	64,8,1	96,8,1	96,8,1	96,8,1	96,8,1	96,8,1	96,8,1	96,8,1	96,8,1	96,8,1	96,8,1	64,8,1	64,8,1	48,8,1	48,8,1	20,1,1	20,1,1	20,1,1	20,1,1	96,8,1	104,8,1	104,8,1	104,8,1	104,8,1	96,8,1	96,8,1	96,8,1	96,8,1	104,8,1	104,8,1	96,8,1	96,8,1	112,8,1	112,8,1	80,8,1	80,8,1	96,8,1	96,8,1	96,8,1	48,8,1	20,1,1	112,8,1	112,8,1
Th©n th” 42	80,8,1	80,8,1	80,8,1	96,8,1	64,8,1	64,8,1	96,8,1	96,8,1	96,8,1	96,8,1	96,8,1	96,8,1	96,8,1	96,8,1	96,8,1	96,8,1	64,8,1	64,8,1	48,8,1	48,8,1	20,1,1	20,1,1	20,1,1	20,1,1	96,8,1	104,8,1	104,8,1	104,8,1	104,8,1	96,8,1	96,8,1	96,8,1	96,8,1	104,8,1	104,8,1	96,8,1	96,8,1	112,8,1	112,8,1	80,8,1	80,8,1	96,8,1	96,8,1	96,8,1	48,8,1	20,1,1	112,8,1	112,8,1
Th©n th” 43																	64,8,1	64,8,1	48,8,1	48,8,1	20,1,1	20,1,1	20,1,1	20,1,1	96,8,1	104,8,1	104,8,1	104,8,1	104,8,1	96,8,1	96,8,1	96,8,1	96,8,1	104,8,1	104,8,1	96,8,1		112,8,1	112,8,1	80,8,1	80,8,1	96,8,1	96,8,1	96,8,1	48,8,1	20,1,1	112,8,1	112,8,1
Th©n th” 44																	64,8,1	64,8,1	48,8,1	48,8,1	20,1,1	20,1,1	20,1,1	20,1,1	96,8,1	104,8,1	104,8,1	104,8,1	104,8,1	96,8,1	96,8,1	96,8,1	96,8,1	104,8,1	104,8,1	96,8,1		112,8,1	112,8,1	80,8,1	80,8,1	96,8,1	96,8,1	96,8,1	48,8,1	20,1,1	112,8,1	112,8,1
Th©n th” 45																	64,8,1	64,8,1	48,8,1	48,8,1	20,1,1	20,1,1	20,1,1	20,1,1	96,8,1	104,8,1	104,8,1	104,8,1	104,8,1	96,8,1	96,8,1	96,8,1	96,8,1	104,8,1	104,8,1	96,8,1		112,8,1	112,8,1	80,8,1	80,8,1	96,8,1	96,8,1	96,8,1	48,8,1	20,1,1	112,8,1	112,8,1
Th©n th” 46																	64,8,1	64,8,1	48,8,1	48,8,1	20,1,1	20,1,1	20,1,1	20,1,1	96,8,1	104,8,1	104,8,1	104,8,1	104,8,1	96,8,1	96,8,1	96,8,1	96,8,1	104,8,1	104,8,1	96,8,1		112,8,1	112,8,1	80,8,1	80,8,1	96,8,1	96,8,1	96,8,1	48,8,1	20,1,1	112,8,1	112,8,1
«˚ÃÂ47	80,8,1	80,8,1	80,8,1	96,8,1	64,8,1	64,8,1	96,8,1	96,8,1	96,8,1	96,8,1	96,8,1	96,8,1	96,8,1	96,8,1	96,8,1	96,8,1	64,8,1	64,8,1	48,8,1	48,8,1	20,1,1	20,1,1	20,1,1	20,1,1	96,8,1	104,8,1	104,8,1	104,8,1	104,8,1	96,8,1	96,8,1	96,8,1	96,8,1	104,8,1	104,8,1	96,8,1	96,8,1	112,8,1	112,8,1	80,8,1	80,8,1	96,8,1	96,8,1	96,8,1	48,8,1	20,1,1	112,8,1	112,8,1
«˚ÃÂ48…Ÿ¡÷	80,8,1	80,8,1	80,8,1	96,8,1	64,8,1	64,8,1	96,8,1	96,8,1	96,8,1	96,8,1	96,8,1	96,8,1	96,8,1	96,8,1	96,8,1	96,8,1	64,8,1	64,8,1	48,8,1	48,8,1	20,1,1	20,1,1	20,1,1	20,1,1	96,8,1	104,8,1	104,8,1	104,8,1	104,8,1	96,8,1	96,8,1	96,8,1	96,8,1	104,8,1	104,8,1	96,8,1	96,8,1	112,8,1	112,8,1	80,8,1	80,8,1	96,8,1	96,8,1	96,8,1	48,8,1	20,1,1	112,8,1	112,8,1
«˚ÃÂ49ÃÏÕı	80,8,1	80,8,1	80,8,1	96,8,1	64,8,1	64,8,1	96,8,1	96,8,1	96,8,1	96,8,1	96,8,1	96,8,1	96,8,1	96,8,1	96,8,1	96,8,1	64,8,1	64,8,1	48,8,1	48,8,1	20,1,1	20,1,1	20,1,1	20,1,1	96,8,1	104,8,1	104,8,1	104,8,1	104,8,1	96,8,1	96,8,1	96,8,1	96,8,1	104,8,1	104,8,1	96,8,1	96,8,1	112,8,1	112,8,1	80,8,1	80,8,1	96,8,1	96,8,1	96,8,1	48,8,1	20,1,1	112,8,1	112,8,1
«˚ÃÂ50∂Î√º¥‰—Ã	80,8,1	80,8,1	80,8,1	96,8,1	64,8,1	64,8,1	96,8,1	96,8,1	96,8,1	96,8,1	96,8,1	96,8,1	96,8,1	96,8,1	96,8,1	96,8,1	64,8,1	64,8,1	48,8,1	48,8,1	20,1,1	20,1,1	20,1,1	20,1,1	96,8,1	104,8,1	104,8,1	104,8,1	104,8,1	96,8,1	96,8,1	96,8,1	96,8,1	104,8,1	104,8,1	96,8,1	96,8,1	112,8,1	112,8,1	80,8,1	80,8,1	96,8,1	96,8,1	96,8,1	48,8,1	20,1,1	112,8,1	112,8,1
«˚ÃÂ51ŒÂ∂æÃ∆√≈	80,8,1	80,8,1	80,8,1	96,8,1	64,8,1	64,8,1	96,8,1	96,8,1	96,8,1	96,8,1	96,8,1	96,8,1	96,8,1	96,8,1	96,8,1	96,8,1	64,8,1	64,8,1	48,8,1	48,8,1	20,1,1	20,1,1	20,1,1	20,1,1	96,8,1	104,8,1	104,8,1	104,8,1	104,8,1	96,8,1	96,8,1	96,8,1	96,8,1	104,8,1	104,8,1	96,8,1	96,8,1	112,8,1	112,8,1	80,8,1	80,8,1	96,8,1	96,8,1	96,8,1	48,8,1	20,1,1	112,8,1	112,8,1
«˚ÃÂ52ÿ§∞Ô	80,8,1	80,8,1	80,8,1	96,8,1	64,8,1	64,8,1	96,8,1	96,8,1	96,8,1	96,8,1	96,8,1	96,8,1	96,8,1	96,8,1	96,8,1	96,8,1	64,8,1	64,8,1	48,8,1	48,8,1	20,1,1	20,1,1	20,1,1	20,1,1	96,8,1	104,8,1	104,8,1	104,8,1	104,8,1	96,8,1	96,8,1	96,8,1	96,8,1	104,8,1	104,8,1	96,8,1	96,8,1	112,8,1	112,8,1	80,8,1	80,8,1	96,8,1	96,8,1	96,8,1	48,8,1	20,1,1	112,8,1	112,8,1
«˚ÃÂ53ÃÏ»Ã	80,8,1	80,8,1	80,8,1	96,8,1	64,8,1	64,8,1	96,8,1	96,8,1	96,8,1	96,8,1	96,8,1	96,8,1	96,8,1	96,8,1	96,8,1	96,8,1	64,8,1	64,8,1	48,8,1	48,8,1	20,1,1	20,1,1	20,1,1	20,1,1	96,8,1	104,8,1	104,8,1	104,8,1	104,8,1	96,8,1	96,8,1	96,8,1	96,8,1	104,8,1	104,8,1	96,8,1	96,8,1	112,8,1	112,8,1	80,8,1	80,8,1	96,8,1	96,8,1	96,8,1	48,8,1	20,1,1	112,8,1	112,8,1
«˚ÃÂ54Œ‰µ±¿•¬ÿ	80,8,1	80,8,1	80,8,1	96,8,1	64,8,1	64,8,1	96,8,1	96,8,1	96,8,1	96,8,1	96,8,1	96,8,1	96,8,1	96,8,1	96,8,1	96,8,1	64,8,1	64,8,1	48,8,1	48,8,1	20,1,1	20,1,1	20,1,1	20,1,1	96,8,1	104,8,1	104,8,1	104,8,1	104,8,1	96,8,1	96,8,1	96,8,1	96,8,1	104,8,1	104,8,1	96,8,1	96,8,1	112,8,1	112,8,1	80,8,1	80,8,1	96,8,1	96,8,1	96,8,1	48,8,1	20,1,1	112,8,1	112,8,1
