???????	???????	????????
1	4	0
2	4	0
3		0
4		0
5		0
6	29	0
7		0
8		0
9		0
10		0
11	25	0
12		0
13		0
14		0
15		0
16	33	0
17	48	0
18		0
19		0
20		0
21	27	0
22	48	0
23		0
24		0
25		0
26	25	0
27		0
28		0
29	16	0
30		0
31	23	0
32		0
33		0
34		0
35		0
36	19	0
37		0
38		0
39		0
40		0
41	19	0
42		0
43		0
44		0
45		0
46	25	0
47		0
48		0
49		0
50		0
51	31	0
52	20	0
53		0
54		0
55		0
56	9	0
57	30	0
58		0
59		0
60		0
61	25	0
62	9	0
63		0
64		0
65		0
66	9	0
67		0
68		0
69		0
70		0
71	21	0
72	12	0
73		0
74		0
75		0
76	21	0
77		0
78		0
79		0
80		0
81	21	0
82	21	0
83		0
84		0
85		0
86	13	0
87		0
88		0
89		0
90		0
91		0
92	19	0
93		0
94		0
95		0
96	29	0
97	19	0
98		0
99		0
100		0
101	27	0
102	10	0
103		0
104	13	0
105		0
106	13	0
107		0
108		0
109		0
110		0
111	10	0
112		0
113		0
114		0
115		0
116	23	0
117		0
118		0
119		0
120		0
121	23	0
122		0
123		0
124		0
125		0
126	25	0
127		0
128		0
129		0
130		0
131	6	0
132		0
133		0
134		0
135		0
136	6	0
137		0
138		0
139		0
140		0
141		0
142		0
143		0
144		0
145		0
146		0
147	21	0
148		0
149		0
150		0
151		0
152		0
153	16	0
154	36	0
155		0
156		0
157		0
158		0
159	13	0
160	13	0
161		0
162		0
163		0
164		0
165		0
166		0
167		0
168	13	0
169	13	0
170		0
171		0
172		0
173		0
174		0
175		0
176		0
177	16	0
178	16	0
179		0
180		0
181		0
182		0
183		0
184		0
185		0
186	12	0
187		0
188		0
189		0
190	15	0
191		0
192		0
193		0
194	19	0
195	16	0
196		0
197		0
198		0
199		0
200		0
201		0
202		0
203	27	0
204		0
205		0
206		0
207		0
208		0
209		0
210		0
211		0
212		0
213		0
214	13	0
215		0
216		0
217		0
218		0
219		0
220	4	0
221	4	0
222		0
223		0
224		0
225	29	0
226		0
227		0
228		0
229		0
230	25	0
231		0
232		0
233		0
234		0
235	33	0
236	48	0
237		0
238		0
239		0
240	27	0
241	48	0
242		0
243		0
244		0
245	25	0
246		0
247		0
248	16	0
249		0
250	23	0
251		0
252		0
253		0
254		0
255	19	0
256		0
257		0
258		0
259		0
260	19	0
261		0
262		0
263		0
264		0
265	25	0
266		0
267		0
268		0
269		0
270	31	0
271	20	0
272		0
273		0
274		0
275	9	0
276	30	0
277		0
278		0
279		0
280	25	0
281	9	0
282		0
283		0
284		0
285	9	0
286		0
287		0
288		0
289		0
290	21	0
291	12	0
292		0
293		0
294		0
295	21	0
296		0
297		0
298		0
299		0
300	21	0
301	21	0
302		0
303		0
304		0
305	13	0
306		0
307		0
308		0
309		0
310		0
311	19	0
312		0
313		0
314		0
315	29	0
316	19	0
317		0
318		0
319		0
320	27	0
321	10	0
322		0
323	13	0
324		0
325	13	0
326		0
327		0
328		0
329		0
330	10	0
331		0
332		0
333		0
334		0
335	23	0
336		0
337		0
338		0
339		0
340	23	0
341		0
342		0
343		0
344		0
345	25	0
346		0
347		0
348		0
349		0
350	6	0
351		0
352		0
353		0
354		0
355	6	0
356		0
357		0
358		0
359		0
360		0
361		0
362		0
363		0
364	19	0
365	16	0
366		0
367		0
368		0
369		0
370		0
371		0
372		0
373	27	0
374		0
375		0
376		0
377		0
378		0
379		0
380	13	0
381	13	0
382		0
383		0
384		0
385		0
386		0
387		0
388		0
389	13	0
390	13	0
391		0
392		0
393		0
394		0
395		0
396		0
397		0
398	13	0
399	13	0
400		0
401		0
402		0
403	13	0
404	13	0
405		0
406		0
407		0
408		0
409		0
410		0
411		0
412	12	0
413		0
414		0
415		0
416	15	0
417		0
418		0
419		0
420		0
421		0
422		0
423		0
424		0
425		0
426		0
427		0
428		0
429		0
430		0
431		0
432		0
433		0
434		0
435		0
436		0
437		0
438		0
439		0
440		0
441		0
442	13	0
443	7	0
444		0
445		0
446		0
447		0
448		0
449		0
450		0
451		0
452	13	0
453	13	0
454		0
455		0
456		0
457	24	0
458		0
459		0
460		0
461		0
462	13	0
463	10	0
464		0
465		0
466		0
467	22	0
468		0
469		0
470		0
471		0
472	13	0
473	13	0
474		0
475		0
476		0
477	22	0
478		0
479		0
480		0
481		0
482	15	0
483	13	0
484		0
485		0
486		0
487	22	0
488		0
489		0
490		0
491		0
492		0
493		0
494		0
495		0
496		0
497		0
498		0
499	16	0
500	16	0
501		0
502		0
503		0
504		0
505		0
506		0
507		0
508		0
509		0
510		0
511		0
512	13	0
513		0
514		0
515		0
516		0
517		0
518		0
519		0
520		0
521		0
522		0
523		0
524		0
525		0
526		0
527		0
528		0
529		0
530		0
531		0
532		0
533		0
534		0
535		0
536		0
537		0
538	4	0
539	4	0
540		0
541	11	0
542	11	0
543	11	0
544	11	0
545	11	0
546	11	0
547	11	0
548	11	0
549	11	0
550	11	0
551	11	0
552	11	0
553	11	0
554	11	0
555	11	0
556	11	0
557	11	0
558	11	0
559	11	0
560	11	0
561	11	0
562	11	0
563	11	0
564	11	0
565	11	0
566	11	0
567	11	0
568	11	0
569	11	0
570		0
571		0
572		0
573		0
574	20	0
575	21	0
576		0
577		0
578		0
579	21	0
580		0
581		0
582		0
583		0
584		0
585		0
586		0
587		0
588		0
589	9	0
590		0
591		0
592		0
593	9	0
594		0
595		0
596		0
597	9	0
598	12	0
599		0
600		0
601		0
602		0
603	9	0
604		0
605		0
606		0
607		0
608		0
609		0
610	13	0
611		0
612		0
613		0
614	13	0
615		0
616		0
617		0
618		0
619		0
620		0
621		0
622		0
623	24	0
624	10	0
625		0
626		0
627		0
628		0
629	6	0
630	13	0
631		0
632		0
633	6	0
634	13	0
635		0
636		0
637		0
638		0
639	6	0
640	13	0
641		0
642		0
643	23	0
644	13	0
645		0
646		0
647		0
648		0
649		0
650		0
651		0
652		0
653	4	0
654	4	0
655		0
656		0
657		0
658	4	0
659	4	0
660		0
661		0
662		0
663	16	0
664		0
665		0
666		0
667		0
668	16	0
669		0
670		0
671		0
672		0
673	48	0
674		0
675		0
676		0
677		0
678	19	0
679	4	0
680		0
681		0
682		0
683		0
684	4	0
685		0
686		0
687		0
688		0
689	20	0
690	21	0
691		0
692		0
693		0
694	21	0
695		0
696		0
697		0
698		0
699		0
700		0
701		0
702		0
703		0
704	9	0
705		0
706		0
707		0
708	9	0
709		0
710		0
711		0
712	9	0
713	12	0
714		0
715		0
716		0
717		0
718	9	0
719		0
720		0
721		0
722		0
723		0
724		0
725	13	0
726		0
727		0
728		0
729	13	0
730		0
731		0
732		0
733		0
734		0
735		0
736		0
737		0
738	24	0
739	10	0
740		0
741		0
742		0
743		0
744	6	0
745	13	0
746		0
747		0
748	6	0
749	13	0
750		0
751		0
752		0
753		0
754	6	0
755	13	0
756		0
757		0
758	23	0
759	13	0
760		0
761		0
762		0
763		0
764		0
765	4	0
766	4	0
767		0
768		0
769		0
770	29	0
771		0
772		0
773		0
774		0
775	25	0
776		0
777		0
778		0
779		0
780	33	0
781	48	0
782		0
783		0
784		0
785	27	0
786	48	0
787		0
788		0
789		0
790	25	0
791		0
792		0
793	16	0
794		0
795	23	0
796		0
797		0
798		0
799		0
800	19	0
801		0
802		0
803		0
804		0
805	19	0
806		0
807		0
808		0
809		0
810	25	0
811		0
812		0
813		0
814		0
815	31	0
816	20	0
817		0
818		0
819		0
820	9	0
821	30	0
822		0
823		0
824		0
825	25	0
826	9	0
827		0
828		0
829		0
830	9	0
831		0
832		0
833		0
834		0
835	21	0
836	12	0
837		0
838		0
839		0
840	21	0
841		0
842		0
843		0
844		0
845	21	0
846	21	0
847		0
848		0
849		0
850	13	0
851		0
852		0
853		0
854		0
855		0
856	19	0
857		0
858		0
859		0
860	29	0
861	19	0
862		0
863		0
864		0
865	27	0
866	10	0
867		0
868	13	0
869		0
870	13	0
871		0
872		0
873		0
874		0
875	10	0
876		0
877		0
878		0
879		0
880	23	0
881		0
882		0
883		0
884		0
885	23	0
886		0
887		0
888		0
889		0
890	25	0
891		0
892		0
893		0
894		0
895	6	0
896		0
897		0
898		0
899		0
900	6	0
901		0
902		0
903		0
904		0
905		0
906	2	0
907		0
908		0
909		0
910	2	0
911	2	0
912		0
913		0
914		0
915		0
916	2	0
917		0
918		0
919		0
920	2	0
921	14	0
922		0
923		0
924		0
925		0
926	2	0
927		0
928		0
929		0
930	2	0
931	8	0
932		0
933		0
934		0
935		0
936	14	0
937		0
938		0
939		0
940	14	0
941	20	0
942		0
943		0
944		0
945		0
946	14	0
947		0
948		0
949		0
950	14	0
951	11	0
952		0
953		0
954		0
955		0
956	14	0
957		0
958		0
959		0
960	14	0
961	8	0
962		0
963		0
964		0
965		0
966	11	0
967		0
968		0
969		0
970	11	0
971	5	0
972		0
973		0
974		0
975		0
976	11	0
977		0
978		0
979		0
980	11	0
981	2	0
982		0
983		0
984		0
985		0
986	8	0
987		0
988		0
989		0
990	8	0
991	8	0
992		0
993		0
994		0
995		0
996	8	0
997		0
998		0
999		0
1000	8	0
1001	17	0
1002		0
1003		0
1004		0
1005		0
1006	8	0
1007		0
1008		0
1009		0
1010	8	0
1011	2	0
1012		0
1013		0
1014		0
1015		0
1016	8	0
1017		0
1018		0
1019		0
1020	8	0
1021	8	0
1022		0
1023		0
1024		0
1025		0
1026	11	0
1027		0
1028		0
1029		0
1030	11	0
1031	2	0
1032		0
1033		0
1034		0
1035		0
1036	11	0
1037		0
1038		0
1039		0
1040	11	0
1041	2	0
1042		0
1043		0
1044		0
1045		0
1046	11	0
1047		0
1048		0
1049		0
1050	11	0
1051	2	0
1052		0
1053		0
1054		0
1055		0
1056	17	0
1057		0
1058		0
1059		0
1060	17	0
1061	2	0
1062		0
1063		0
1064		0
1065		0
1066	17	0
1067		0
1068		0
1069		0
1070	17	0
1071	13	0
1072		0
1073		0
1074		0
1075		0
1076	8	0
1077		0
1078		0
1079		0
1080	8	0
1081	11	0
1082		0
1083		0
1084		0
1085		0
1086	8	0
1087		0
1088		0
1089		0
1090	8	0
1091	8	0
1092		0
1093		0
1094		0
1095		0
1096	5	0
1097		0
1098		0
1099		0
1100	5	0
1101	5	0
1102		0
1103		0
1104		0
1105		0
1106	5	0
1107		0
1108		0
1109		0
1110	5	0
1111	5	0
1112		0
1113		0
1114		0
1115		0
1116	5	0
1117		0
1118		0
1119		0
1120	5	0
1121	8	0
1122		0
1123		0
1124		0
1125		0
1126	5	0
1127		0
1128		0
1129		0
1130	5	0
1131	5	0
1132		0
1133		0
1134		0
1135		0
1136	12	0
1137		0
1138		0
1139		0
1140	12	0
1141	5	0
1142		0
1143		0
1144		0
1145		0
1146	12	0
1147		0
1148		0
1149		0
1150	12	0
1151	5	0
1152		0
1153		0
1154		0
1155		0
1156	3	0
1157		0
1158		0
1159		0
1160	3	0
1161	24	0
1162		0
1163		0
1164		0
1165		0
1166	15	0
1167		0
1168		0
1169		0
1170	15	0
1171	32	0
1172		0
1173		0
1174		0
1175		0
1176	15	0
1177		0
1178		0
1179		0
1180	15	0
1181	26	0
1182		0
1183		0
1184		0
1185		0
1186	15	0
1187		0
1188		0
1189		0
1190	15	0
1191	24	0
1192		0
1193		0
1194		0
1195		0
1196	12	0
1197		0
1198		0
1199		0
1200	12	0
1201	22	0
1202		0
1203		0
1204		0
1205		0
1206	12	0
1207		0
1208		0
1209		0
1210	12	0
1211	2	0
1212		0
1213		0
1214		0
1215		0
1216	9	0
1217		0
1218		0
1219		0
1220	9	0
1221	24	0
1222		0
1223		0
1224		0
1225		0
1226	9	0
1227		0
1228		0
1229		0
1230	9	0
1231	30	0
1232		0
1233		0
1234		0
1235		0
1236	9	0
1237		0
1238		0
1239		0
1240	9	0
1241	2	0
1242		0
1243		0
1244		0
1245		0
1246	9	0
1247		0
1248		0
1249		0
1250	9	0
1251	24	0
1252		0
1253		0
1254		0
1255		0
1256	12	0
1257		0
1258		0
1259		0
1260	12	0
1261	2	0
1262		0
1263		0
1264		0
1265		0
1266	12	0
1267		0
1268		0
1269		0
1270	12	0
1271	2	0
1272		0
1273		0
1274		0
1275		0
1276	12	0
1277		0
1278		0
1279		0
1280	12	0
1281	2	0
1282		0
1283		0
1284		0
1285		0
1286	18	0
1287		0
1288		0
1289		0
1290	18	0
1291	2	0
1292		0
1293		0
1294		0
1295		0
1296	18	0
1297		0
1298		0
1299		0
1300	18	0
1301	28	0
1302		0
1303		0
1304		0
1305		0
1306	9	0
1307		0
1308		0
1309		0
1310	9	0
1311	26	0
1312		0
1313		0
1314		0
1315		0
1316	9	0
1317		0
1318		0
1319		0
1320	9	0
1321	24	0
1322		0
1323		0
1324		0
1325		0
1326	6	0
1327		0
1328		0
1329		0
1330	6	0
1331	22	0
1332		0
1333		0
1334		0
1335		0
1336	12	0
1337		0
1338		0
1339		0
1340	12	0
1341	5	0
1342		0
1343		0
1344		0
1345		0
1346	12	0
1347		0
1348		0
1349		0
1350	12	0
1351	5	0
1352		0
1353		0
1354		0
1355		0
1356	6	0
1357		0
1358		0
1359		0
1360	6	0
1361	22	0
1362		0
1363		0
1364		0
1365		0
1366	6	0
1367		0
1368		0
1369		0
1370	6	0
1371	24	0
1372		0
1373		0
1374		0
1375		0
1376	6	0
1377		0
1378		0
1379		0
1380	6	0
1381	22	0
1382		0
1383		0
1384		0
1385		0
1386	12	0
1387		0
1388		0
1389		0
1390	12	0
1391	5	0
1392		0
1393		0
1394		0
1395		0
1396	12	0
1397		0
1398		0
1399		0
1400	12	0
1401	5	0
1402		0
1403		0
1404		0
1405		0
1406	3	0
1407		0
1408		0
1409		0
1410	3	0
1411	2	0
1412		0
1413		0
1414		0
1415		0
1416	3	0
1417		0
1418		0
1419		0
1420	3	0
1421	28	0
1422		0
1423		0
1424		0
1425		0
1426	3	0
1427		0
1428		0
1429		0
1430	3	0
1431	24	0
1432		0
1433		0
1434		0
1435		0
1436	15	0
1437		0
1438		0
1439		0
1440	15	0
1441	32	0
1442		0
1443		0
1444		0
1445		0
1446	15	0
1447		0
1448		0
1449		0
1450	15	0
1451	26	0
1452		0
1453		0
1454		0
1455		0
1456	15	0
1457		0
1458		0
1459		0
1460	15	0
1461	24	0
1462		0
1463		0
1464		0
1465		0
1466	12	0
1467		0
1468		0
1469		0
1470	12	0
1471	22	0
1472		0
1473		0
1474		0
1475		0
1476	12	0
1477		0
1478		0
1479		0
1480	12	0
1481	2	0
1482		0
1483		0
1484		0
1485		0
1486	9	0
1487		0
1488		0
1489		0
1490	9	0
1491	24	0
1492		0
1493		0
1494		0
1495		0
1496	9	0
1497		0
1498		0
1499		0
1500	9	0
1501	30	0
1502		0
1503		0
1504		0
1505		0
1506	9	0
1507		0
1508		0
1509		0
1510	9	0
1511	2	0
1512		0
1513		0
1514		0
1515		0
1516	9	0
1517		0
1518		0
1519		0
1520	9	0
1521	24	0
1522		0
1523		0
1524		0
1525		0
1526	12	0
1527		0
1528		0
1529		0
1530	12	0
1531	2	0
1532		0
1533		0
1534		0
1535		0
1536	12	0
1537		0
1538		0
1539		0
1540	12	0
1541	2	0
1542		0
1543		0
1544		0
1545		0
1546	12	0
1547		0
1548		0
1549		0
1550	12	0
1551	2	0
1552		0
1553		0
1554		0
1555		0
1556	18	0
1557		0
1558		0
1559		0
1560	18	0
1561	2	0
1562		0
1563		0
1564		0
1565		0
1566	18	0
1567		0
1568		0
1569		0
1570	18	0
1571	28	0
1572		0
1573		0
1574		0
1575		0
1576	9	0
1577		0
1578		0
1579		0
1580	9	0
1581	26	0
1582		0
1583		0
1584		0
1585		0
1586	9	0
1587		0
1588		0
1589		0
1590	9	0
1591	24	0
1592		0
1593		0
1594		0
1595		0
1596	6	0
1597		0
1598		0
1599		0
1600	6	0
1601	22	0
1602		0
1603		0
1604		0
1605		0
1606	6	0
1607		0
1608		0
1609		0
1610	6	0
1611	22	0
1612		0
1613		0
1614		0
1615		0
1616	6	0
1617		0
1618		0
1619		0
1620	6	0
1621	24	0
1622		0
1623		0
1624		0
1625		0
1626	6	0
1627		0
1628		0
1629		0
1630	6	0
1631	22	0
1632		0
1633		0
1634		0
1635		0
1636	12	0
1637		0
1638		0
1339		0
1640	12	0
1641	5	0
1642		0
1643		0
1644		0
1645		0
1646	12	0
1647		0
1648		0
1649		0
1650	12	0
1651	5	0
1652		0
1653		0
1654		0
1655		0
1656	4	0
1657		0
1658		0
1659		0
1660	4	0
1661	2	0
1662		0
1663		0
1664		0
1665		0
1666	4	0
1667		0
1668		0
1669		0
1670	4	0
1671	29	0
1672		0
1673		0
1674		0
1675		0
1676	4	0
1677		0
1678		0
1679		0
1680	4	0
1681	25	0
1682		0
1683		0
1684		0
1685		0
1686	16	0
1687		0
1688		0
1689		0
1690	48	0
1691	33	0
1692		0
1693		0
1694		0
1695		0
1696	16	0
1697		0
1698		0
1699		0
1700	48	0
1701	27	0
1702		0
1703		0
1704		0
1705		0
1706	16	0
1707		0
1708		0
1709		0
1710	48	0
1711	25	0
1712		0
1713		0
1714		0
1715		0
1716	13	0
1717		0
1718		0
1719		0
1720	13	0
1721	23	0
1722		0
1723		0
1724		0
1725		0
1726	13	0
1727		0
1728		0
1729		0
1730	13	0
1731	2	0
1732		0
1733		0
1734		0
1735		0
1736	10	0
1737		0
1738		0
1739		0
1740	10	0
1741	25	0
1742		0
1743		0
1744		0
1745		0
1746	10	0
1747		0
1748		0
1749		0
1750	10	0
1751	31	0
1752		0
1753		0
1754		0
1755		0
1756	10	0
1757		0
1758		0
1759		0
1760	10	0
1761	2	0
1762		0
1763		0
1764		0
1765		0
1766	10	0
1767		0
1768		0
1769		0
1770	10	0
1771	25	0
1772		0
1773		0
1774		0
1775		0
1776	13	0
1777		0
1778		0
1779		0
1780	13	0
1781	2	0
1782		0
1783		0
1784		0
1785		0
1786	13	0
1787		0
1788		0
1789		0
1790	13	0
1791	2	0
1792		0
1793		0
1794		0
1795		0
1796	13	0
1797		0
1798		0
1799		0
1800	13	0
1801	2	0
1802		0
1803		0
1804		0
1805		0
1806	19	0
1807		0
1808		0
1809		0
1810	19	0
1811	2	0
1812		0
1813		0
1814		0
1815		0
1816	19	0
1817		0
1818		0
1819		0
1820	19	0
1821	29	0
1822		0
1823		0
1824		0
1825		0
1826	10	0
1827		0
1828		0
1829		0
1830	10	0
1831	27	0
1832		0
1833		0
1834		0
1835		0
1836	10	0
1837		0
1838		0
1839		0
1840	10	0
1841	25	0
1842		0
1843		0
1844		0
1845		0
1846	7	0
1847		0
1848		0
1849		0
1850	7	0
1851	23	0
1852		0
1853		0
1854		0
1855		0
1856	7	0
1857		0
1858		0
1859		0
1860	7	0
1861	23	0
1862		0
1863		0
1864		0
1865		0
1866	7	0
1867		0
1868		0
1869		0
1870	7	0
1871	25	0
1872		0
1873		0
1874		0
1875		0
1876	7	0
1877		0
1878		0
1879		0
1880	7	0
1881	23	0
1882		0
1883		0
1884		0
1885		0
1886	20	0
1887		0
1888		0
1889		0
1890	21	0
1891	23	0
1892		0
1893		0
1894		0
1895		0
1896	20	0
1897		0
1898		0
1899		0
1900	21	0
1901	23	0
1902		0
1903		0
1904		0
1905		0
1906	4	0
1907		0
1908		0
1909		0
1910	4	0
1911	2	0
1912		0
1913		0
1914		0
1915		0
1916	4	0
1917		0
1918		0
1919		0
1920	4	0
1921	42	0
1922		0
1923		0
1924		0
1925		0
1926	4	0
1927		0
1928		0
1929		0
1930	4	0
1931	34	0
1932		0
1933		0
1934		0
1935		0
1936	16	0
1937		0
1938		0
1939		0
1940	48	0
1941	45	0
1942		0
1943		0
1944		0
1945		0
1946	16	0
1947		0
1948		0
1949		0
1950	48	0
1951	40	0
1952		0
1953		0
1954		0
1955		0
1956	16	0
1957		0
1958		0
1959		0
1960	48	0
1961	34	0
1962		0
1963		0
1964		0
1965		0
1966	13	0
1967		0
1968		0
1969		0
1970	13	0
1971	38	0
1972		0
1973		0
1974		0
1975		0
1976	13	0
1977		0
1978		0
1979		0
1980	13	0
1981	2	0
1982		0
1983		0
1984		0
1985		0
1986	10	0
1987		0
1988		0
1989		0
1990	10	0
1991	35	0
1992		0
1993		0
1994		0
1995		0
1996	10	0
1997		0
1998		0
1999		0
2000	10	0
2001	44	0
2002		0
2003		0
2004		0
2005		0
2006	10	0
2007		0
2008		0
2009		0
2010	10	0
2011	2	0
2012		0
2013		0
2014		0
2015		0
2016	10	0
2017		0
2018		0
2019		0
2020	10	0
2021	36	0
2022		0
2023		0
2024		0
2025		0
2026	13	0
2027		0
2028		0
2029		0
2030	13	0
2031	2	0
2032		0
2033		0
2034		0
2035		0
2036	13	0
2037		0
2038		0
2039		0
2040	13	0
2041	2	0
2042		0
2043		0
2044		0
2045		0
2046	13	0
2047		0
2048		0
2049		0
2050	13	0
2051	2	0
2052		0
2053		0
2054		0
2055		0
2056	19	0
2057		0
2058		0
2059		0
2060	19	0
2061	2	0
2062		0
2063		0
2064		0
2065		0
2066	19	0
2067		0
2068		0
2069		0
2070	19	0
2071	43	0
2072		0
2073		0
2074		0
2075		0
2076	10	0
2077		0
2078		0
2079		0
2080	10	0
2081	41	0
2082		0
2083		0
2084		0
2085		0
2086	10	0
2087		0
2088		0
2089		0
2090	10	0
2091	34	0
2092		0
2093		0
2094		0
2095		0
2096	7	0
2097		0
2098		0
2099		0
2100	7	0
2101	39	0
2102		0
2103		0
2104		0
2105		0
2106	7	0
2107		0
2108		0
2109		0
2110	7	0
2111	39	0
2112		0
2113		0
2114		0
2115		0
2116	7	0
2117		0
2118		0
2119		0
2120	7	0
2121	37	0
2122		0
2123		0
2124		0
2125		0
2126	7	0
2127		0
2128		0
2129		0
2130	7	0
2131	37	0
2132		0
2133		0
2134		0
2135		0
2136	20	0
2137		0
2138		0
2139		0
2140	21	0
2141	109	0
2142		0
2143		0
2144		0
2145		0
2146	20	0
2147		0
2148		0
2149		0
2150	21	0
2151	109	0
2152		0
2153		0
2154		0
2155		0
2156	23	0
2157		0
2158		0
2159		0
2160	49	0
2161	46	0
2162		0
2163		0
2164		0
2165		0
2166	23	0
2167		0
2168		0
2169		0
2170	49	0
2171	42	0
2172		0
2173		0
2174		0
2175		0
2176	23	0
2177		0
2178		0
2179		0
2180	49	0
2181	54	0
2182		0
2183		0
2184		0
2185		0
2186	24	0
2187		0
2188		0
2189		0
2190	50	0
2191	62	0
2192		0
2193		0
2194		0
2195		0
2196	24	0
2197		0
2198		0
2199		0
2200	50	0
2201	52	0
2202		0
2203		0
2204		0
2205		0
2206	24	0
2207		0
2208		0
2209		0
2210	50	0
2211	54	0
2212		0
2213		0
2214		0
2215		0
2216	25	0
2217		0
2218		0
2219		0
2220	51	0
2221	59	0
2222		0
2223		0
2224		0
2225		0
2226	25	0
2227		0
2228		0
2229		0
2230	51	0
2231	47	0
2232		0
2233		0
2234		0
2235		0
2236	25	0
2237		0
2238		0
2239		0
2240	51	0
2241	56	0
2242		0
2243		0
2244		0
2245		0
2246	25	0
2247		0
2248		0
2249		0
2250	51	0
2251	63	0
2252		0
2253		0
2254		0
2255		0
2256	26	0
2257		0
2258		0
2259		0
2260	52	0
2261	48	0
2262		0
2263		0
2264		0
2265		0
2266	26	0
2267		0
2268		0
2269		0
2270	52	0
2271	55	0
2272		0
2273		0
2274		0
2275		0
2276	26	0
2277		0
2278		0
2279		0
2280	52	0
2281	48	0
2282		0
2283		0
2284		0
2285		0
2286	26	0
2287		0
2288		0
2289		0
2290	52	0
2291	48	0
2292		0
2293		0
2294		0
2295		0
2296	26	0
2297		0
2298		0
2299		0
2300	52	0
2301	48	0
2302		0
2303		0
2304		0
2305		0
2306	27	0
2307		0
2308		0
2309		0
2310	53	0
2311	49	0
2312		0
2313		0
2314		0
2315		0
2316	27	0
2317		0
2318		0
2319		0
2320	53	0
2321	43	0
2322		0
2323		0
2324		0
2325		0
2326	28	0
2327		0
2328		0
2329		0
2330	54	0
2331	53	0
2332		0
2333		0
2334		0
2335		0
2336	28	0
2337		0
2338		0
2339		0
2340	54	0
2341	57	0
2342		0
2343		0
2344		0
2345		0
2346	29	0
2347		0
2348		0
2349		0
2350	55	0
2351	60	0
2352		0
2353		0
2354		0
2355		0
2356	29	0
2357		0
2358		0
2359		0
2360	55	0
2361	60	0
2362		0
2363		0
2364		0
2365		0
2366	29	0
2367		0
2368		0
2369		0
2370	55	0
2371	58	0
2372		0
2373		0
2374		0
2375		0
2376	29	0
2377		0
2378		0
2379		0
2380	55	0
2381	60	0
2382		0
2383		0
2384		0
2385		0
2386	20	0
2387		0
2388		0
2389		0
2390	21	0
2391	109	0
2392		0
2393		0
2394		0
2395		0
2396	20	0
2397		0
2398		0
2399		0
2400	21	0
2401	109	0
2402		0
2403		0
2404		0
2405		0
2406	23	0
2407		0
2408		0
2409		0
2410	49	0
2411	46	0
2412		0
2413		0
2414		0
2415		0
2416	23	0
2417		0
2418		0
2419		0
2420	49	0
2421	42	0
2422		0
2423		0
2424		0
2425		0
2426	23	0
2427		0
2428		0
2429		0
2430	49	0
2431	54	0
2432		0
2433		0
2434		0
2435		0
2436	24	0
2437		0
2438		0
2439		0
2440	50	0
2441	62	0
2442		0
2443		0
2444		0
2445		0
2446	24	0
2447		0
2448		0
2449		0
2450	50	0
2451	52	0
2452		0
2453		0
2454		0
2455		0
2456	24	0
2457		0
2458		0
2459		0
2460	50	0
2461	54	0
2462		0
2463		0
2464		0
2465		0
2466	25	0
2467		0
2468		0
2469		0
2470	51	0
2471	59	0
2472		0
2473		0
2474		0
2475		0
2476	25	0
2477		0
2478		0
2479		0
2480	51	0
2481	47	0
2482		0
2483		0
2484		0
2485		0
2486	25	0
2487		0
2488		0
2489		0
2490	51	0
2491	56	0
2492		0
2493		0
2494		0
2495		0
2496	25	0
2497		0
2498		0
2499		0
2500	51	0
2501	63	0
2502		0
2503		0
2504		0
2505		0
2506	26	0
2507		0
2508		0
2509		0
2510	52	0
2511	48	0
2512		0
2513		0
2514		0
2515		0
2516	26	0
2517		0
2518		0
2519		0
2520	52	0
2521	55	0
2522		0
2523		0
2524		0
2525		0
2526	26	0
2527		0
2528		0
2529		0
2530	52	0
2531	48	0
2532		0
2533		0
2534		0
2535		0
2536	26	0
2537		0
2538		0
2539		0
2540	52	0
2541	48	0
2542		0
2543		0
2544		0
2545		0
2546	26	0
2547		0
2548		0
2549		0
2550	52	0
2551	48	0
2552		0
2553		0
2554		0
2555		0
2556	27	0
2557		0
2558		0
2559		0
2560	53	0
2561	49	0
2562		0
2563		0
2564		0
2565		0
2566	27	0
2567		0
2568		0
2569		0
2570	53	0
2571	43	0
2572		0
2573		0
2574		0
2575		0
2576	28	0
2577		0
2578		0
2579		0
2580	54	0
2581	53	0
2582		0
2583		0
2584		0
2585		0
2586	28	0
2587		0
2588		0
2589		0
2590	54	0
2591	57	0
2592		0
2593		0
2594		0
2595		0
2596	29	0
2597		0
2598		0
2599		0
2600	55	0
2601	60	0
2602		0
2603		0
2604		0
2605		0
2606	29	0
2607		0
2608		0
2609		0
2610	55	0
2611	60	0
2612		0
2613		0
2614		0
2615		0
2616	29	0
2617		0
2618		0
2619		0
2620	55	0
2621	58	0
2622		0
2623		0
2624		0
2625		0
2626	29	0
2627		0
2628		0
2629		0
2630	55	0
2631	61	0
2632		0
2633		0
2634		0
2635		0
2636	41	0
2637		0
2638		0
2639		0
2640	67	0
2641	110	0
2642		0
2643		0
2644		0
2645		0
2646	41	0
2647		0
2648		0
2649		0
2650	67	0
2651	110	0
2652		0
2653		0
2654		0
2655		0
2656	23	0
2657		0
2658		0
2659		0
2660	49	0
2661	46	0
2662		0
2663		0
2664		0
2665		0
2666	23	0
2667		0
2668		0
2669		0
2670	49	0
2671	42	0
2672		0
2673		0
2674		0
2675		0
2676	23	0
2677		0
2678		0
2679		0
2680	49	0
2681	54	0
2682		0
2683		0
2684		0
2685		0
2686	24	0
2687		0
2688		0
2689		0
2690	50	0
2691	62	0
2692		0
2693		0
2694		0
2695		0
2696	24	0
2697		0
2698		0
2699		0
2700	50	0
2701	52	0
2702		0
2703		0
2704		0
2705		0
2706	24	0
2707		0
2708		0
2709		0
2710	50	0
2711	54	0
2712		0
2713		0
2714		0
1715		0
2716	25	0
2717		0
2718		0
2719		0
2720	51	0
2721	59	0
2722		0
2723		0
2724		0
2725		0
2726	25	0
2727		0
2728		0
2729		0
2730	51	0
2731	47	0
2732		0
2733		0
2734		0
2735		0
2736	25	0
2737		0
2738		0
2739		0
2740	51	0
2741	56	0
2742		0
2743		0
2744		0
2745		0
2746	25	0
2747		0
2748		0
2749		0
2750	51	0
2751	63	0
2752		0
2753		0
2754		0
2755		0
2756	26	0
2757		0
2758		0
2759		0
2760	52	0
2761	48	0
2762		0
2763		0
2764		0
2765		0
2766	26	0
2767		0
2768		0
2769		0
2770	52	0
2771	55	0
2772		0
2773		0
2774		0
2775		0
2776	26	0
2777		0
2778		0
2779		0
2780	52	0
2781	48	0
2782		0
2783		0
2784		0
2785		0
2786	26	0
2787		0
2788		0
2789		0
2790	52	0
2791	48	0
2792		0
2793		0
2794		0
2795		0
2796	26	0
2797		0
2798		0
2799		0
2800	52	0
2801	48	0
2802		0
2803		0
2804		0
2805		0
2806	27	0
2807		0
2808		0
2809		0
2810	53	0
2811	49	0
2812		0
2813		0
2814		0
2815		0
2816	27	0
2817		0
2818		0
2819		0
2820	53	0
2821	43	0
2822		0
2823		0
2824		0
2825		0
2826	28	0
2827		0
2828		0
2829		0
2830	54	0
2831	53	0
2832		0
2833		0
2834		0
2835		0
2836	28	0
2837		0
2838		0
2839		0
2840	54	0
2841	57	0
2842		0
2843		0
2844		0
2845		0
2846	29	0
2847		0
2848		0
2849		0
2850	55	0
2851	60	0
2852		0
2853		0
2854		0
2855		0
2856	29	0
2857		0
2858		0
2859		0
2860	55	0
2861	60	0
2862		0
2863		0
2864		0
2865		0
2866	29	0
2867		0
2868		0
2869		0
2870	55	0
2871	58	0
2872		0
2873		0
2874		0
2875		0
2876	29	0
2877		0
2878		0
2879		0
2880	55	0
2881	61	0
2882		0
2883		0
2884		0
2885		0
2886	41	0
2887		0
2888		0
2889		0
2890	67	0
2891	110	0
2892		0
2893		0
2894		0
2895		0
2896	41	0
2897		0
2898		0
2899		0
2900	67	0
2901	110	0
2902		0
2903		0
2904		0
2905		0
2906	30	0
2907		0
2908		0
2909		0
2910	56	0
2911	86	0
2912		0
2913		0
2914		0
2915		0
2916	30	0
2917		0
2918		0
2919		0
2920	56	0
2921	87	0
2922		0
2923		0
2924		0
2925		0
2926	30	0
2927		0
2928		0
2929		0
2930	56	0
2931	88	0
2932		0
2933		0
2934		0
2935		0
2936	31	0
2937		0
2938		0
2939		0
2940	57	0
2941	89	0
2942		0
2943		0
2944		0
2945		0
2946	31	0
2947		0
2948		0
2949		0
2950	57	0
2951	90	0
2952		0
2953		0
2954		0
2955		0
2956	31	0
2957		0
2958		0
2959		0
2960	57	0
2961	91	0
2962		0
2963		0
2964		0
2965		0
2966	32	0
2967		0
2968		0
2969		0
2970	58	0
2971	92	0
2972		0
2973		0
2974		0
2975		0
2976	32	0
2977		0
2978		0
2979		0
2980	58	0
2981	93	0
2982		0
2983		0
2984		0
2985		0
2986	33	0
2987		0
2988		0
2989		0
2990	59	0
2991	94	0
2992		0
2993		0
2994		0
2995		0
2996	33	0
2997		0
2998		0
2999		0
3000	59	0
3001	95	0
3002		0
3003		0
3004		0
3005		0
3006	34	0
3007		0
3008		0
3009		0
3010	60	0
3011	96	0
3012		0
3013		0
3014		0
3015		0
3016	34	0
3017		0
3018		0
3019		0
3020	60	0
3021	97	0
3022		0
3023		0
3024		0
3025		0
3026	35	0
3027		0
3028		0
3029		0
3030	61	0
3031	98	0
3032		0
3033		0
3034		0
3035		0
3036	35	0
3037		0
3038		0
3039		0
3040	61	0
3041	99	0
3042		0
3043		0
3044		0
3045		0
3046	35	0
3047		0
3048		0
3049		0
3050	61	0
3051	100	0
3052		0
3053		0
3054		0
3055		0
3056	36	0
3057		0
3058		0
3059		0
3060	62	0
3061	101	0
3062		0
3063		0
3064		0
3065		0
3066	36	0
3067		0
3068		0
3069		0
3070	62	0
3071	102	0
3072		0
3073		0
3074		0
3075		0
3076	37	0
3077		0
3078		0
3079		0
3080	63	0
3081	103	0
3082		0
3083		0
3084		0
3085		0
3086	37	0
3087		0
3088		0
3089		0
3090	63	0
3091	104	0
3092		0
3093		0
3094		0
3095		0
3096	38	0
3097		0
3098		0
3099		0
3100	64	0
3101	105	0
3102		0
3103		0
3104		0
3105		0
3106	38	0
3107		0
3108		0
3109		0
3110	64	0
3111	106	0
3112		0
3113		0
3114		0
3115		0
3116	39	0
3117		0
3118		0
3119		0
3120	65	0
3121	107	0
3122		0
3123		0
3124		0
3125		0
3126	39	0
3127		0
3128		0
3129		0
3130	65	0
3131	108	0
3132		0
3133		0
3134		0
3135		0
3136	45	0
3137		0
3138		0
3139		0
3140	71	0
3141	111	0
3142		0
3143		0
3144		0
3145		0
3146	45	0
3147		0
3148		0
3149		0
3150	71	0
3151	111	0
3152		0
3153		0
3154		0
3155		0
3156	30	0
3157		0
3158		0
3159		0
3160	56	0
3161	112	0
3162		0
3163		0
3164		0
3165		0
3166	30	0
3167		0
3168		0
3169		0
3170	56	0
3171	113	0
3172		0
3173		0
3174		0
3175		0
3176	30	0
3177		0
3178		0
3179		0
3180	56	0
3181	114	0
3182		0
3183		0
3184		0
3185		0
3186	31	0
3187		0
3188		0
3189		0
3190	57	0
3191	115	0
3192		0
3193		0
3194		0
3195		0
3196	31	0
3197		0
3198		0
3199		0
3200	57	0
3201	116	0
3202		0
3203		0
3204		0
3205		0
3206	31	0
3207		0
3208		0
3209		0
3210	57	0
3211	117	0
3212		0
3213		0
3214		0
3215		0
3216	32	0
3217		0
3218		0
3219		0
3220	58	0
3221	118	0
3222		0
3223		0
3224		0
3225		0
3226	32	0
3227		0
3228		0
3229		0
3230	58	0
3231	119	0
3232		0
3233		0
3234		0
3235		0
3236	33	0
3237		0
3238		0
3239		0
3240	59	0
3241	120	0
3242		0
3243		0
3244		0
3245		0
3246	33	0
3247		0
3248		0
3249		0
3250	59	0
3251	121	0
3252		0
3253		0
3254		0
3255		0
3256	34	0
3257		0
3258		0
3259		0
3260	60	0
3261	122	0
3262		0
3263		0
3264		0
3265		0
3266	34	0
3267		0
3268		0
3269		0
3270	60	0
3271	123	0
3272		0
3273		0
3274		0
3275		0
3276	35	0
3277		0
3278		0
3279		0
3280	61	0
3281	124	0
3282		0
3283		0
3284		0
3285		0
3286	35	0
3287		0
3288		0
3289		0
3290	61	0
3291	125	0
3292		0
3293		0
3294		0
3295		0
3296	35	0
3297		0
3298		0
3299		0
3300	61	0
3301	126	0
3302		0
3303		0
3304		0
3305		0
3306	36	0
3307		0
3308		0
3309		0
3310	62	0
3311	127	0
3312		0
3313		0
3314		0
3315		0
3316	36	0
3317		0
3318		0
3319		0
3320	62	0
3321	128	0
3322		0
3323		0
3324		0
3325		0
3326	37	0
3327		0
3328		0
3329		0
3330	63	0
3331	129	0
3332		0
3333		0
3334		0
3335		0
3336	37	0
3337		0
3338		0
3339		0
3340	63	0
3341	130	0
3342		0
3343		0
3344		0
3345		0
3346	38	0
3347		0
3348		0
3349		0
3350	64	0
3351	131	0
3352		0
3353		0
3354		0
3355		0
3356	38	0
3357		0
3358		0
3359		0
3360	64	0
3361	132	0
3362		0
3363		0
3364		0
3365		0
3366	39	0
3367		0
3368		0
3369		0
3370	65	0
3371	133	0
3372		0
3373		0
3374		0
3375		0
3376	39	0
3377		0
3378		0
3379		0
3380	65	0
3381	134	0
3382		0
3383		0
3384		0
3385		0
3386	45	0
3387		0
3388		0
3389		0
3390	71	0
3391	135	0
3392		0
3393		0
3394		0
3395		0
3396	45	0
3397		0
3398		0
3399		0
3400	71	0
3401	136	0
3402		0
3403		0
3404		0
3405		0
3406	46	0
3407		0
3408		0
3409		0
3410	72	0
3411	137	0
3412		0
3413		0
3414		0
3415		0
3416	46	0
3417		0
3418		0
3419		0
3420	72	0
3421	138	0
3422		0
3423		0
3424		0
3425		0
3426	46	0
3427		0
3428		0
3429		0
3430	72	0
3431	139	0
3432		0
3433		0
3434		0
3435		0
3436	47	0
3437		0
3438		0
3439		0
3440	73	0
3441	140	0
3442		0
3443		0
3444		0
3445		0
3446	47	0
3447		0
3448		0
3449		0
3450	73	0
3451	141	0
3452		0
3453		0
3454		0
3455		0
3456	47	0
3457		0
3458		0
3459		0
3460	73	0
3461	142	0
3462		0
3463		0
3464		0
3465		0
3466	48	0
3467		0
3468		0
3469		0
3470	74	0
3471	143	0
3472		0
3473		0
3474		0
3475		0
3476	48	0
3477		0
3478		0
3479		0
3480	74	0
3481	144	0
3482		0
3483		0
3484		0
3485		0
3486	49	0
3487		0
3488		0
3489		0
3490	75	0
3491	145	0
3492		0
3493		0
3494		0
3495		0
3496	49	0
3497		0
3498		0
3499		0
3500	75	0
3501	146	0
3502		0
3503		0
3504		0
3505		0
3506	50	0
3507		0
3508		0
3509		0
3510	76	0
3511	147	0
3512		0
3513		0
3514		0
3515		0
3516	50	0
3517		0
3518		0
3519		0
3520	76	0
3521	148	0
3522		0
3523		0
3524		0
3525		0
3526	51	0
3527		0
3528		0
3529		0
3530	77	0
3531	149	0
3532		0
3533		0
3534		0
3535		0
3536	51	0
3537		0
3538		0
3539		0
3540	77	0
3541	150	0
3542		0
3543		0
3544		0
3545		0
3546	51	0
3547		0
3548		0
3549		0
3550	77	0
3551	151	0
3552		0
3553		0
3554		0
3555		0
3556	52	0
3557		0
3558		0
3559		0
3560	78	0
3561	152	0
3562		0
3563		0
3564		0
3565		0
3566	52	0
3567		0
3568		0
3569		0
3570	78	0
3571	153	0
3572		0
3573		0
3574		0
3575		0
3576	53	0
3577		0
3578		0
3579		0
3580	79	0
3581	154	0
3582		0
3583		0
3584		0
3585		0
3586	53	0
3587		0
3588		0
3589		0
3590	79	0
3591	155	0
3592		0
3593		0
3594		0
3595		0
3596	54	0
3597		0
3598		0
3599		0
3600	80	0
3601	156	0
3602		0
3603		0
3604		0
3605		0
3606	54	0
3607		0
3608		0
3609		0
3610	80	0
3611	157	0
3612		0
3613		0
3614		0
3615		0
3616	55	0
3617		0
3618		0
3619		0
3620	81	0
3621	158	0
3622		0
3623		0
3624		0
3625		0
3626	55	0
3627		0
3628		0
3629		0
3630	81	0
3631	159	0
3632		0
3633		0
3634		0
3635		0
3636	56	0
3637		0
3638		0
3639		0
3640	82	0
3641	160	0
3642		0
3643		0
3644		0
3645		0
3646	56	0
3647		0
3648		0
3649		0
3650	82	0
3651	161	0
3652		0
3653		0
3654		0
3655		0
3656	83	0
3657		0
3658		0
3659		0
3660	83	0
3661	162	0
3662		0
3663		0
3664		0
3665		0
3666	83	0
3667		0
3668		0
3669		0
3670	83	0
3671	163	0
3672		0
3673		0
3674		0
3675		0
3676	83	0
3677		0
3678		0
3679		0
3680	83	0
3681	164	0
3682		0
3683		0
3684		0
3685		0
3686	86	0
3687		0
3688		0
3689		0
3690	86	0
3691	165	0
3692		0
3693		0
3694		0
3695		0
3696	86	0
3697		0
3698		0
3699		0
3700	86	0
3701	166	0
3702		0
3703		0
3704		0
3705		0
3706	86	0
3707		0
3708		0
3709		0
3710	86	0
3711	167	0
3712		0
3713		0
3714		0
3715		0
3716	89	0
3717		0
3718		0
3719		0
3720	89	0
3721	168	0
3722		0
3723		0
3724		0
3725		0
3726	89	0
3727		0
3728		0
3729		0
3730	89	0
3731	169	0
3732		0
3733		0
3734		0
3735		0
3736	91	0
3737		0
3738		0
3739		0
3740	91	0
3741	170	0
3742		0
3743		0
3744		0
3745		0
3746	91	0
3747		0
3748		0
3749		0
3750	91	0
3751	171	0
3752		0
3753		0
3754		0
3755		0
3756	93	0
3757		0
3758		0
3759		0
3760	93	0
3761	172	0
3762		0
3763		0
3764		0
3765		0
3766	93	0
3767		0
3768		0
3769		0
3770	93	0
3771	173	0
3772		0
3773		0
3774		0
3775		0
3776	95	0
3777		0
3778		0
3779		0
3780	95	0
3781	174	0
3782		0
3783		0
3784		0
3785		0
3786	95	0
3787		0
3788		0
3789		0
3790	95	0
3791	175	0
3792		0
3793		0
3794		0
3795		0
3796	95	0
3797		0
3798		0
3799		0
3800	95	0
3801	176	0
3802		0
3803		0
3804		0
3805		0
3806	98	0
3807		0
3808		0
3809		0
3810	98	0
3811	177	0
3812		0
3813		0
3814		0
3815		0
3816	98	0
3817		0
3818		0
3819		0
3820	98	0
3821	178	0
3822		0
3823		0
3824		0
3825		0
3826	100	0
3827		0
3828		0
3829		0
3830	100	0
3831	179	0
3832		0
3833		0
3834		0
3835		0
3836	100	0
3837		0
3838		0
3839		0
3840	100	0
3841	180	0
3842		0
3843		0
3844		0
3845		0
3846	102	0
3847		0
3848		0
3849		0
3850	102	0
3851	181	0
3852		0
3853		0
3854		0
3855		0
3856	102	0
3857		0
3858		0
3859		0
3860	102	0
3861	182	0
3862		0
3863		0
3864		0
3865		0
3866	104	0
3867		0
3868		0
3869		0
3870	104	0
3871	183	0
3872		0
3873		0
3874		0
3875		0
3876	104	0
3877		0
3878		0
3879		0
3880	104	0
3881	184	0
3882		0
3883		0
3884		0
3885		0
3886	106	0
3887		0
3888		0
3889		0
3890	106	0
3891	185	0
3892		0
3893		0
3894		0
3895		0
3896	106	0
3897		0
3898		0
3899		0
3900	106	0
3901	186	0
3902		0
3903		0
3904		0
3905	2	0
3906	3	0
3907	29	0
3908	30	0
3909	31	0
3910	32	0
3911	25	0
3912	6	0
3913	7	0
3914	7	0
3915	7	0
3916	8	0
3917	8	0
3918	8	0
3919	9	0
3920	9	0
3921	9	0
3922	11	0
3923	11	0
3924	11	0
3925	12	0
3926	12	0
3927	12	0
3928	2	0
3929	3	0
3930	4	0
3931	5	0
3932	6	0
3933	7	0
3934	8	0
3935	9	0
3936	11	0
3937	12	0
3938	11	0
3939	12	0
3940	13	0
3941	15	0
3942	25	0
3943	22	0
3944	29	0
3945	30	0
3946	24	0
3947	43	0
3948	42	0
3949	33	0
3950		0
3951		0
3952		0
3953		0
3954		0
3955		0
3956		0
3957		0
3958		0
3959		0
3960		0
3961		0
3962		0
3963	29	0
3964	30	0
3965	31	0
3966	32	0
3967	25	0
3968		0
3969		0
3970		0
3971		0
3972		0
3973		0
3974		0
3975		0
3976		0
3977		0
3978		0
3979		0
3980		0
3981		0
3982		0
3983		0
3984		0
3985		0
3986		0
3987		0
3988		0
3989		0
3990		0
3991		0
3992		0
3993		0
3994		0
3995		0
3996		0
3997		0
3998	40	0
3999	66	0
4000		0
4001		0
4002		0
4003	40	0
4004	66	0
4005		0
4006		0
4007		0
4008	40	0
4009	66	0
4010		0
4011		0
4012		0
4013	40	0
4014	66	0
4015		0
4016		0
4017		0
4018		0
4019	43	0
4020		0
4021		0
4022		0
4023	69	0
4024		0
4025		0
4026		0
4027		0
4028		0
4029		0
4030		0
4031		0
4032		0
4033		0
4034		0
4035		0
4036		0
4037		0
4038		0
4039		0
4040		0
4041		0
4042		0
4043		0
4044		0
4045		0
4046		0
4047		0
4048		0
4049		0
4050		0
4051		0
4052		0
4053		0
4054		0
4055		0
4056		0
4057		0
4058		0
4059		0
4060		0
4061		0
4062		0
4063		0
4064		0
4065		0
4066		0
4067		0
4068		0
4069		0
4070		0
4071		0
4072		0
4073		0
4074		0
4075		0
4076		0
4077		0
4078		0
4079		0
4080		0
4081		0
4082		0
4083		0
4084		0
4085		0
4086		0
4087		0
4088		0
4089		0
4090		0
4091		0
4092		0
4093		0
4094		0
4095		0
4096		0
4097		0
4098		0
4099		0
4100		0
4101		0
4102		0
4103		0
4104		0
4105		0
4106		0
4107		0
4108		0
4109		0
4110		0
4111		0
4112		0
4113		0
4114		0
4115		0
4116		0
4117		0
4118		0
4119		0
4120		0
4121		0
4122		0
4123		0
4124		0
4125		0
4126		0
4127		0
4128		0
4129		0
4130		0
4131		0
4132		0
4133		0
4134		0
4135		0
4136		0
4137		0
4138		0
4139		0
4140		0
4141		0
4142		0
4143		0
4144		0
4145		0
4146		0
4147		0
4148		0
4149		0
4150		0
4151	23	0
4152		0
4153		0
4154		0
4155	49	0
4156	46	0
4157		0
4158		0
4159		0
4160		0
4161	23	0
4162		0
4163		0
4164		0
4165	49	0
4166	42	0
4167		0
4168		0
4169		0
4170		0
4171	23	0
4172		0
4173		0
4174		0
4175	49	0
4176	54	0
4177		0
4178		0
4179		0
4180		0
4181	24	0
4182		0
4183		0
4184		0
4185	50	0
4186	62	0
4187		0
4188		0
4189		0
4190		0
4191	24	0
4192		0
4193		0
4194		0
4195	50	0
4196	52	0
4197		0
4198		0
4199		0
4200		0
4201	24	0
4202		0
4203		0
4204		0
4205	50	0
4206	54	0
4207		0
4208		0
4209		0
4210		0
4211	25	0
4212		0
4213		0
4214		0
4215	51	0
4216	59	0
4217		0
4218		0
4219		0
4220		0
4221	25	0
4222		0
4223		0
4224		0
4225	51	0
4226	47	0
4227		0
4228		0
4229		0
4230		0
4231	25	0
4232		0
4233		0
4234		0
4235	51	0
4236	56	0
4237		0
4238		0
4239		0
4240		0
4241	25	0
4242		0
4243		0
4244		0
4245	51	0
4246	63	0
4247		0
4248		0
4249		0
4250		0
4251	26	0
4252		0
4253		0
4254		0
4255	52	0
4256	48	0
4257		0
4258		0
4259		0
4260		0
4261	26	0
4262		0
4263		0
4264		0
4265	52	0
4266	55	0
4267		0
4268		0
4269		0
4270		0
4271	26	0
4272		0
4273		0
4274		0
4275	52	0
4276	48	0
4277		0
4278		0
4279		0
4280		0
4281	26	0
4282		0
4283		0
4284		0
4285	52	0
4286	48	0
4287		0
4288		0
4289		0
4290		0
4291	26	0
4292		0
4293		0
4294		0
4295	52	0
4296	48	0
4297		0
4298		0
4299		0
4300		0
4301	27	0
4302		0
4303		0
4304		0
4305	53	0
4306	49	0
4307		0
4308		0
4309		0
4310		0
4311	27	0
4312		0
4313		0
4314		0
4315	53	0
4316	43	0
4317		0
4318		0
4319		0
4320		0
4321	28	0
4322		0
4323		0
4324		0
4325	54	0
4326	53	0
4327		0
4328		0
4329		0
4330		0
4331	28	0
4332		0
4333		0
4334		0
4335	54	0
4336	57	0
4337		0
4338		0
4339		0
4340		0
4341	29	0
4342		0
4343		0
4344		0
4345	55	0
4346	60	0
4347		0
4348		0
4349		0
4350		0
4351	29	0
4352		0
4353		0
4354		0
4355	55	0
4356	60	0
4357		0
4358		0
4359		0
4360		0
4361	29	0
4362		0
4363		0
4364		0
4365	55	0
4366	58	0
4367		0
4368		0
4369		0
4370		0
4371	29	0
4372		0
4373		0
4374		0
4375	55	0
4376	61	0
4377		0
4378		0
4379		0
4380		0
4381	20	0
4382		0
4383		0
4384		0
4385	21	0
4386	109	0
4387		0
4388		0
4389		0
4390		0
4391	20	0
4392		0
4393		0
4394		0
4395	21	0
4396	109	0
4397		0
4398		0
4399		0
4400		0
4401	23	0
4402		0
4403		0
4404		0
4405	49	0
4406	46	0
4407		0
4408		0
4409		0
4410		0
4411	23	0
4412		0
4413		0
4414		0
4415	49	0
4416	42	0
4417		0
4418		0
4419		0
4420		0
4421	23	0
4422		0
4423		0
4424		0
4425	49	0
4426	54	0
4427		0
4428		0
4429		0
4430		0
4431	24	0
4432		0
4433		0
4434		0
4435	50	0
4436	62	0
4437		0
4438		0
4439		0
4440		0
4441	24	0
4442		0
4443		0
4444		0
4445	50	0
4446	52	0
4447		0
4448		0
4449		0
4450		0
4451	24	0
4452		0
4453		0
4454		0
4455	50	0
4456	54	0
4457		0
4458		0
4459		0
4460		0
4461	25	0
4462		0
4463		0
4464		0
4465	51	0
4466	59	0
4467		0
4468		0
4469		0
4470		0
4471	25	0
4472		0
4473		0
4474		0
4475	51	0
4476	47	0
4477		0
4478		0
4479		0
4480		0
4481	25	0
4482		0
4483		0
4484		0
4485	51	0
4486	56	0
4487		0
4488		0
4489		0
4490		0
4491	25	0
4492		0
4493		0
4494		0
4495	51	0
4496	63	0
4497		0
4498		0
4499		0
4500		0
4501	26	0
4502		0
4503		0
4504		0
4505	52	0
4506	48	0
4507		0
4508		0
4509		0
4510		0
4511	26	0
4512		0
4513		0
4514		0
4515	52	0
4516	55	0
4517		0
4518		0
4519		0
4520		0
4521	26	0
4522		0
4523		0
4524		0
4525	52	0
4526	48	0
4527		0
4528		0
4529		0
4530		0
4531	26	0
4532		0
4533		0
4534		0
4535	52	0
4536	48	0
4537		0
4538		0
4539		0
4540		0
4541	26	0
4542		0
4543		0
4544		0
4545	52	0
4546	48	0
4547		0
4548		0
4549		0
4550		0
4551	27	0
4552		0
4553		0
4554		0
4555	53	0
4556	49	0
4557		0
4558		0
4559		0
4560		0
4561	27	0
4562		0
4563		0
4564		0
4565	53	0
4566	43	0
4567		0
4568		0
4569		0
4570		0
4571	28	0
4572		0
4573		0
4574		0
4575	54	0
4576	53	0
4577		0
4578		0
4579		0
4580		0
4581	28	0
4582		0
4583		0
4584		0
4585	54	0
4586	57	0
4587		0
4588		0
4589		0
4590		0
4591	29	0
4592		0
4593		0
4594		0
4595	55	0
4596	60	0
4597		0
4598		0
4599		0
4600		0
4601	29	0
4602		0
4603		0
4604		0
4605	55	0
4606	60	0
4607		0
4608		0
4609		0
4610		0
4611	29	0
4612		0
4613		0
4614		0
4615	55	0
4616	58	0
4617		0
4618		0
4619		0
4620		0
4621	29	0
4622		0
4623		0
4624		0
4625	55	0
4626	61	0
4627		0
4628		0
4629		0
4630		0
4631	41	0
4632		0
4633		0
4634		0
4635	67	0
4636	110	0
4637		0
4638		0
4639		0
4640		0
4641	41	0
4642		0
4643		0
4644		0
4645	67	0
4646	110	0
4647		0
4648		0
4649		0
4650		0
4651	23	0
4652		0
4653		0
4654		0
4655	49	0
4656	46	0
4657		0
4658		0
4659		0
4660		0
4661	23	0
4662		0
4663		0
4664		0
4665	49	0
4666	42	0
4667		0
4668		0
4669		0
4670		0
4671	23	0
4672		0
4673		0
4674		0
4675	49	0
4676	54	0
4677		0
4678		0
4679		0
4680		0
4681	24	0
4682		0
4683		0
4684		0
4685	50	0
4686	62	0
4687		0
4688		0
4689		0
4690		0
4691	24	0
4692		0
4693		0
4694		0
4695	50	0
4696	52	0
4697		0
4698		0
4699		0
4700		0
4701	24	0
4702		0
4703		0
4704		0
4705	50	0
4706	54	0
4707		0
4708		0
4709		0
4710		0
4711	25	0
4712		0
4713		0
4714		0
4715	51	0
4716	59	0
4717		0
4718		0
4719		0
4720		0
4721	25	0
4722		0
4723		0
4724		0
4725	51	0
4726	47	0
4727		0
4728		0
4729		0
4730		0
4731	25	0
4732		0
4733		0
4734		0
4735	51	0
4736	56	0
4737		0
4738		0
4739		0
4740		0
4741	25	0
4742		0
4743		0
4744		0
4745	51	0
4746	63	0
4747		0
4748		0
4749		0
4750		0
4751	26	0
4752		0
4753		0
4754		0
4755	52	0
4756	48	0
4757		0
4758		0
4759		0
4760		0
4761	26	0
4762		0
4763		0
4764		0
4765	52	0
4766	55	0
4767		0
4768		0
4769		0
4770		0
4771	26	0
4772		0
4773		0
4774		0
4775	52	0
4776	48	0
4777		0
4778		0
4779		0
4780		0
4781	26	0
4782		0
4783		0
4784		0
4785	52	0
4786	48	0
4787		0
4788		0
4789		0
4790		0
4791	26	0
4792		0
4793		0
4794		0
4795	52	0
4796	48	0
4797		0
4798		0
4799		0
4800		0
4801	27	0
4802		0
4803		0
4804		0
4805	53	0
4806	49	0
4807		0
4808		0
4809		0
4810		0
4811	27	0
4812		0
4813		0
4814		0
4815	53	0
4816	43	0
4817		0
4818		0
4819		0
4820		0
4821	28	0
4822		0
4823		0
4824		0
4825	54	0
4826	53	0
4827		0
4828		0
4829		0
4830		0
4831	28	0
4832		0
4833		0
4834		0
4835	54	0
4836	57	0
4837		0
4838		0
4839		0
4840		0
4841	29	0
4842		0
4843		0
4844		0
4845	55	0
4846	60	0
4847		0
4848		0
4849		0
4850		0
4851	29	0
4852		0
4853		0
4854		0
4855	55	0
4856	60	0
4857		0
4858		0
4859		0
4860		0
4861	29	0
4862		0
4863		0
4864		0
4865	55	0
4866	58	0
4867		0
4868		0
4869		0
4870		0
4871	29	0
4872		0
4873		0
4874		0
4875	55	0
4876	61	0
4877		0
4878		0
4879		0
4880		0
4881	41	0
4882		0
4883		0
4884		0
4885	67	0
4886	110	0
4887		0
4888		0
4889		0
4890		0
4891	41	0
4892		0
4893		0
4894		0
4895	67	0
4896	110	0
4897		0
4898		0
4899		0
4900		0
4901	30	0
4902		0
4903		0
4904		0
4905	56	0
4906	86	0
4907		0
4908		0
4909		0
4910		0
4911	30	0
4912		0
4913		0
4914		0
4915	56	0
4916	87	0
4917		0
4918		0
4919		0
4920		0
4921	30	0
4922		0
4923		0
4924		0
4925	56	0
4926	88	0
4927		0
4928		0
4929		0
4930		0
4931	31	0
4932		0
4933		0
4934		0
4935	57	0
4936	89	0
4937		0
4938		0
4939		0
4940		0
4941	31	0
4942		0
4943		0
4944		0
4945	57	0
4946	90	0
4947		0
4948		0
4949		0
4950		0
4951	31	0
4952		0
4953		0
4954		0
4955	57	0
4956	91	0
4957		0
4958		0
4959		0
4960		0
4961	32	0
4962		0
4963		0
4964		0
4965	58	0
4966	92	0
4967		0
4968		0
4969		0
4970		0
4971	32	0
4972		0
4973		0
4974		0
4975	58	0
4976	93	0
4977		0
4978		0
4979		0
4980		0
4981	33	0
4982		0
4983		0
4984		0
4985	59	0
4986	94	0
4987		0
4988		0
4989		0
4990		0
4991	33	0
4992		0
4993		0
4994		0
4995	59	0
4996	95	0
4997		0
4998		0
4999		0
5000		0
5001	34	0
5002		0
5003		0
5004		0
5005	60	0
5006	96	0
5007		0
5008		0
5009		0
5010		0
5011	34	0
5012		0
5013		0
5014		0
5015	60	0
5016	97	0
5017		0
5018		0
5019		0
5020		0
5021	35	0
5022		0
5023		0
5024		0
5025	61	0
5026	98	0
5027		0
5028		0
5029		0
5030		0
5031	35	0
5032		0
5033		0
5034		0
5035	61	0
5036	99	0
5037		0
5038		0
5039		0
5040		0
5041	35	0
5042		0
5043		0
5044		0
5045	61	0
5046	100	0
5047		0
5048		0
5049		0
5050		0
5051	36	0
5052		0
5053		0
5054		0
5055	62	0
5056	101	0
5057		0
5058		0
5059		0
5060		0
5061	36	0
5062		0
5063		0
5064		0
5065	62	0
5066	102	0
5067		0
5068		0
5069		0
5070		0
5071	37	0
5072		0
5073		0
5074		0
5075	63	0
5076	103	0
5077		0
5078		0
5079		0
5080		0
5081	37	0
5082		0
5083		0
5084		0
5085	63	0
5086	104	0
5087		0
5088		0
5089		0
5090		0
5091	38	0
5092		0
5093		0
5094		0
5095	64	0
5096	105	0
5097		0
5098		0
5099		0
5100		0
5101	38	0
5102		0
5103		0
5104		0
5105	64	0
5106	106	0
5107		0
5108		0
5109		0
5110		0
5111	39	0
5112		0
5113		0
5114		0
5115	65	0
5116	107	0
5117		0
5118		0
5119		0
5120		0
5121	39	0
5122		0
5123		0
5124		0
5125	65	0
5126	108	0
5127		0
5128		0
5129		0
5130		0
5131	45	0
5132		0
5133		0
5134		0
5135	71	0
5136	111	0
5137		0
5138		0
5139		0
5140		0
5141	45	0
5142		0
5143		0
5144		0
5145	71	0
5146	111	0
5147		0
5148		0
5149		0
5150		0
5151	30	0
5152		0
5153		0
5154		0
5155	56	0
5156	112	0
5157		0
5158		0
5159		0
5160		0
5161	30	0
5162		0
5163		0
5164		0
5165	56	0
5166	113	0
5167		0
5168		0
5169		0
5170		0
5171	30	0
5172		0
5173		0
5174		0
5175	56	0
5176	114	0
5177		0
5178		0
5179		0
5180		0
5181	31	0
5182		0
5183		0
5184		0
5185	57	0
5186	115	0
5187		0
5188		0
5189		0
5190		0
5191	31	0
5192		0
5193		0
5194		0
5195	57	0
5196	116	0
5197		0
5198		0
5199		0
5200		0
5201	31	0
5202		0
5203		0
5204		0
5205	57	0
5206	117	0
5207		0
5208		0
5209		0
5210		0
5211	32	0
5212		0
5213		0
5214		0
5215	58	0
5216	118	0
5217		0
5218		0
5219		0
5220		0
5221	32	0
5222		0
5223		0
5224		0
5225	58	0
5226	119	0
5227		0
5228		0
5229		0
5230		0
5231	33	0
5232		0
5233		0
5234		0
5235	59	0
5236	120	0
5237		0
5238		0
5239		0
5240		0
5241	33	0
5242		0
5243		0
5244		0
5245	59	0
5246	121	0
5247		0
5248		0
5249		0
5250		0
5251	34	0
5252		0
5253		0
5254		0
5255	60	0
5256	122	0
5257		0
5258		0
5259		0
5260		0
5261	34	0
5262		0
5263		0
5264		0
5265	60	0
5266	123	0
5267		0
5268		0
5269		0
5270		0
5271	35	0
5272		0
5273		0
5274		0
5275	61	0
5276	124	0
5277		0
5278		0
5279		0
5280		0
5281	35	0
5282		0
5283		0
5284		0
5285	61	0
5286	125	0
5287		0
5288		0
5289		0
5290		0
5291	35	0
5292		0
5293		0
5294		0
5295	61	0
5296	126	0
5297		0
5298		0
5299		0
5300		0
5301	36	0
5302		0
5303		0
5304		0
5305	62	0
5306	127	0
5307		0
5308		0
5309		0
5310		0
5311	36	0
5312		0
5313		0
5314		0
5315	62	0
5316	128	0
5317		0
5318		0
5319		0
5320		0
5321	37	0
5322		0
5323		0
5324		0
5325	63	0
5326	129	0
5327		0
5328		0
5329		0
5330		0
5331	37	0
5332		0
5333		0
5334		0
5335	63	0
5336	130	0
5337		0
5338		0
5339		0
5340		0
5341	38	0
5342		0
5343		0
5344		0
5345	64	0
5346	131	0
5347		0
5348		0
5349		0
5350		0
5351	38	0
5352		0
5353		0
5354		0
5355	64	0
5356	132	0
5357		0
5358		0
5359		0
5360		0
5361	39	0
5362		0
5363		0
5364		0
5365	65	0
5366	133	0
5367		0
5368		0
5369		0
5370		0
5371	39	0
5372		0
5373		0
5374		0
5375	65	0
5376	134	0
5377		0
5378		0
5379		0
5380		0
5381	45	0
5382		0
5383		0
5384		0
5385	71	0
5386	135	0
5387		0
5388		0
5389		0
5390		0
5391	45	0
5392		0
5393		0
5394		0
5395	71	0
5396	136	0
5397		0
5398		0
5399		0
5400		0
5401	46	0
5402		0
5403		0
5404		0
5405	72	0
5406	137	0
5407		0
5408		0
5409		0
5410		0
5411	46	0
5412		0
5413		0
5414		0
5415	72	0
5416	138	0
5417		0
5418		0
5419		0
5420		0
5421	46	0
5422		0
5423		0
5424		0
5425	72	0
5426	139	0
5427		0
5428		0
5429		0
5430		0
5431	47	0
5432		0
5433		0
5434		0
5435	73	0
5436	140	0
5437		0
5438		0
5439		0
5440		0
5441	47	0
5442		0
5443		0
5444		0
5445	73	0
5446	141	0
5447		0
5448		0
5449		0
5450		0
5451	47	0
5452		0
5453		0
5454		0
5455	73	0
5456	142	0
5457		0
5458		0
5459		0
5460		0
5461	48	0
5462		0
5463		0
5464		0
5465	74	0
5466	143	0
5467		0
5468		0
5469		0
5470		0
5471	48	0
5472		0
5473		0
5474		0
5475	74	0
5476	144	0
5477		0
5478		0
5479		0
5480		0
5481	49	0
5482		0
5483		0
5484		0
5485	75	0
5486	145	0
5487		0
5488		0
5489		0
5490		0
5491	49	0
5492		0
5493		0
5494		0
5495	75	0
5496	146	0
5497		0
5498		0
5499		0
5500		0
5501	50	0
5502		0
5503		0
5504		0
5505	76	0
5506	147	0
5507		0
5508		0
5509		0
5510		0
5511	50	0
5512		0
5513		0
5514		0
5515	76	0
5516	148	0
5517		0
5518		0
5519		0
5520		0
5521	51	0
5522		0
5523		0
5524		0
5525	77	0
5526	149	0
5527		0
5528		0
5529		0
5530		0
5531	51	0
5532		0
5533		0
5534		0
5535	77	0
5536	150	0
5537		0
5538		0
5539		0
5540		0
5541	51	0
5542		0
5543		0
5544		0
5545	77	0
5546	151	0
5547		0
5548		0
5549		0
5550		0
5551	52	0
5552		0
5553		0
5554		0
5555	78	0
5556	152	0
5557		0
5558		0
5559		0
5560		0
5561	52	0
5562		0
5563		0
5564		0
5565	78	0
5566	153	0
5567		0
5568		0
5569		0
5570		0
5571	53	0
5572		0
5573		0
5574		0
5575	79	0
5576	154	0
5577		0
5578		0
5579		0
5580		0
5581	53	0
5582		0
5583		0
5584		0
5585	79	0
5586	155	0
5587		0
5588		0
5589		0
5590		0
5591	54	0
5592		0
5593		0
5594		0
5595	80	0
5596	156	0
5597		0
5598		0
5599		0
5600		0
5601	54	0
5602		0
5603		0
5604		0
5605	80	0
5606	157	0
5607		0
5608		0
5609		0
5610		0
5611	55	0
5612		0
5613		0
5614		0
5615	81	0
5616	158	0
5617		0
5618		0
5619		0
5620		0
5621	55	0
5622		0
5623		0
5624		0
5625	81	0
5626	159	0
5627		0
5628		0
5629		0
5630		0
5631	56	0
5632		0
5633		0
5634		0
5635	82	0
5636	160	0
5637		0
5638		0
5639		0
5640		0
5641	56	0
5642		0
5643		0
5644		0
5645	82	0
5646	161	0
5647		0
5648		0
5649		0
5650		0
5651	83	0
5652		0
5653		0
5654		0
5655	83	0
5656	162	0
5657		0
5658		0
5659		0
5660		0
5661	83	0
5662		0
5663		0
5664		0
5665	83	0
5666	163	0
5667		0
5668		0
5669		0
5670		0
5671	83	0
5672		0
5673		0
5674		0
5675	83	0
5676	164	0
5677		0
5678		0
5679		0
5780		0
5681	86	0
5682		0
5683		0
5684		0
5685	86	0
5686	165	0
5687		0
5688		0
5689		0
5690		0
5691	86	0
5692		0
5693		0
5694		0
5695	86	0
5696	166	0
5697		0
5698		0
5699		0
5700		0
5701	86	0
5702		0
5703		0
5704		0
5705	86	0
5706	167	0
5707		0
5708		0
5709		0
5710		0
5711	89	0
5712		0
5713		0
5714		0
5715	89	0
5716	168	0
5717		0
5718		0
5719		0
5720		0
5721	89	0
5722		0
5723		0
5724		0
5725	89	0
5726	169	0
5727		0
5728		0
5729		0
5730		0
5731	91	0
5732		0
5733		0
5734		0
5735	91	0
5736	170	0
5737		0
5738		0
5739		0
5740		0
5741	91	0
5742		0
5743		0
5744		0
5745	91	0
5746	171	0
5747		0
5748		0
5749		0
5750		0
5751	93	0
5752		0
5753		0
5754		0
5755	93	0
5756	172	0
5757		0
5758		0
5759		0
5760		0
5761	93	0
5762		0
5763		0
5764		0
5765	93	0
5766	173	0
5767		0
5768		0
5769		0
5770		0
5771	95	0
5772		0
5773		0
5774		0
5775	95	0
5776	174	0
5777		0
5778		0
5779		0
5780		0
5781	95	0
5782		0
5783		0
5784		0
5785	95	0
5786	175	0
5787		0
5788		0
5789		0
5790		0
5791	95	0
5792		0
5793		0
5794		0
5795	95	0
5796	176	0
5797		0
5798		0
5799		0
5800		0
5801	98	0
5802		0
5803		0
5804		0
5805	98	0
5806	177	0
5807		0
5808		0
5809		0
5810		0
5811	98	0
5812		0
5813		0
5814		0
5815	98	0
5816	178	0
5817		0
5818		0
5819		0
5820		0
5821	100	0
5822		0
5823		0
5824		0
5825	100	0
5826	179	0
5827		0
5828		0
5829		0
5830		0
5831	100	0
5832		0
5833		0
5834		0
5835	100	0
5836	180	0
5837		0
5838		0
5839		0
5840		0
5841	102	0
5842		0
5843		0
5844		0
5845	102	0
5846	181	0
5847		0
5848		0
5849		0
5850		0
5851	102	0
5852		0
5853		0
5854		0
5855	102	0
5856	182	0
5857		0
5858		0
5859		0
5860		0
5861	104	0
5862		0
5863		0
5864		0
5865	104	0
5866	183	0
5867		0
5868		0
5869		0
5870		0
5871	104	0
5872		0
5873		0
5874		0
5875	104	0
5876	184	0
5877		0
5878		0
5879		0
5880		0
5881	106	0
5882		0
5883		0
5884		0
5885	106	0
5886	185	0
5887		0
5888		0
5889		0
5890		0
5891	106	0
5892		0
5893		0
5894		0
5895	106	0
5896	186	0
5897		0
5898		0
5899		0
5900	3	0
5901	3	0
5902	3	0
5903	3	0
5904	3	0
5905	3	0
5906	3	0
5907	3	0
5908	3	0
5909	3	0
5910	4	0
5911	4	0
5912	4	0
5913	4	0
5914	4	0
5915	4	0
5916	4	0
5917	4	0
5918	4	0
5919	4	0
5920	5	0
5921	5	0
5922	5	0
5923	5	0
5924	5	0
5925	5	0
5926	5	0
5927	5	0
5928	5	0
5929	5	0
5930	6	0
5931	6	0
5932	6	0
5933	6	0
5934	6	0
5935	6	0
5936	6	0
5937	6	0
5938	6	0
5939	6	0
5940	7	0
5941	7	0
5942	7	0
5943	7	0
5944	7	0
5945	7	0
5946	7	0
5947	7	0
5948	7	0
5949	7	0
5950	8	0
5951	8	0
5952	8	0
5953	8	0
5954	8	0
5955	8	0
5956	8	0
5957	8	0
5958	8	0
5959	8	0
5960	9	0
5961	9	0
5962	9	0
5963	9	0
5964	9	0
5965	9	0
5966	9	0
5967	9	0
5968	9	0
5969	9	0
5970	11	0
5971	11	0
5972	11	0
5973	11	0
5974	11	0
5975	11	0
5976	11	0
5977	11	0
5978	11	0
5979	11	0
5980	12	0
5981	44	0
5982	70	0
5983		0
5984		0
5985		0
5986	70	0
5987	70	0
5988	40	0
5989	66	0
5990		0
5991		0
5992		0
5993	25	0
5994	21	0
5995	22	0
5996	23	0
5997	26	0
5998	27	0
5999	28	0
6000	19	0
6001		0
6002		0
6003		0
6004	29	0
6005	30	0
6006	31	0
6007	32	0
6008	25	0
6009		0
6010	3	0
6011	112	0
6012	113	0
6013	114	0
6014	115	0
6015	116	0
6016	117	0
6017	118	0
6018	119	0
6019	120	0
6020	121	0
6021	122	0
6022	123	0
6023	124	0
6024	125	0
6025	126	0
6026	127	0
6027	128	0
6028	129	0
6029	130	0
6030	131	0
6031	132	0
6032	133	0
6033	134	0
6034	135	0
6035	136	0
6036	7	0
6037	7	0
6038	7	0
6039	7	0
6040	7	0
6041	7	0
6042	7	0
6043	24	0
6044	7	0
6045		0
6046		0
6047		0
6048		0
6049	24	0
6050		0
6051		0
6052	8	0
6053	8	0
6054	8	0
6055	8	0
6056	8	0
6057	8	0
6058		
6059		
6060		
6061		
6062		
6063		
6064		
6065		
6066		
6067		
6068		
6069		
6070		
6071		
6072		
6073		
6074		
6075		
6076		
6077		
6078	8	0
6079	8	0
6080	8	0
6081	8	0
6082	8	0
6083	8	0
6084	8	0
6085	8	0
6086	8	0
6087	8	0
6088	8	0
6089	8	0
6090	8	0
6091	8	0
6092	8	0
6093	8	0
6094	8	0
6095	8	0
6096	8	0
6097	8	0
6098	8	0
6099	8	0
6100	8	0
6101	8	0
6102	8	0
6103	8	0
6104	8	0
6105	8	0
6106	8	0
6107	8	0
6108	8	0
6109	8	0
6110	8	0
6111	8	0
6112	8	0
6113	8	0
6114	36	0
6115	37	0
6116	38	0
6117	39	0
6118	40	0
6119	41	0
6120	42	0
6121	43	0
6122	44	0
6123	45	0
6124	46	0
6125	47	0
6126	48	0
6127	0	0
6128	0	0
6129	15	0
6130		
6131		
6132		
6133		
6134		
6135		
6136		
6137		
6138		
6139		
6140		
6141		
6142		
6143		
6144		
6145		
6146		
6147		
6148		
6149		
6150		
6151		
6152		
6153		
6154		
6155		
6156		
6157		
6158		
6159		
6160		
6161	9	
6162	9	
6163	9	
6164	9	
6165	9	
6166	9	
6167	9	
6168	9	
6169	9	
6170	9	
6171	9	
6172	9	
6173	9	
6174	9	
6175	9	
6176	9	
6177	9	
6178	9	
6179	9	
6180	9	
6181	9	
6182	9	
6183	9	
6184	9	
6185	9	
6186	9	
6187	9	
6188	9	
6189	9	
6190	9	
6191	9	
6192	9	
6193	9	
6194	9	
6195	9	
6196	9	
6197	9	
6198	9	
6199	9	
6200	9	
6201	9	
6202	9	
6203	9	
6204	9	
6205	9	
6206	9	
6207	9	
6208	9	
6209	9	
6210	9	
6211	9	
6212	9	
6213	9	
6214	9	
6215	9	
6216	9	
6217	9	
6218	9	
6219	9	
6220	9	
6221	9	
6222	9	
6223	9	
6224	9	
6225	9	
6226	9	
6227	9	
6228	9	
6229	9	
6230	9	
6231	9	
6232	9	
6233	9	
6234	9	
6235	9	
6236	9	
6237	9	
6238	9	
6239	9	
6240	9	
6241	9	
6242	9	
6243	9	
6244	9	
6245	9	
6246	9	
6247	9	
6248	9	
6249	9	
6250	9	
6251	9	
6252	9	
6253	9	
6254	9	
6255	9	
6256	9	
6257	9	
6258	9	
6259	9	
6260	9	
6261	9	
6262	9	
6263	9	
6264	9	
6265	9	
6266	9	
6267	9	
6268	9	
6269	9	
6270	9	
6271	9	
6272	9	
6273	9	
6274	9	
6275	9	
6276	9	
6277	9	
6278	9	
6279	9	
6280	9	
6281	9	
6282	9	
6283	9	
6284	9	
6285	9	
6286	9	
6287	9	
6288	9	
6289	9	
6290	9	
6291	9	
6292	9	
6293	9	
6294	9	
6295	9	
6296	9	
6297	9	
6298	9	
6299	9	
6300	9	
6301	9	
6302	9	
6303	9	
6304	9	
6305	9	
6306	9	
6307	9	
6308	9	
6309	9	
6310	9	
6311	9	
6312	9	
6313	9	
6314	9	
6315	9	
6316	9	
6317	9	
6318	9	
6319	9	
6320	9	
6321	9	
6322	9	
6323	9	
6324	9	
6325	9	
6326	9	
6327	9	
6328	9	
6329	9	
6330	9	
6331	9	
6332	9	
6333	9	
6334	9	
6335	9	
6336	9	
6337	9	
6338	9	
6339	9	
6340	9	
6341	9	
6342	9	
6343	9	
6344	9	
6345	9	
6346	9	
6347	9	
6348	9	
6349	9	
6350	9	
6351	9	
6352	9	
6353	9	
6354	9	
6355	9	
6356	9	
6357	9	
6358	9	
6359	9	
6360	9	
6361	9	
6362	9	
6363	9	
6364	9	
6365	9	
6366	9	
6367	9	
6368	9	
6369	9	
6370	9	
6371	9	
6372	9	
6373	9	
6374	9	
6375	9	
6376	9	
6377	9	
6378	9	
6379	9	
6380	9	
6381	9	
6382	9	
6383	9	
6384	9	
6385	9	
6386	9	
6387	9	
6388	9	
6389	9	
6390	9	
6391	9	
6392	9	
6393	9	
6394	9	
6395	9	
6396	9	
6397	9	
6398	9	
6399	9	
6400	9	
6401	9	
6402	9	
6403	9	
6404	9	
6405	9	
6406	9	
6407	9	
6408	9	
6409	9	
6410	9	
6411	9	
6412	9	
6413	9	
6414	9	
6415	9	
6416	9	
6417	9	
6418	9	
6419	9	
6420	9	
6421	9	
6422	9	
6423	9	
6424	9	
6425	9	
6426	9	
6427	9	
6428	9	
6429	9	
6430	9	
6431	9	
6432	9	
6433	9	
6434	9	
6435	9	
6436	9	
6437	9	
6438	9	
6439	9	
6440	9	
6441	9	
6442	9	
6443	9	
6444	9	
6445	9	
6446	9	
6447	9	
6448	9	
6449	9	
6450	9	
6451	9	
6452	9	
6453	9	
6454	9	
6455	9	
6456	9	
6457	9	
6458	9	
6459	9	
6460	9	
6461		
6462		
6463		
6464		
6465		
6466		
6467		
6468		
6469		
6470		
6471		
6472		
6473		
6474		
6475		
6476		
6477		
6478		
6479		
6480		
6481		0
6482	46	0
6483		0
6484		0
6485		0
6486	72	0
6487	137	0
6488		0
6489		0
6490		0
6491		0
6492	46	0
6493		0
6494		0
6495		0
6496	72	0
6497	138	0
6498		0
6499		0
6500		0
6501		0
6502	46	0
6503		0
6504		0
6505		0
6506	72	0
6507	139	0
6508		0
6509		0
6510		0
6511		0
6512	47	0
6513		0
6514		0
6515		0
6516	73	0
6517	140	0
6518		0
6519		0
6520		0
6521		0
6522	47	0
6523		0
6524		0
6525		0
6526	73	0
6527	141	0
6528		0
6529		0
6530		0
6531		0
6532	47	0
6533		0
6534		0
6535		0
6536	73	0
6537	142	0
6538		0
6539		0
6540		0
6541		0
6542	48	0
6543		0
6544		0
6545		0
6546	74	0
6547	143	0
6548		0
6549		0
6550		0
6551		0
6552	48	0
6553		0
6554		0
6555		0
6556	74	0
6557	144	0
6558		0
6559		0
6560		0
6561		0
6562	49	0
6563		0
6564		0
6565		0
6566	75	0
6567	145	0
6568		0
6569		0
6570		0
6571		0
6572	49	0
6573		0
6574		0
6575		0
6576	75	0
6577	146	0
6578		0
6579		0
6580		0
6581		0
6582	50	0
6583		0
6584		0
6585		0
6586	76	0
6587	147	0
6588		0
6589		0
6590		0
6591		0
6592	50	0
6593		0
6594		0
6595		0
6596	76	0
6597	148	0
6598		0
6599		0
6600		0
6601		0
6602	51	0
6603		0
6604		0
6605		0
6606	77	0
6607	149	0
6608		0
6609		0
6610		0
6611		0
6612	51	0
6613		0
6614		0
6615		0
6616	77	0
6617	150	0
6618		0
6619		0
6620		0
6621		0
6622	51	0
6623		0
6624		0
6625		0
6626	77	0
6627	151	0
6628		0
6629		0
6630		0
6631		0
6632	52	0
6633		0
6634		0
6635		0
6636	78	0
6637	152	0
6638		0
6639		0
6640		0
6641		0
6642	52	0
6643		0
6644		0
6645		0
6646	78	0
6647	153	0
6648		0
6649		0
6650		0
6651		0
6652	53	0
6653		0
6654		0
6655		0
6656	79	0
6657	154	0
6658		0
6659		0
6660		0
6661		0
6662	53	0
6663		0
6664		0
6665		0
6666	79	0
6667	155	0
6668		0
6669		0
6670		0
6671		0
6672	54	0
6673		0
6674		0
6675		0
6676	80	0
6677	156	0
6678		0
6679		0
6680		0
6681		0
6682	54	0
6683		0
6684		0
6685		0
6686	80	0
6687	157	0
6688		0
6689		0
6690		0
6691		0
6692	55	0
6693		0
6694		0
6695		0
6696	81	0
6697	158	0
6698		0
6699		0
6700		0
6701		0
6702	55	0
6703		0
6704		0
6705		0
6706	81	0
6707	159	0
6708		0
6709		0
6710		0
6711		0
6712	56	0
6713		0
6714		0
6715		0
6716	82	0
6717	160	0
6718		0
6719		0
6720		0
6721		0
6722	56	0
6723		0
6724		0
6725		0
6726	82	0
6727	161	0
6728		0
6729		0
6730		0
6731	24	0
6732	19	0
6733		0
6734		0
6735		0
6736		0
6737		0
6738		0
6739		0
6740		0
6741		0
6742		0
6743		0
6744		0
6745		0
6746		0
6747		0
6748		0
6749		0
6750		0
6751		0
6752		0
6753		0
6754		0
6755	19	0
6756	13	0
6757	19	0
6758	13	0
6759		0
6760	24	0
6761	27	0
6762	28	0
6763	11	0
6764	11	0
6765	11	0
6766	11	0
6767	11	0
6768	11	0
6769	11	0
6770	11	0
6771	11	0
6772	11	0
6773	11	0
6774	11	0
6775	11	0
6776	11	0
6777	11	0
6778	11	0
6779	11	0
6780	11	0
6781	11	0
6782	11	0
6783	11	0
6784	11	0
6785	11	0
6786	11	0
6787	11	0
6788	11	0
6789	11	0
6790	11	0
6791	11	0
6792	11	0
6793	11	0
6794	11	0
6795	11	0
6796	11	0
6797	11	0
6798	11	0
6799	11	0
6800	11	0
6801	11	0
6802	11	0
6803	11	0
6804	11	0
6805	11	0
6806	11	0
6807	11	0
6808	11	0
6809	11	0
6810	11	0
6811	11	0
6812	11	0
6813	11	0
6814	11	0
6815	11	0
6816	11	0
6817	11	0
6818	11	0
6819	11	0
6820	11	0
6821	11	0
6822	11	0
6823	11	0
6824	11	0
6825	11	0
6826	11	0
6827	11	0
6828	11	0
6829	11	0
6830	11	0
6831	11	0
6832	11	0
6833	11	0
6834	11	0
6835	11	0
6836	11	0
6837	11	0
6838	11	0
6839	11	0
6840	11	0
6841	11	0
6842	11	0
6843	11	0
6844	11	0
6845	11	0
6846	11	0
6847	11	0
6848	11	0
6849	11	0
6850	11	0
6851	11	0
6852	11	0
6853	11	0
6854	11	0
6855	11	0
6856	11	0
6857	11	0
6858	11	0
6859	11	0
6860	11	0
6861	11	0
6862	11	0
6863	11	0
6864	11	0
6865	11	0
6866	11	0
6867	11	0
6868	11	0
6869	11	0
6870	11	0
6871	11	0
6872	11	0
6873	11	0
6874	11	0
6875	11	0
6876	11	0
6877	11	0
6878	11	0
6879	11	0
6880	11	0
6881	11	0
6882	11	0
6883	11	0
6884	11	0
6885	11	0
6886	11	0
6887	11	0
6888	11	0
6889	11	0
6890	11	0
6891	11	0
6892	11	0
6893	11	0
6894	11	0
6895	11	0
6896	11	0
6897	11	0
6898	11	0
6899	11	0
6900	11	0
6901	11	0
6902	11	0
6903	11	0
6904	11	0
6905	11	0
6906	11	0
6907	11	0
6908	11	0
6909	11	0
6910	11	0
6911	11	0
6912	11	0
6913	11	0
6914	11	0
6915	11	0
6916	11	0
6917	11	0
6918	11	0
6919	11	0
6920	11	0
6921	11	0
6922	11	0
6923	11	0
6924	11	0
6925	11	0
6926	11	0
6927	11	0
6928	11	0
6929	11	0
6930	11	0
6931	11	0
6932	11	0
6933	11	0
6934	11	0
6935	11	0
6936	11	0
6937	11	0
6938	11	0
6939	11	0
6940	11	0
6941	11	0
6942	11	0
6943	11	0
6944	11	0
6945	11	0
6946	11	0
6947	11	0
6948	11	0
6949	11	0
6950	11	0
6951	11	0
6952	11	0
6953	11	0
6954	11	0
6955	11	0
6956	11	0
6957	11	0
6958	11	0
6959	11	0
6960	11	0
6961	11	0
6962	11	0
6963	11	0
6964	11	0
6965	11	0
6966	11	0
6967	11	0
6968	11	0
6969	11	0
6970	11	0
6971	11	0
6972	11	0
6973	11	0
6974	11	0
6975	11	0
6976	11	0
6977	11	0
6978	11	0
6979	11	0
6980	11	0
6981	11	0
6982	11	0
6983	11	0
6984	11	0
6985	11	0
6986	11	0
6987	11	0
6988	11	0
6989	11	0
6990	11	0
6991	11	0
6992	11	0
6993	11	0
6994	11	0
6995	11	0
6996	11	0
6997	11	0
6998	11	0
6999	11	0
7000	11	0
7001	11	0
7002	11	0
7003	11	0
7004	11	0
7005	11	0
7006	11	0
7007	11	0
7008	11	0
7009	11	0
7010	11	0
7011	11	0
7012	11	0
7013	11	0
7014	11	0
7015	11	0
7016	11	0
7017	11	0
7018	11	0
7019	11	0
7020	11	0
7021	11	0
7022	11	0
7023	11	0
7024	11	0
7025	11	0
7026	11	0
7027	11	0
7028	11	0
7029	11	0
7030	11	0
7031	11	0
7032	11	0
7033	11	0
7034	11	0
7035	11	0
7036	11	0
7037	11	0
7038	11	0
7039	11	0
7040	11	0
7041	11	0
7042	11	0
7043	11	0
7044	11	0
7045	11	0
7046	11	0
7047	11	0
7048	11	0
7049	11	0
7050	11	0
7051	11	0
7052	11	0
7053	11	0
7054	11	0
7055	11	0
7056	11	0
7057	11	0
7058	11	0
7059	11	0
7060	11	0
7061	11	0
7062	11	0
7063	11	0
7064	11	0
7065	11	0
7066	11	0
7067	11	0
7068	11	0
7069	11	0
7070	11	0
7071	11	0
7072	11	0
7073	11	0
7074	11	0
7075	11	0
7076	11	0
7077	11	0
7078	11	0
7079	11	0
7080	11	0
7081	11	0
7082	11	0
7083	11	0
7084	11	0
7085	11	0
7086	11	0
7087	11	0
7088	11	0
7089	11	0
7090	11	0
7091	11	0
7092	11	0
7093		0
7094	108	0
7095		0
7096		0
7097		0
7098	108	0
7099	187	0
7100		0
7101		0
7102		0
7103		0
7104	108	0
7105		0
7106		0
7107		0
7108	108	0
7109	188	0
7110		0
7111		0
7112		0
7113		0
7114	108	0
7115		0
7116		0
7117		0
7118	108	0
7119	189	0
7120		0
7121		0
7122		0
7123		0
7124	111	0
7125		0
7126		0
7127		0
7128	111	0
7129	190	0
7130		0
7131		0
7132		0
7133		0
7134	111	0
7135		0
7136		0
7137		0
7138	111	0
7139	191	0
7140		0
7141		0
7142		0
7143		0
7144	111	0
7145		0
7146		0
7147		0
7148	111	0
7149	192	0
7150		0
7151		0
7152		0
7153		0
7154	114	0
7155		0
7156		0
7157		0
7158	114	0
7159	193	0
7160		0
7161		0
7162		0
7163		0
7164	114	0
7165		0
7166		0
7167		0
7168	114	0
7169	194	0
7170		0
7171		0
7172		0
7173		0
7174	116	0
7175		0
7176		0
7177		0
7178	116	0
7179	195	0
7180		0
7181		0
7182		0
7183		0
7184	116	0
7185		0
7186		0
7187		0
7188	116	0
7189	196	0
7190		0
7191		0
7192		0
7193		0
7194	118	0
7195		0
7196		0
7197		0
7198	118	0
7199	197	0
7200		0
7201		0
7202		0
7203		0
7204	118	0
7205		0
7206		0
7207		0
7208	118	0
7209	198	0
7210		0
7211		0
7212		0
7213		0
7214	120	0
7215		0
7216		0
7217		0
7218	120	0
7219	199	0
7220		0
7221		0
7222		0
7223		0
7224	120	0
7225		0
7226		0
7227		0
7228	120	0
7229	200	0
7230		0
7231		0
7232		0
7233		0
7234	120	0
7235		0
7236		0
7237		0
7238	120	0
7239	201	0
7240		0
7241		0
7242		0
7243		0
7244	123	0
7245		0
7246		0
7247		0
7248	123	0
7249	202	0
7250		0
7251		0
7252		0
7253		0
7254	123	0
7255		0
7256		0
7257		0
7258	123	0
7259	203	0
7260		0
7261		0
7262		0
7263		0
7264	125	0
7265		0
7266		0
7267		0
7268	125	0
7269	204	0
7270		0
7271		0
7272		0
7273		0
7274	125	0
7275		0
7276		0
7277		0
7278	125	0
7279	205	0
7280		0
7281		0
7282		0
7283		0
7284	127	0
7285		0
7286		0
7287		0
7288	127	0
7289	206	0
7290		0
7291		0
7292		0
7293		0
7294	127	0
7295		0
7296		0
7297		0
7298	127	0
7299	207	0
7300		0
7301		0
7302		0
7303		0
7304	129	0
7305		0
7306		0
7307		0
7308	129	0
7309	208	0
7310		0
7311		0
7312		0
7313		0
7314	129	0
7315		0
7316		0
7317		0
7318	129	0
7319	209	0
7320		0
7321		0
7322		0
7323		0
7324	131	0
7325		0
7326		0
7327		0
7328	131	0
7329	210	0
7330		0
7331		0
7332		0
7333		0
7334	131	0
7335		0
7336		0
7337		0
7338	131	0
7339	211	0
7340		0
7341		0
7342		0
7343		0
7344	187	0
7345		0
7346	188	0
7347		0
7348	189	0
7349		0
7350	190	0
7351		0
7352	191	0
7353		0
7354	192	0
7355	193	0
7356		0
7357	194	0
7358		0
7359	195	0
7360		0
7361	196	0
7362		0
7363		0
7364	197	0
7365		0
7366	198	0
7367		0
7368	199	0
7369		0
7370	200	0
7371		0
7372	201	0
7373	123	0
7374	202	0
7375	123	0
7376	203	0
7377	125	0
7378	204	0
7379	125	0
7380	205	0
7381		0
7382	206	0
7383		0
7384	207	0
7385		0
7386	208	0
7387		0
7388	209	0
7389	210	0
7390		0
7391	211	0
7392		0
7393	36	0
7394		0
7395		0
7396	158	0
7397		0
7398		0
7399		0
7340	158	0
7401	238	0
7402		0
7403		0
7404		0
7405		0
7406	158	0
7407		0
7408		0
7409		0
7410	158	0
7411	237	0
7412		0
7413		0
7414		0
7415		0
7416	158	0
7417		0
7418		0
7419		0
7420	158	0
7421	238	0
7422		0
7423		0
7424		0
7425		0
7426	158	0
7427		0
7428		0
7429		0
7430	158	0
7431	237	0
7432		0
7433		0
7434		0
7435		0
7436	158	0
7437		0
7438		0
7439		0
7440	158	0
7441	238	0
7442		0
7443		0
7444		0
7445		0
7446	158	0
7447		0
7448		0
7449		0
7450	158	0
7451	237	0
7452		0
7453		0
7454		0
7455		0
7456	158	0
7457		0
7458		0
7459		0
7460	158	0
7461	238	0
7462		0
7463		0
7464		0
7465		0
7466	158	0
7467		0
7468		0
7469		0
7470	158	0
7471	237	0
7472		0
7473		0
7474		0
7475		0
7476	158	0
7477		0
7478		0
7479		0
7480	158	0
7481	238	0
7482		0
7483		0
7484		0
7485		0
7486	158	0
7487		0
7488		0
7489		0
7490	158	0
7491	237	0
7492		0
7493		0
7494		0
7495		0
7496	159	0
7497		0
7498		0
7499		0
7500	159	0
7501	240	0
7502		0
7503		0
7504		0
7505		0
7506	159	0
7507		0
7508		0
7509		0
7510	159	0
7511	239	0
7512		0
7513		0
7514		0
7515		0
7516	159	0
7517		0
7518		0
7519		0
7520	159	0
7521	240	0
7522		0
7523		0
7524		0
7525		0
7526	159	0
7527		0
7528		0
7529		0
7530	159	0
7531	239	0
7532		0
7533		0
7534		0
7535		0
7536	159	0
7537		0
7538		0
7539		0
7540	159	0
7541	240	0
7542		0
7543		0
7544		0
7545		0
7546	159	0
7547		0
7548		0
7549		0
7550	159	0
7551	239	0
7552		0
7553		0
7554		0
7555		0
7556	159	0
7557		0
7558		0
7559		0
7560	159	0
7561	240	0
7562		0
7563		0
7564		0
7565		0
7566	159	0
7567		0
7568		0
7569		0
7570	159	0
7571	239	0
7572		0
7573		0
7574		0
7575		0
7576	159	0
7577		0
7578		0
7579		0
7580	159	0
7581	240	0
7582		0
7583		0
7584		0
7585		0
7586	159	0
7587		0
7588		0
7589		0
7590	159	0
7591	239	0
7592		0
7593		0
7594		0
7595		0
7596	159	0
7597		0
7598		0
7599		0
7600	159	0
7601	240	0
7602		0
7603		0
7604		0
7605		0
7606	159	0
7607		0
7608		0
7609		0
7610	159	0
7611	239	0
7612		0
7613		0
7614		0
7615		0
7616	160	0
7617		0
7618		0
7619		0
7620	160	0
7621	242	0
7622		0
7623		0
7624		0
7625		0
7626	160	0
7627		0
7628		0
7629		0
7630	160	0
7631	241	0
7632		0
7633		0
7634		0
7635		0
7636	161	0
7637		0
7638		0
7639		0
7640	161	0
7641	244	0
7642		0
7643		0
7644		0
7645		0
7646	161	0
7647		0
7648		0
7649		0
7650	161	0
7651	243	0
7652		0
7653		0
7654		0
7655		0
7656	159	0
7657		0
7658		0
7659		0
7660	159	0
7661	240	0
7662		0
7663		0
7664		0
7665		0
7666	159	0
7667		0
7668		0
7669		0
7670	159	0
7671	239	0
7672		0
7673		0
7674		0
7675		0
7676	159	0
7677		0
7678		0
7679		0
7680	159	0
7681	240	0
7682		0
7683		0
7684		0
7685		0
7686	159	0
7687		0
7688		0
7689		0
7690	159	0
7691	239	0
7692		0
7693		0
7694		0
7695		0
7696	160	0
7697		0
7698		0
7699		0
7700	160	0
7701	242	0
7702		0
7703		0
7704		0
7705		0
7706	160	0
7707		0
7708		0
7709		0
7710	160	0
7711	241	0
7712		0
7713		0
7714		0
7715		0
7716	161	0
7717		0
7718		0
7719		0
7720	161	0
7721	244	0
7722		0
7723		0
7724		0
7725		0
7726	161	0
7727		0
7728		0
7729		0
7730	161	0
7731	243	0
7732		0
7733		0
7734		0
