кио╩	1	
1	58.4806154	
2	58.4806154	
3	58.4806154	
4	58.4806154	
5	58.4806154	
6	58.4806154	
7	58.4806154	
8	58.4806154	
9	58.4806154	
10	58.4806154	
11	58.4806154	
12	58.4806154	
13	58.4806154	
14	58.4806154	
15	58.4806154	
16	58.4806154	
17	58.4806154	
18	58.4806154	
19	58.4806154	
20	58.4806154	
21	58.4806154	
22	58.4806154	
23	58.4806154	
24	58.4806154	
25	58.4806154	
26	58.4806154	
27	58.4806154	
28	58.4806154	
29	58.4806154	
30	58.4806154	
31	58.4806154	
32	58.4806154	
33	58.4806154	
34	58.4806154	
35	58.4806154	
36	58.4806154	
37	58.4806154	
38	58.4806154	
39	58.4806154	
40	58.4806154	
41	58.4806154	
42	58.4806154	
43	58.4806154	
44	58.4806154	
45	58.4806154	
46	58.4806154	
47	58.4806154	
48	58.4806154	
49	58.4806154	
50	58.4806154	
51	58.4806154	
52	58.4806154	
53	58.4806154	
54	58.4806154	
55	58.4806154	
56	58.4806154	
57	58.4806154	
58	58.4806154	
59	58.4806154	
60	58.4806154	
61	58.4806154	
62	58.4806154	
63	58.4806154	
64	58.4806154	
65	58.4806154	
66	58.4806154	
67	58.4806154	
68	58.4806154	
69	58.4806154	
70	58.4806154	
71	58.4806154	
72	58.4806154	
73	58.4806154	
74	58.4806154	
75	58.4806154	
76	58.4806154	
77	58.4806154	
78	58.4806154	
79	58.4806154	
80	58.4806154	
81	58.4806154	
82	58.4806154	
83	58.4806154	
84	58.4806154	
85	58.4806154	
86	58.4806154	
87	58.4806154	
88	58.4806154	
89	58.4806154	
90	58.4806154	
91	58.4806154	
92	58.4806154	
93	58.4806154	
94	58.4806154	
95	58.4806154	
96	58.4806154	
97	58.4806154	
98	58.4806154	
99	58.4806154	
100	58.4806154	
101	58.4806154	
102	58.4806154	
103	58.4806154	
104	58.4806154	
105	58.4806154	
106	58.4806154	
107	58.4806154	
108	58.4806154	
109	58.4806154	
110	58.4806154	
111	58.4806154	
112	58.4806154	
113	58.4806154	
114	58.4806154	
115	58.4806154	
116	58.4806154	
117	58.4806154	
118	58.4806154	
119	58.4806154	
120	58.4806154	
121	58.4806154	
122	58.4806154	
123	58.4806154	
124	58.4806154	
125	58.4806154	
126	58.4806154	
127	58.4806154	
128	58.4806154	
129	58.4806154	
130	58.4806154	
131	58.4806154	
132	58.4806154	
133	58.4806154	
134	58.4806154	
135	58.4806154	
136	58.4806154	
137	58.4806154	
138	58.4806154	
139	58.4806154	
140	58.4806154	
141	58.4806154	
142	58.4806154	
143	58.4806154	
144	58.4806154	
145	58.4806154	
146	58.4806154	
147	58.4806154	
148	58.4806154	
149	58.4806154	
150	58.4806154	
151	58.4806154	
152	58.4806154	
153	58.4806154	
154	58.4806154	
155	58.4806154	
156	58.4806154	
157	58.4806154	
158	58.4806154	
159	58.4806154	
160	58.4806154	
161	58.4806154	
162	58.4806154	
163	58.4806154	
164	58.4806154	
165	58.4806154	
166	58.4806154	
167	58.4806154	
168	58.4806154	
169	58.4806154	
170	58.4806154	
171	58.4806154	
172	58.4806154	
173	58.4806154	
174	58.4806154	
175	58.4806154	
176	58.4806154	
177	58.4806154	
178	58.4806154	
179	58.4806154	
180	58.4806154	
181	58.4806154	
182	58.4806154	
183	58.4806154	
184	58.4806154	
185	58.4806154	
186	58.4806154	
187	58.4806154	
188	58.4806154	
189	58.4806154	
190	58.4806154	
191	58.4806154	
192	58.4806154	
193	58.4806154	
194	58.4806154	
195	58.4806154	
196	58.4806154	
197	58.4806154	
198	58.4806154	
199	58.4806154	
200	58.4806154	
201	58.4806154	
202	58.4806154	
203	58.4806154	
204	58.4806154	
205	58.4806154	
206	58.4806154	
207	58.4806154	
208	58.4806154	
209	58.4806154	
210	58.4806154	
211	58.4806154	
212	58.4806154	
213	58.4806154	
214	58.4806154	
215	58.4806154	
216	58.4806154	
217	58.4806154	
218	58.4806154	
219	58.4806154	
220	58.4806154	
221	58.4806154	
222	58.4806154	
223	58.4806154	
224	58.4806154	
225	58.4806154	
226	58.4806154	
227	58.4806154	
228	58.4806154	
229	58.4806154	
230	58.4806154	
231	58.4806154	
232	58.4806154	
233	58.4806154	
234	58.4806154	
235	58.4806154	
236	58.4806154	
237	58.4806154	
238	58.4806154	
239	58.4806154	
240	58.4806154	
241	58.4806154	
242	58.4806154	
243	58.4806154	
244	58.4806154	
245	58.4806154	
246	58.4806154	
247	58.4806154	
248	58.4806154	
249	58.4806154	
250	58.4806154	
251	58.4806154	
252	58.4806154	
253	58.4806154	
254	58.4806154	
255	58.4806154	
256	58.4806154	
257	58.4806154	
258	58.4806154	
259	58.4806154	
260	58.4806154	
261	58.4806154	
262	58.4806154	
263	58.4806154	
264	58.4806154	
265	58.4806154	
266	58.4806154	
267	58.4806154	
268	58.4806154	
269	58.4806154	
270	58.4806154	
271	58.4806154	
272	58.4806154	
273	58.4806154	
274	58.4806154	
275	58.4806154	
276	58.4806154	
277	58.4806154	
278	58.4806154	
279	58.4806154	
280	58.4806154	
281	58.4806154	
282	58.4806154	
283	58.4806154	
284	58.4806154	
285	58.4806154	
286	58.4806154	
287	58.4806154	
288	58.4806154	
289	58.4806154	
290	58.4806154	
291	58.4806154	
292	58.4806154	
293	58.4806154	
294	58.4806154	
295	58.4806154	
296	58.4806154	
297	58.4806154	
298	58.4806154	
299	58.4806154	
300	58.4806154	
301	58.4806154	
302	58.4806154	
303	58.4806154	
304	58.4806154	
305	58.4806154	
306	58.4806154	
307	58.4806154	
308	58.4806154	
309	58.4806154	
310	58.4806154	
311	58.4806154	
312	58.4806154	
313	58.4806154	
314	58.4806154	
315	58.4806154	
316	58.4806154	
317	58.4806154	
318	58.4806154	
319	58.4806154	
320	58.4806154	
321	58.4806154	
322	58.4806154	
323	58.4806154	
324	58.4806154	
325	58.4806154	
326	58.4806154	
327	58.4806154	
328	58.4806154	
329	58.4806154	
330	58.4806154	
331	58.4806154	
332	58.4806154	
333	58.4806154	
334	58.4806154	
335	58.4806154	
336	58.4806154	
337	58.4806154	
338	58.4806154	
339	58.4806154	
340	58.4806154	
341	58.4806154	
342	58.4806154	
343	58.4806154	
344	58.4806154	
345	58.4806154	
346	58.4806154	
347	58.4806154	
348	58.4806154	
349	58.4806154	
350	58.4806154	
351	58.4806154	
352	58.4806154	
353	58.4806154	
354	58.4806154	
355	58.4806154	
356	58.4806154	
357	58.4806154	
358	58.4806154	
359	58.4806154	
360	58.4806154	
361	58.4806154	
362	58.4806154	
363	58.4806154	
364	58.4806154	
365	58.4806154	
366	58.4806154	
367	58.4806154	
368	58.4806154	
369	58.4806154	
370	58.4806154	
371	58.4806154	
372	58.4806154	
373	58.4806154	
374	58.4806154	
375	58.4806154	
376	58.4806154	
377	58.4806154	
378	58.4806154	
379	58.4806154	
380	58.4806154	
381	58.4806154	
382	58.4806154	
383	58.4806154	
384	58.4806154	
385	58.4806154	
386	58.4806154	
387	58.4806154	
388	58.4806154	
389	58.4806154	
390	58.4806154	
391	58.4806154	
392	58.4806154	
393	58.4806154	
394	58.4806154	
395	58.4806154	
396	58.4806154	
397	58.4806154	
398	58.4806154	
399	58.4806154	
400	58.4806154	
401	58.4806154	
402	58.4806154	
403	58.4806154	
404	58.4806154	
405	58.4806154	
406	58.4806154	
407	58.4806154	
408	58.4806154	
409	58.4806154	
410	58.4806154	
411	58.4806154	
412	58.4806154	
413	58.4806154	
414	58.4806154	
415	58.4806154	
416	58.4806154	
417	58.4806154	
418	58.4806154	
419	58.4806154	
420	58.4806154	
421	58.4806154	
422	58.4806154	
423	58.4806154	
424	58.4806154	
425	58.4806154	
426	58.4806154	
427	58.4806154	
428	58.4806154	
429	58.4806154	
430	58.4806154	
431	58.4806154	
432	58.4806154	
433	58.4806154	
434	58.4806154	
435	58.4806154	
436	58.4806154	
437	58.4806154	
438	58.4806154	
439	58.4806154	
440	58.4806154	
441	58.4806154	
442	58.4806154	
443	58.4806154	
444	58.4806154	
445	58.4806154	
446	58.4806154	
447	58.4806154	
448	58.4806154	
449	58.4806154	
450	58.4806154	
451	58.4806154	
452	58.4806154	
453	58.4806154	
454	58.4806154	
455	58.4806154	
456	58.4806154	
457	58.4806154	
458	58.4806154	
459	58.4806154	
460	58.4806154	
461	58.4806154	
462	58.4806154	
463	58.4806154	
464	58.4806154	
465	58.4806154	
466	58.4806154	
467	58.4806154	
468	58.4806154	
469	58.4806154	
470	58.4806154	
471	58.4806154	
472	58.4806154	
473	58.4806154	
474	58.4806154	
475	58.4806154	
476	58.4806154	
477	58.4806154	
478	58.4806154	
479	58.4806154	
480	58.4806154	
481	58.4806154	
482	58.4806154	
483	58.4806154	
484	58.4806154	
485	58.4806154	
486	58.4806154	
487	58.4806154	
488	58.4806154	
489	58.4806154	
490	58.4806154	
491	58.4806154	
492	58.4806154	
493	58.4806154	
494	58.4806154	
495	58.4806154	
496	58.4806154	
497	58.4806154	
498	58.4806154	
499	58.4806154	
500	58.4806154	
501	58.4806154	
502	58.4806154	
503	58.4806154	
504	58.4806154	
505	58.4806154	
506	58.4806154	
507	58.4806154	
508	58.4806154	
509	58.4806154	
510	58.4806154	
511	58.4806154	
512	58.4806154	
513	58.4806154	
514	58.4806154	
515	58.4806154	
516	58.4806154	
517	58.4806154	
518	58.4806154	
519	58.4806154	
520	58.4806154	
521	58.4806154	
522	58.4806154	
523	58.4806154	
524	58.4806154	
525	58.4806154	
526	58.4806154	
527	58.4806154	
528	58.4806154	
529	58.4806154	
530	58.4806154	
531	58.4806154	
532	58.4806154	
533	58.4806154	
534	58.4806154	
535	58.4806154	
536	58.4806154	
537	58.4806154	
538	58.4806154	
539	58.4806154	
540	58.4806154	
541	58.4806154	
542	58.4806154	
543	58.4806154	
544	58.4806154	
545	58.4806154	
546	58.4806154	
547	58.4806154	
548	58.4806154	
549	58.4806154	
550	58.4806154	
551	58.4806154	
552	58.4806154	
553	58.4806154	
554	58.4806154	
555	58.4806154	
556	58.4806154	
557	58.4806154	
558	58.4806154	
559	58.4806154	
560	58.4806154	
561	58.4806154	
562	58.4806154	
563	58.4806154	
564	58.4806154	
565	58.4806154	
566	58.4806154	
567	58.4806154	
568	58.4806154	
569	58.4806154	
570	58.4806154	
571	58.4806154	
572	58.4806154	
573	58.4806154	
574	58.4806154	
575	58.4806154	
576	58.4806154	
577	58.4806154	
578	58.4806154	
579	58.4806154	
580	58.4806154	
581	58.4806154	
582	58.4806154	
583	58.4806154	
584	58.4806154	
585	58.4806154	
586	58.4806154	
587	58.4806154	
588	58.4806154	
589	58.4806154	
590	58.4806154	
591	58.4806154	
592	58.4806154	
593	58.4806154	
594	58.4806154	
595	58.4806154	
596	58.4806154	
597	58.4806154	
598	58.4806154	
599	58.4806154	
600	58.4806154	
601	58.4806154	
602	58.4806154	
603	58.4806154	
604	58.4806154	
605	58.4806154	
606	58.4806154	
607	58.4806154	
608	58.4806154	
609	58.4806154	
610	58.4806154	
611	58.4806154	
612	58.4806154	
613	58.4806154	
614	58.4806154	
615	58.4806154	
616	58.4806154	
617	58.4806154	
618	58.4806154	
619	58.4806154	
620	58.4806154	
621	58.4806154	
622	58.4806154	
623	58.4806154	
624	58.4806154	
625	58.4806154	
626	58.4806154	
627	58.4806154	
628	58.4806154	
629	58.4806154	
630	58.4806154	
631	58.4806154	
632	58.4806154	
633	58.4806154	
634	58.4806154	
635	58.4806154	
636	58.4806154	
637	58.4806154	
638	58.4806154	
639	58.4806154	
640	58.4806154	
641	58.4806154	
642	58.4806154	
643	58.4806154	
644	58.4806154	
645	58.4806154	
646	58.4806154	
647	58.4806154	
648	58.4806154	
649	58.4806154	
650	58.4806154	
651	58.4806154	
652	58.4806154	
653	58.4806154	
654	58.4806154	
655	58.4806154	
656	58.4806154	
657	58.4806154	
658	58.4806154	
659	58.4806154	
660	58.4806154	
661	58.4806154	
662	58.4806154	
663	58.4806154	
664	58.4806154	
665	58.4806154	
666	58.4806154	
667	58.4806154	
668	58.4806154	
669	58.4806154	
670	58.4806154	
671	58.4806154	
672	58.4806154	
673	58.4806154	
674	58.4806154	
675	58.4806154	
676	58.4806154	
677	58.4806154	
678	58.4806154	
679	58.4806154	
680	58.4806154	
681	58.4806154	
682	58.4806154	
683	58.4806154	
684	58.4806154	
685	58.4806154	
686	58.4806154	
687	58.4806154	
688	58.4806154	
689	58.4806154	
690	58.4806154	
691	58.4806154	
692	58.4806154	
693	58.4806154	
694	58.4806154	
695	58.4806154	
696	58.4806154	
697	58.4806154	
698	58.4806154	
699	58.4806154	
700	58.4806154	
701	58.4806154	
702	58.4806154	
703	58.4806154	
704	58.4806154	
705	58.4806154	
706	58.4806154	
707	58.4806154	
708	58.4806154	
709	58.4806154	
710	58.4806154	
711	58.4806154	
712	58.4806154	
713	58.4806154	
714	58.4806154	
715	58.4806154	
716	58.4806154	
717	58.4806154	
718	58.4806154	
719	58.4806154	
720	58.4806154	
721	58.4806154	
722	58.4806154	
723	58.4806154	
724	58.4806154	
725	58.4806154	
726	58.4806154	
727	58.4806154	
728	58.4806154	
729	58.4806154	
730	58.4806154	
731	58.4806154	
732	58.4806154	
733	58.4806154	
734	58.4806154	
735	58.4806154	
736	58.4806154	
737	58.4806154	
738	58.4806154	
739	58.4806154	
740	58.4806154	
741	58.4806154	
742	58.4806154	
743	58.4806154	
744	58.4806154	
745	58.4806154	
746	58.4806154	
747	58.4806154	
748	58.4806154	
749	58.4806154	
750	58.4806154	
751	58.4806154	
752	58.4806154	
753	58.4806154	
754	58.4806154	
755	58.4806154	
756	58.4806154	
757	58.4806154	
758	58.4806154	
759	58.4806154	
760	58.4806154	
761	58.4806154	
762	58.4806154	
763	58.4806154	
764	58.4806154	
765	58.4806154	
766	58.4806154	
767	58.4806154	
768	58.4806154	
769	58.4806154	
770	58.4806154	
771	58.4806154	
772	58.4806154	
773	58.4806154	
774	58.4806154	
775	58.4806154	
776	58.4806154	
777	58.4806154	
778	58.4806154	
779	58.4806154	
780	58.4806154	
781	58.4806154	
782	58.4806154	
783	58.4806154	
784	58.4806154	
785	58.4806154	
786	58.4806154	
787	58.4806154	
788	58.4806154	
789	58.4806154	
790	58.4806154	
791	58.4806154	
792	58.4806154	
793	58.4806154	
794	58.4806154	
795	58.4806154	
796	58.4806154	
797	58.4806154	
798	58.4806154	
799	58.4806154	
800	58.4806154	
801	58.4806154	
802	58.4806154	
803	58.4806154	
804	58.4806154	
805	58.4806154	
806	58.4806154	
807	58.4806154	
808	58.4806154	
809	58.4806154	
810	58.4806154	
811	58.4806154	
812	58.4806154	
813	58.4806154	
814	58.4806154	
815	58.4806154	
816	58.4806154	
817	58.4806154	
818	58.4806154	
819	58.4806154	
820	58.4806154	
821	58.4806154	
822	58.4806154	
823	58.4806154	
824	58.4806154	
825	58.4806154	
826	58.4806154	
827	58.4806154	
828	58.4806154	
829	58.4806154	
830	58.4806154	
831	58.4806154	
832	58.4806154	
833	58.4806154	
834	58.4806154	
835	58.4806154	
836	58.4806154	
837	58.4806154	
838	58.4806154	
839	58.4806154	
840	58.4806154	
841	58.4806154	
842	58.4806154	
843	58.4806154	
844	58.4806154	
845	58.4806154	
846	58.4806154	
847	58.4806154	
848	58.4806154	
849	58.4806154	
850	58.4806154	
851	58.4806154	
852	58.4806154	
853	58.4806154	
854	58.4806154	
855	58.4806154	
856	58.4806154	
857	58.4806154	
858	58.4806154	
859	58.4806154	
860	58.4806154	
861	58.4806154	
862	58.4806154	
863	58.4806154	
864	58.4806154	
865	58.4806154	
866	58.4806154	
867	58.4806154	
868	58.4806154	
869	58.4806154	
870	58.4806154	
871	58.4806154	
872	58.4806154	
873	58.4806154	
874	58.4806154	
875	58.4806154	
876	58.4806154	
877	58.4806154	
878	58.4806154	
879	58.4806154	
880	58.4806154	
881	58.4806154	
882	58.4806154	
883	58.4806154	
884	58.4806154	
885	58.4806154	
886	58.4806154	
887	58.4806154	
888	58.4806154	
889	58.4806154	
890	58.4806154	
891	58.4806154	
892	58.4806154	
893	58.4806154	
894	58.4806154	
895	58.4806154	
896	58.4806154	
897	58.4806154	
898	58.4806154	
899	58.4806154	
900	58.4806154	
901	58.4806154	
902	58.4806154	
903	58.4806154	
904	58.4806154	
905	58.4806154	
906	58.4806154	
907	58.4806154	
908	58.4806154	
909	58.4806154	
910	58.4806154	
911	58.4806154	
912	58.4806154	
913	58.4806154	
914	58.4806154	
915	58.4806154	
916	58.4806154	
917	58.4806154	
918	58.4806154	
919	58.4806154	
920	58.4806154	
921	58.4806154	
922	58.4806154	
923	58.4806154	
924	58.4806154	
925	58.4806154	
926	58.4806154	
927	58.4806154	
928	58.4806154	
929	58.4806154	
930	58.4806154	
931	58.4806154	
932	58.4806154	
933	58.4806154	
934	58.4806154	
935	58.4806154	
936	58.4806154	
937	58.4806154	
938	58.4806154	
939	58.4806154	
940	58.4806154	
941	58.4806154	
942	58.4806154	
943	58.4806154	
944	58.4806154	
945	58.4806154	
946	58.4806154	
947	58.4806154	
948	58.4806154	
949	58.4806154	
950	58.4806154	
951	58.4806154	
952	58.4806154	
953	58.4806154	
954	58.4806154	
955	58.4806154	
956	58.4806154	
957	58.4806154	
958	58.4806154	
959	58.4806154	
960	58.4806154	
961	58.4806154	
962	58.4806154	
963	58.4806154	
964	58.4806154	
965	58.4806154	
966	58.4806154	
967	58.4806154	
968	58.4806154	
969	58.4806154	
970	58.4806154	
971	58.4806154	
972	58.4806154	
973	58.4806154	
974	58.4806154	
975	58.4806154	
976	58.4806154	
977	58.4806154	
978	58.4806154	
979	58.4806154	
980	58.4806154	
981	58.4806154	
982	58.4806154	
983	58.4806154	
984	58.4806154	
985	58.4806154	
986	58.4806154	
987	58.4806154	
988	58.4806154	
989	58.4806154	
990	58.4806154	
991	58.4806154	
992	58.4806154	
993	58.4806154	
994	58.4806154	
995	58.4806154	
996	58.4806154	
997	58.4806154	
998	58.4806154	
999	58.4806154	
1000	58.4806154	
1001	58.4806154	
1002	58.4806154	
1003	58.4806154	
1004	58.4806154	
1005	58.4806154	
1006	58.4806154	
1007	58.4806154	
1008	58.4806154	
1009	58.4806154	
1010	58.4806154	
1011	58.4806154	
1012	58.4806154	
1013	58.4806154	
1014	58.4806154	
1015	58.4806154	
1016	58.4806154	
1017	58.4806154	
1018	58.4806154	
1019	58.4806154	
1020	58.4806154	
1021	58.4806154	
1022	58.4806154	
1023	58.4806154	
1024	58.4806154	
1025	58.4806154	
1026	58.4806154	
1027	58.4806154	
1028	58.4806154	
1029	58.4806154	
1030	58.4806154	
1031	58.4806154	
1032	58.4806154	
1033	58.4806154	
1034	58.4806154	
1035	58.4806154	
1036	58.4806154	
1037	58.4806154	
1038	58.4806154	
1039	58.4806154	
1040	58.4806154	
1041	58.4806154	
1042	58.4806154	
1043	58.4806154	
1044	58.4806154	
1045	58.4806154	
1046	58.4806154	
1047	58.4806154	
1048	58.4806154	
1049	58.4806154	
1050	58.4806154	
1051	58.4806154	
1052	58.4806154	
1053	58.4806154	
1054	58.4806154	
1055	58.4806154	
1056	58.4806154	
1057	58.4806154	
1058	58.4806154	
1059	58.4806154	
1060	58.4806154	
1061	58.4806154	
1062	58.4806154	
1063	58.4806154	
1064	58.4806154	
1065	58.4806154	
1066	58.4806154	
1067	58.4806154	
1068	58.4806154	
1069	58.4806154	
1070	58.4806154	
1071	58.4806154	
1072	58.4806154	
1073	58.4806154	
1074	58.4806154	
1075	58.4806154	
1076	58.4806154	
1077	58.4806154	
1078	58.4806154	
1079	58.4806154	
1080	58.4806154	
1081	58.4806154	
1082	58.4806154	
1083	58.4806154	
1084	58.4806154	
1085	58.4806154	
1086	58.4806154	
1087	58.4806154	
1088	58.4806154	
1089	58.4806154	
1090	58.4806154	
1091	58.4806154	
1092	58.4806154	
1093	58.4806154	
1094	58.4806154	
1095	58.4806154	
1096	58.4806154	
1097	58.4806154	
1098	58.4806154	
1099	58.4806154	
1100	58.4806154	
1101	58.4806154	
1102	58.4806154	
1103	58.4806154	
1104	58.4806154	
1105	58.4806154	
1106	58.4806154	
1107	58.4806154	
1108	58.4806154	
1109	58.4806154	
1110	58.4806154	
1111	58.4806154	
1112	58.4806154	
1113	58.4806154	
1114	58.4806154	
1115	58.4806154	
1116	58.4806154	
1117	58.4806154	
1118	58.4806154	
1119	58.4806154	
1120	58.4806154	
1121	58.4806154	
1122	58.4806154	
1123	58.4806154	
1124	58.4806154	
1125	58.4806154	
1126	58.4806154	
1127	58.4806154	
1128	58.4806154	
1129	58.4806154	
1130	58.4806154	
1131	58.4806154	
1132	58.4806154	
1133	58.4806154	
1134	58.4806154	
1135	58.4806154	
1136	58.4806154	
1137	58.4806154	
1138	58.4806154	
1139	58.4806154	
1140	58.4806154	
1141	58.4806154	
1142	58.4806154	
1143	58.4806154	
1144	58.4806154	
1145	58.4806154	
1146	58.4806154	
1147	58.4806154	
1148	58.4806154	
1149	58.4806154	
1150	58.4806154	
1151	58.4806154	
1152	58.4806154	
1153	58.4806154	
1154	58.4806154	
1155	58.4806154	
1156	58.4806154	
1157	58.4806154	
1158	58.4806154	
1159	58.4806154	
1160	58.4806154	
1161	58.4806154	
1162	58.4806154	
1163	58.4806154	
1164	58.4806154	
1165	58.4806154	
1166	58.4806154	
1167	58.4806154	
1168	58.4806154	
1169	58.4806154	
1170	58.4806154	
1171	58.4806154	
1172	58.4806154	
1173	58.4806154	
1174	58.4806154	
1175	58.4806154	
1176	58.4806154	
1177	58.4806154	
1178	58.4806154	
1179	58.4806154	
1180	58.4806154	
1181	58.4806154	
1182	58.4806154	
1183	58.4806154	
1184	58.4806154	
1185	58.4806154	
1186	58.4806154	
1187	58.4806154	
1188	58.4806154	
1189	58.4806154	
1190	58.4806154	
1191	58.4806154	
1192	58.4806154	
1193	58.4806154	
1194	58.4806154	
1195	58.4806154	
1196	58.4806154	
1197	58.4806154	
1198	58.4806154	
1199	58.4806154	
1200	58.4806154	
1201	58.4806154	
1202	58.4806154	
1203	58.4806154	
1204	58.4806154	
1205	58.4806154	
1206	58.4806154	
1207	58.4806154	
1208	58.4806154	
1209	58.4806154	
1210	58.4806154	
1211	58.4806154	
1212	58.4806154	
1213	58.4806154	
1214	58.4806154	
1215	58.4806154	
1216	58.4806154	
1217	58.4806154	
1218	58.4806154	
1219	58.4806154	
1220	58.4806154	
1221	58.4806154	
1222	58.4806154	
1223	58.4806154	
1224	58.4806154	
1225	58.4806154	
1226	58.4806154	
1227	58.4806154	
1228	58.4806154	
1229	58.4806154	
1230	58.4806154	
1231	58.4806154	
1232	58.4806154	
1233	58.4806154	
1234	58.4806154	
1235	58.4806154	
1236	58.4806154	
1237	58.4806154	
1238	58.4806154	
1239	58.4806154	
1240	58.4806154	
1241	58.4806154	
1242	58.4806154	
1243	58.4806154	
1244	58.4806154	
1245	58.4806154	
1246	58.4806154	
1247	58.4806154	
1248	58.4806154	
1249	58.4806154	
1250	58.4806154	
1251	58.4806154	
1252	58.4806154	
1253	58.4806154	
1254	58.4806154	
1255	58.4806154	
1256	58.4806154	
1257	58.4806154	
1258	58.4806154	
1259	58.4806154	
1260	58.4806154	
1261	58.4806154	
1262	58.4806154	
1263	58.4806154	
1264	58.4806154	
1265	58.4806154	
1266	58.4806154	
1267	58.4806154	
1268	58.4806154	
1269	58.4806154	
1270	58.4806154	
1271	58.4806154	
1272	58.4806154	
1273	58.4806154	
1274	58.4806154	
1275	58.4806154	
1276	58.4806154	
1277	58.4806154	
1278	58.4806154	
1279	58.4806154	
1280	58.4806154	
1281	58.4806154	
1282	58.4806154	
1283	58.4806154	
1284	58.4806154	
1285	58.4806154	
1286	58.4806154	
1287	58.4806154	
1288	58.4806154	
1289	58.4806154	
1290	58.4806154	
1291	58.4806154	
1292	58.4806154	
1293	58.4806154	
1294	58.4806154	
1295	58.4806154	
1296	58.4806154	
1297	58.4806154	
1298	58.4806154	
1299	58.4806154	
1300	58.4806154	
1301	58.4806154	
1302	58.4806154	
1303	58.4806154	
1304	58.4806154	
1305	58.4806154	
1306	58.4806154	
1307	58.4806154	
1308	58.4806154	
1309	58.4806154	
1310	58.4806154	
1311	58.4806154	
1312	58.4806154	
1313	58.4806154	
1314	58.4806154	
1315	58.4806154	
1316	58.4806154	
1317	58.4806154	
1318	58.4806154	
1319	58.4806154	
1320	58.4806154	
1321	58.4806154	
1322	58.4806154	
1323	58.4806154	
1324	58.4806154	
1325	58.4806154	
1326	58.4806154	
1327	58.4806154	
1328	58.4806154	
1329	58.4806154	
1330	58.4806154	
1331	58.4806154	
1332	58.4806154	
1333	58.4806154	
1334	58.4806154	
1335	58.4806154	
1336	58.4806154	
1337	58.4806154	
1338	58.4806154	
1339	58.4806154	
1340	58.4806154	
1341	58.4806154	
1342	58.4806154	
1343	58.4806154	
1344	58.4806154	
1345	58.4806154	
1346	58.4806154	
1347	58.4806154	
1348	58.4806154	
1349	58.4806154	
1350	58.4806154	
1351	58.4806154	
1352	58.4806154	
1353	58.4806154	
1354	58.4806154	
1355	58.4806154	
1356	58.4806154	
1357	58.4806154	
1358	58.4806154	
1359	58.4806154	
1360	58.4806154	
1361	58.4806154	
1362	58.4806154	
1363	58.4806154	
1364	58.4806154	
1365	58.4806154	
1366	58.4806154	
1367	58.4806154	
1368	58.4806154	
1369	58.4806154	
1370	58.4806154	
1371	58.4806154	
1372	58.4806154	
1373	58.4806154	
1374	58.4806154	
1375	58.4806154	
1376	58.4806154	
1377	58.4806154	
1378	58.4806154	
1379	58.4806154	
1380	58.4806154	
1381	58.4806154	
1382	58.4806154	
1383	58.4806154	
1384	58.4806154	
1385	58.4806154	
1386	58.4806154	
1387	58.4806154	
1388	58.4806154	
1389	58.4806154	
1390	58.4806154	
1391	58.4806154	
1392	58.4806154	
1393	58.4806154	
1394	58.4806154	
1395	58.4806154	
1396	58.4806154	
1397	58.4806154	
1398	58.4806154	
1399	58.4806154	
1400	58.4806154	
1401	58.4806154	
1402	58.4806154	
1403	58.4806154	
1404	58.4806154	
1405	58.4806154	
1406	58.4806154	
1407	58.4806154	
1408	58.4806154	
1409	58.4806154	
1410	58.4806154	
1411	58.4806154	
1412	58.4806154	
1413	58.4806154	
1414	58.4806154	
1415	58.4806154	
1416	58.4806154	
1417	58.4806154	
1418	58.4806154	
1419	58.4806154	
1420	58.4806154	
1421	58.4806154	
1422	58.4806154	
1423	58.4806154	
1424	58.4806154	
1425	58.4806154	
1426	58.4806154	
1427	58.4806154	
1428	58.4806154	
1429	58.4806154	
1430	58.4806154	
1431	58.4806154	
1432	58.4806154	
1433	58.4806154	
1434	58.4806154	
1435	58.4806154	
1436	58.4806154	
1437	58.4806154	
1438	58.4806154	
1439	58.4806154	
1440	58.4806154	
1441	58.4806154	
1442	58.4806154	
1443	58.4806154	
1444	58.4806154	
1445	58.4806154	
1446	58.4806154	
1447	58.4806154	
1448	58.4806154	
1449	58.4806154	
1450	58.4806154	
1451	58.4806154	
1452	58.4806154	
1453	58.4806154	
1454	58.4806154	
1455	58.4806154	
1456	58.4806154	
1457	58.4806154	
1458	58.4806154	
1459	58.4806154	
1460	58.4806154	
1461	58.4806154	
1462	58.4806154	
1463	58.4806154	
1464	58.4806154	
1465	58.4806154	
1466	58.4806154	
1467	58.4806154	
1468	58.4806154	
1469	58.4806154	
1470	58.4806154	
1471	58.4806154	
1472	58.4806154	
1473	58.4806154	
1474	58.4806154	
1475	58.4806154	
1476	58.4806154	
1477	58.4806154	
1478	58.4806154	
1479	58.4806154	
1480	58.4806154	
1481	58.4806154	
1482	58.4806154	
1483	58.4806154	
1484	58.4806154	
1485	58.4806154	
1486	58.4806154	
1487	58.4806154	
1488	58.4806154	
1489	58.4806154	
1490	58.4806154	
1491	58.4806154	
1492	58.4806154	
1493	58.4806154	
1494	58.4806154	
1495	58.4806154	
1496	58.4806154	
1497	58.4806154	
1498	58.4806154	
1499	58.4806154	
1500	58.4806154	
1501	58.4806154	
1502	58.4806154	
1503	58.4806154	
1504	58.4806154	
1505	58.4806154	
1506	58.4806154	
1507	58.4806154	
1508	58.4806154	
1509	58.4806154	
1510	58.4806154	
1511	58.4806154	
1512	58.4806154	
1513	58.4806154	
1514	58.4806154	
1515	58.4806154	
1516	58.4806154	
1517	58.4806154	
1518	58.4806154	
1519	58.4806154	
1520	58.4806154	
1521	58.4806154	
1522	58.4806154	
1523	58.4806154	
1524	58.4806154	
1525	58.4806154	
1526	58.4806154	
1527	58.4806154	
1528	58.4806154	
1529	58.4806154	
1530	58.4806154	
1531	58.4806154	
1532	58.4806154	
1533	58.4806154	
1534	58.4806154	
1535	58.4806154	
1536	58.4806154	
1537	58.4806154	
1538	58.4806154	
1539	58.4806154	
1540	58.4806154	
1541	58.4806154	
1542	58.4806154	
1543	58.4806154	
1544	58.4806154	
1545	58.4806154	
1546	58.4806154	
1547	58.4806154	
1548	58.4806154	
1549	58.4806154	
1550	58.4806154	
1551	58.4806154	
1552	58.4806154	
1553	58.4806154	
1554	58.4806154	
1555	58.4806154	
1556	58.4806154	
1557	58.4806154	
1558	58.4806154	
1559	58.4806154	
1560	58.4806154	
1561	58.4806154	
1562	58.4806154	
1563	58.4806154	
1564	58.4806154	
1565	58.4806154	
1566	58.4806154	
1567	58.4806154	
1568	58.4806154	
1569	58.4806154	
1570	58.4806154	
1571	58.4806154	
1572	58.4806154	
1573	58.4806154	
1574	58.4806154	
1575	58.4806154	
1576	58.4806154	
1577	58.4806154	
1578	58.4806154	
1579	58.4806154	
1580	58.4806154	
1581	58.4806154	
1582	58.4806154	
1583	58.4806154	
1584	58.4806154	
1585	58.4806154	
1586	58.4806154	
1587	58.4806154	
1588	58.4806154	
1589	58.4806154	
1590	58.4806154	
1591	58.4806154	
1592	58.4806154	
1593	58.4806154	
1594	58.4806154	
1595	58.4806154	
1596	58.4806154	
1597	58.4806154	
1598	58.4806154	
1599	58.4806154	
1600	58.4806154	
1601	58.4806154	
1602	58.4806154	
1603	58.4806154	
1604	58.4806154	
1605	58.4806154	
1606	58.4806154	
1607	58.4806154	
1608	58.4806154	
1609	58.4806154	
1610	58.4806154	
1611	58.4806154	
1612	58.4806154	
1613	58.4806154	
1614	58.4806154	
1615	58.4806154	
1616	58.4806154	
1617	58.4806154	
1618	58.4806154	
1619	58.4806154	
1620	58.4806154	
1621	58.4806154	
1622	58.4806154	
1623	58.4806154	
1624	58.4806154	
1625	58.4806154	
1626	58.4806154	
1627	58.4806154	
1628	58.4806154	
1629	58.4806154	
1630	58.4806154	
1631	58.4806154	
1632	58.4806154	
1633	58.4806154	
1634	58.4806154	
1635	58.4806154	
1636	58.4806154	
1637	58.4806154	
1638	58.4806154	
1639	58.4806154	
1640	58.4806154	
1641	58.4806154	
1642	58.4806154	
1643	58.4806154	
1644	58.4806154	
1645	58.4806154	
1646	58.4806154	
1647	58.4806154	
1648	58.4806154	
1649	58.4806154	
1650	58.4806154	
1651	58.4806154	
1652	58.4806154	
1653	58.4806154	
1654	58.4806154	
1655	58.4806154	
1656	58.4806154	
1657	58.4806154	
1658	58.4806154	
1659	58.4806154	
1660	58.4806154	
1661	58.4806154	
1662	58.4806154	
1663	58.4806154	
1664	58.4806154	
1665	58.4806154	
1666	58.4806154	
1667	58.4806154	
1668	58.4806154	
1669	58.4806154	
1670	58.4806154	
1671	58.4806154	
1672	58.4806154	
1673	58.4806154	
1674	58.4806154	
1675	58.4806154	
1676	58.4806154	
1677	58.4806154	
1678	58.4806154	
1679	58.4806154	
1680	58.4806154	
1681	58.4806154	
1682	58.4806154	
1683	58.4806154	
1684	58.4806154	
1685	58.4806154	
1686	58.4806154	
1687	58.4806154	
1688	58.4806154	
1689	58.4806154	
1690	58.4806154	
1691	58.4806154	
1692	58.4806154	
1693	58.4806154	
1694	58.4806154	
1695	58.4806154	
1696	58.4806154	
1697	58.4806154	
1698	58.4806154	
1699	58.4806154	
1700	58.4806154	
1701	58.4806154	
1702	58.4806154	
1703	58.4806154	
1704	58.4806154	
1705	58.4806154	
1706	58.4806154	
1707	58.4806154	
1708	58.4806154	
1709	58.4806154	
1710	58.4806154	
1711	58.4806154	
1712	58.4806154	
1713	58.4806154	
1714	58.4806154	
1715	58.4806154	
1716	58.4806154	
1717	58.4806154	
1718	58.4806154	
1719	58.4806154	
1720	58.4806154	
1721	58.4806154	
1722	58.4806154	
1723	58.4806154	
1724	58.4806154	
1725	58.4806154	
1726	58.4806154	
1727	58.4806154	
1728	58.4806154	
1729	58.4806154	
1730	58.4806154	
1731	58.4806154	
1732	58.4806154	
1733	58.4806154	
1734	58.4806154	
1735	58.4806154	
1736	58.4806154	
1737	58.4806154	
1738	58.4806154	
1739	58.4806154	
1740	58.4806154	
1741	58.4806154	
1742	58.4806154	
1743	58.4806154	
1744	58.4806154	
1745	58.4806154	
1746	58.4806154	
1747	58.4806154	
1748	58.4806154	
1749	58.4806154	
1750	58.4806154	
1751	58.4806154	
1752	58.4806154	
1753	58.4806154	
1754	58.4806154	
1755	58.4806154	
1756	58.4806154	
1757	58.4806154	
1758	58.4806154	
1759	58.4806154	
1760	58.4806154	
1761	58.4806154	
1762	58.4806154	
1763	58.4806154	
1764	58.4806154	
1765	58.4806154	
1766	58.4806154	
1767	58.4806154	
1768	58.4806154	
1769	58.4806154	
1770	58.4806154	
1771	58.4806154	
1772	58.4806154	
1773	58.4806154	
1774	58.4806154	
1775	58.4806154	
1776	58.4806154	
1777	58.4806154	
1778	58.4806154	
1779	58.4806154	
1780	58.4806154	
1781	58.4806154	
1782	58.4806154	
1783	58.4806154	
1784	58.4806154	
1785	58.4806154	
1786	58.4806154	
1787	58.4806154	
1788	58.4806154	
1789	58.4806154	
1790	58.4806154	
1791	58.4806154	
1792	58.4806154	
1793	58.4806154	
1794	58.4806154	
1795	58.4806154	
1796	58.4806154	
1797	58.4806154	
1798	58.4806154	
1799	58.4806154	
1800	58.4806154	
1801	58.4806154	
1802	58.4806154	
1803	58.4806154	
1804	58.4806154	
1805	58.4806154	
1806	58.4806154	
1807	58.4806154	
1808	58.4806154	
1809	58.4806154	
1810	58.4806154	
1811	58.4806154	
1812	58.4806154	
1813	58.4806154	
1814	58.4806154	
1815	58.4806154	
1816	58.4806154	
1817	58.4806154	
1818	58.4806154	
1819	58.4806154	
1820	58.4806154	
1821	58.4806154	
1822	58.4806154	
1823	58.4806154	
1824	58.4806154	
1825	58.4806154	
1826	58.4806154	
1827	58.4806154	
1828	58.4806154	
1829	58.4806154	
1830	58.4806154	
1831	58.4806154	
1832	58.4806154	
1833	58.4806154	
1834	58.4806154	
1835	58.4806154	
1836	58.4806154	
1837	58.4806154	
1838	58.4806154	
1839	58.4806154	
1840	58.4806154	
1841	58.4806154	
1842	58.4806154	
1843	58.4806154	
1844	58.4806154	
1845	58.4806154	
1846	58.4806154	
1847	58.4806154	
1848	58.4806154	
1849	58.4806154	
1850	58.4806154	
1851	58.4806154	
1852	58.4806154	
1853	58.4806154	
1854	58.4806154	
1855	58.4806154	
1856	58.4806154	
1857	58.4806154	
1858	58.4806154	
1859	58.4806154	
1860	58.4806154	
1861	58.4806154	
1862	58.4806154	
1863	58.4806154	
1864	58.4806154	
1865	58.4806154	
1866	58.4806154	
1867	58.4806154	
1868	58.4806154	
1869	58.4806154	
1870	58.4806154	
1871	58.4806154	
1872	58.4806154	
1873	58.4806154	
1874	58.4806154	
1875	58.4806154	
1876	58.4806154	
1877	58.4806154	
1878	58.4806154	
1879	58.4806154	
1880	58.4806154	
1881	58.4806154	
1882	58.4806154	
1883	58.4806154	
1884	58.4806154	
1885	58.4806154	
1886	58.4806154	
1887	58.4806154	
1888	58.4806154	
1889	58.4806154	
1890	58.4806154	
1891	58.4806154	
1892	58.4806154	
1893	58.4806154	
1894	58.4806154	
1895	58.4806154	
1896	58.4806154	
1897	58.4806154	
1898	58.4806154	
1899	58.4806154	
1900	58.4806154	
1901	58.4806154	
1902	58.4806154	
1903	58.4806154	
1904	58.4806154	
1905	58.4806154	
1906	58.4806154	
1907	58.4806154	
1908	58.4806154	
1909	58.4806154	
1910	58.4806154	
1911	58.4806154	
1912	58.4806154	
1913	58.4806154	
1914	58.4806154	
1915	58.4806154	
1916	58.4806154	
1917	58.4806154	
1918	58.4806154	
1919	58.4806154	
1920	58.4806154	
1921	58.4806154	
1922	58.4806154	
1923	58.4806154	
1924	58.4806154	
1925	58.4806154	
1926	58.4806154	
1927	58.4806154	
1928	58.4806154	
1929	58.4806154	
1930	58.4806154	
1931	58.4806154	
1932	58.4806154	
1933	58.4806154	
1934	58.4806154	
1935	58.4806154	
1936	58.4806154	
1937	58.4806154	
1938	58.4806154	
1939	58.4806154	
1940	58.4806154	
1941	58.4806154	
1942	58.4806154	
1943	58.4806154	
1944	58.4806154	
1945	58.4806154	
1946	58.4806154	
1947	58.4806154	
1948	58.4806154	
1949	58.4806154	
1950	58.4806154	
1951	58.4806154	
1952	58.4806154	
1953	58.4806154	
1954	58.4806154	
1955	58.4806154	
1956	58.4806154	
1957	58.4806154	
1958	58.4806154	
1959	58.4806154	
1960	58.4806154	
1961	58.4806154	
1962	58.4806154	
1963	58.4806154	
1964	58.4806154	
1965	58.4806154	
1966	58.4806154	
1967	58.4806154	
1968	58.4806154	
1969	58.4806154	
1970	58.4806154	
1971	58.4806154	
1972	58.4806154	
1973	58.4806154	
1974	58.4806154	
1975	58.4806154	
1976	58.4806154	
1977	58.4806154	
1978	58.4806154	
1979	58.4806154	
1980	58.4806154	
1981	58.4806154	
1982	58.4806154	
1983	58.4806154	
1984	58.4806154	
1985	58.4806154	
1986	58.4806154	
1987	58.4806154	
1988	58.4806154	
1989	58.4806154	
1990	58.4806154	
1991	58.4806154	
1992	58.4806154	
1993	58.4806154	
1994	58.4806154	
1995	58.4806154	
1996	58.4806154	
1997	58.4806154	
1998	58.4806154	
1999	58.4806154	
2000	58.4806154	
2001	58.4806154	
2002	58.4806154	
2003	58.4806154	
2004	58.4806154	
2005	58.4806154	
2006	58.4806154	
2007	58.4806154	
2008	58.4806154	
2009	58.4806154	
2010	58.4806154	
2011	58.4806154	
2012	58.4806154	
2013	58.4806154	
2014	58.4806154	
2015	58.4806154	
2016	58.4806154	
2017	58.4806154	
2018	58.4806154	
2019	58.4806154	
2020	58.4806154	
2021	58.4806154	
2022	58.4806154	
2023	58.4806154	
2024	58.4806154	
2025	58.4806154	
2026	58.4806154	
2027	58.4806154	
2028	58.4806154	
2029	58.4806154	
2030	58.4806154	
2031	58.4806154	
2032	58.4806154	
2033	58.4806154	
2034	58.4806154	
2035	58.4806154	
2036	58.4806154	
2037	58.4806154	
2038	58.4806154	
2039	58.4806154	
2040	58.4806154	
2041	58.4806154	
2042	58.4806154	
2043	58.4806154	
2044	58.4806154	
2045	58.4806154	
2046	58.4806154	
2047	58.4806154	
2048	58.4806154	
2049	58.4806154	
2050	58.4806154	
2051	58.4806154	
2052	58.4806154	
2053	58.4806154	
2054	58.4806154	
2055	58.4806154	
2056	58.4806154	
2057	58.4806154	
2058	58.4806154	
2059	58.4806154	
2060	58.4806154	
2061	58.4806154	
2062	58.4806154	
2063	58.4806154	
2064	58.4806154	
2065	58.4806154	
2066	58.4806154	
2067	58.4806154	
2068	58.4806154	
2069	58.4806154	
2070	58.4806154	
2071	58.4806154	
2072	58.4806154	
2073	58.4806154	
2074	58.4806154	
2075	58.4806154	
2076	58.4806154	
2077	58.4806154	
2078	58.4806154	
2079	58.4806154	
2080	58.4806154	
2081	58.4806154	
2082	58.4806154	
2083	58.4806154	
2084	58.4806154	
2085	58.4806154	
2086	58.4806154	
2087	58.4806154	
2088	58.4806154	
2089	58.4806154	
2090	58.4806154	
2091	58.4806154	
2092	58.4806154	
2093	58.4806154	
2094	58.4806154	
2095	58.4806154	
2096	58.4806154	
2097	58.4806154	
2098	58.4806154	
2099	58.4806154	
2100	58.4806154	
2101	58.4806154	
2102	58.4806154	
2103	58.4806154	
2104	58.4806154	
2105	58.4806154	
2106	58.4806154	
2107	58.4806154	
2108	58.4806154	
2109	58.4806154	
2110	58.4806154	
2111	58.4806154	
2112	58.4806154	
2113	58.4806154	
2114	58.4806154	
2115	58.4806154	
2116	58.4806154	
2117	58.4806154	
2118	58.4806154	
2119	58.4806154	
2120	58.4806154	
2121	58.4806154	
2122	58.4806154	
2123	58.4806154	
2124	58.4806154	
2125	58.4806154	
2126	58.4806154	
2127	58.4806154	
2128	58.4806154	
2129	58.4806154	
2130	58.4806154	
2131	58.4806154	
2132	58.4806154	
2133	58.4806154	
2134	58.4806154	
2135	58.4806154	
2136	58.4806154	
2137	58.4806154	
2138	58.4806154	
2139	58.4806154	
2140	58.4806154	
2141	58.4806154	
2142	58.4806154	
2143	58.4806154	
2144	58.4806154	
2145	58.4806154	
2146	58.4806154	
2147	58.4806154	
2148	58.4806154	
2149	58.4806154	
2150	58.4806154	
2151	58.4806154	
2152	58.4806154	
2153	58.4806154	
2154	58.4806154	
2155	58.4806154	
2156	58.4806154	
2157	58.4806154	
2158	58.4806154	
2159	58.4806154	
2160	58.4806154	
2161	58.4806154	
2162	58.4806154	
2163	58.4806154	
2164	58.4806154	
2165	58.4806154	
2166	58.4806154	
2167	58.4806154	
2168	58.4806154	
2169	58.4806154	
2170	58.4806154	
2171	58.4806154	
2172	58.4806154	
2173	58.4806154	
2174	58.4806154	
2175	58.4806154	
2176	58.4806154	
2177	58.4806154	
2178	58.4806154	
2179	58.4806154	
2180	58.4806154	
2181	58.4806154	
2182	58.4806154	
2183	58.4806154	
2184	58.4806154	
2185	58.4806154	
2186	58.4806154	
2187	58.4806154	
2188	58.4806154	
2189	58.4806154	
2190	58.4806154	
2191	58.4806154	
2192	58.4806154	
2193	58.4806154	
2194	58.4806154	
2195	58.4806154	
2196	58.4806154	
2197	58.4806154	
2198	58.4806154	
2199	58.4806154	
2200	58.4806154	
2201	58.4806154	
2202	58.4806154	
2203	58.4806154	
2204	58.4806154	
2205	58.4806154	
2206	58.4806154	
2207	58.4806154	
2208	58.4806154	
2209	58.4806154	
2210	58.4806154	
2211	58.4806154	
2212	58.4806154	
2213	58.4806154	
2214	58.4806154	
2215	58.4806154	
2216	58.4806154	
2217	58.4806154	
2218	58.4806154	
2219	58.4806154	
2220	58.4806154	
2221	58.4806154	
2222	58.4806154	
2223	58.4806154	
2224	58.4806154	
2225	58.4806154	
2226	58.4806154	
2227	58.4806154	
2228	58.4806154	
2229	58.4806154	
2230	58.4806154	
2231	58.4806154	
2232	58.4806154	
2233	58.4806154	
2234	58.4806154	
2235	58.4806154	
2236	58.4806154	
2237	58.4806154	
2238	58.4806154	
2239	58.4806154	
2240	58.4806154	
2241	58.4806154	
2242	58.4806154	
2243	58.4806154	
2244	58.4806154	
2245	58.4806154	
2246	58.4806154	
2247	58.4806154	
2248	58.4806154	
2249	58.4806154	
2250	58.4806154	
2251	58.4806154	
2252	58.4806154	
2253	58.4806154	
2254	58.4806154	
2255	58.4806154	
2256	58.4806154	
2257	58.4806154	
2258	58.4806154	
2259	58.4806154	
2260	58.4806154	
2261	58.4806154	
2262	58.4806154	
2263	58.4806154	
2264	58.4806154	
2265	58.4806154	
2266	58.4806154	
2267	58.4806154	
2268	58.4806154	
2269	58.4806154	
2270	58.4806154	
2271	58.4806154	
2272	58.4806154	
2273	58.4806154	
2274	58.4806154	
2275	58.4806154	
2276	58.4806154	
2277	58.4806154	
2278	58.4806154	
2279	58.4806154	
2280	58.4806154	
2281	58.4806154	
2282	58.4806154	
2283	58.4806154	
2284	58.4806154	
2285	58.4806154	
2286	58.4806154	
2287	58.4806154	
2288	58.4806154	
2289	58.4806154	
2290	58.4806154	
2291	58.4806154	
2292	58.4806154	
2293	58.4806154	
2294	58.4806154	
2295	58.4806154	
2296	58.4806154	
2297	58.4806154	
2298	58.4806154	
2299	58.4806154	
2300	58.4806154	
2301	58.4806154	
2302	58.4806154	
2303	58.4806154	
2304	58.4806154	
2305	58.4806154	
2306	58.4806154	
2307	58.4806154	
2308	58.4806154	
2309	58.4806154	
2310	58.4806154	
2311	58.4806154	
2312	58.4806154	
2313	58.4806154	
2314	58.4806154	
2315	58.4806154	
2316	58.4806154	
2317	58.4806154	
2318	58.4806154	
2319	58.4806154	
2320	58.4806154	
2321	58.4806154	
2322	58.4806154	
2323	58.4806154	
2324	58.4806154	
2325	58.4806154	
2326	58.4806154	
2327	58.4806154	
2328	58.4806154	
2329	58.4806154	
2330	58.4806154	
2331	58.4806154	
2332	58.4806154	
2333	58.4806154	
2334	58.4806154	
2335	58.4806154	
2336	58.4806154	
2337	58.4806154	
2338	58.4806154	
2339	58.4806154	
2340	58.4806154	
2341	58.4806154	
2342	58.4806154	
2343	58.4806154	
2344	58.4806154	
2345	58.4806154	
2346	58.4806154	
2347	58.4806154	
2348	58.4806154	
2349	58.4806154	
2350	58.4806154	
2351	58.4806154	
2352	58.4806154	
2353	58.4806154	
2354	58.4806154	
2355	58.4806154	
2356	58.4806154	
2357	58.4806154	
2358	58.4806154	
2359	58.4806154	
2360	58.4806154	
2361	58.4806154	
2362	58.4806154	
2363	58.4806154	
2364	58.4806154	
2365	58.4806154	
2366	58.4806154	
2367	58.4806154	
2368	58.4806154	
2369	58.4806154	
2370	58.4806154	
2371	58.4806154	
2372	58.4806154	
2373	58.4806154	
2374	58.4806154	
2375	58.4806154	
2376	58.4806154	
2377	58.4806154	
2378	58.4806154	
2379	58.4806154	
2380	58.4806154	
2381	58.4806154	
2382	58.4806154	
2383	58.4806154	
2384	58.4806154	
2385	58.4806154	
2386	58.4806154	
2387	58.4806154	
2388	58.4806154	
2389	58.4806154	
2390	58.4806154	
2391	58.4806154	
2392	58.4806154	
2393	58.4806154	
2394	58.4806154	
2395	58.4806154	
2396	58.4806154	
2397	58.4806154	
2398	58.4806154	
2399	58.4806154	
2400	58.4806154	
2401	58.4806154	
2402	58.4806154	
2403	58.4806154	
2404	58.4806154	
2405	58.4806154	
2406	58.4806154	
2407	58.4806154	
2408	58.4806154	
2409	58.4806154	
2410	58.4806154	
2411	58.4806154	
2412	58.4806154	
2413	58.4806154	
2414	58.4806154	
2415	58.4806154	
2416	58.4806154	
2417	58.4806154	
2418	58.4806154	
2419	58.4806154	
2420	58.4806154	
2421	58.4806154	
2422	58.4806154	
2423	58.4806154	
2424	58.4806154	
2425	58.4806154	
2426	58.4806154	
2427	58.4806154	
2428	58.4806154	
2429	58.4806154	
2430	58.4806154	
2431	58.4806154	
2432	58.4806154	
2433	58.4806154	
2434	58.4806154	
2435	58.4806154	
2436	58.4806154	
2437	58.4806154	
2438	58.4806154	
2439	58.4806154	
2440	58.4806154	
2441	58.4806154	
2442	58.4806154	
2443	58.4806154	
2444	58.4806154	
2445	58.4806154	
2446	58.4806154	
2447	58.4806154	
2448	58.4806154	
2449	58.4806154	
2450	58.4806154	
2451	58.4806154	
2452	58.4806154	
2453	58.4806154	
2454	58.4806154	
2455	58.4806154	
2456	58.4806154	
2457	58.4806154	
2458	58.4806154	
2459	58.4806154	
2460	58.4806154	
2461	58.4806154	
2462	58.4806154	
2463	58.4806154	
2464	58.4806154	
2465	58.4806154	
2466	58.4806154	
2467	58.4806154	
2468	58.4806154	
2469	58.4806154	
2470	58.4806154	
2471	58.4806154	
2472	58.4806154	
2473	58.4806154	
2474	58.4806154	
2475	58.4806154	
2476	58.4806154	
2477	58.4806154	
2478	58.4806154	
2479	58.4806154	
2480	58.4806154	
2481	58.4806154	
2482	58.4806154	
2483	58.4806154	
2484	58.4806154	
2485	58.4806154	
2486	58.4806154	
2487	58.4806154	
2488	58.4806154	
2489	58.4806154	
2490	58.4806154	
2491	58.4806154	
2492	58.4806154	
2493	58.4806154	
2494	58.4806154	
2495	58.4806154	
2496	58.4806154	
2497	58.4806154	
2498	58.4806154	
2499	58.4806154	
2500	58.4806154	
2501	58.4806154	
2502	58.4806154	
2503	58.4806154	
2504	58.4806154	
2505	58.4806154	
2506	58.4806154	
2507	58.4806154	
2508	58.4806154	
2509	58.4806154	
2510	58.4806154	
2511	58.4806154	
2512	58.4806154	
2513	58.4806154	
2514	58.4806154	
2515	58.4806154	
2516	58.4806154	
2517	58.4806154	
2518	58.4806154	
2519	58.4806154	
2520	58.4806154	
2521	58.4806154	
2522	58.4806154	
2523	58.4806154	
2524	58.4806154	
2525	58.4806154	
2526	58.4806154	
2527	58.4806154	
2528	58.4806154	
2529	58.4806154	
2530	58.4806154	
2531	58.4806154	
2532	58.4806154	
2533	58.4806154	
2534	58.4806154	
2535	58.4806154	
2536	58.4806154	
2537	58.4806154	
2538	58.4806154	
2539	58.4806154	
2540	58.4806154	
2541	58.4806154	
2542	58.4806154	
2543	58.4806154	
2544	58.4806154	
2545	58.4806154	
2546	58.4806154	
2547	58.4806154	
2548	58.4806154	
2549	58.4806154	
2550	58.4806154	
2551	58.4806154	
2552	58.4806154	
2553	58.4806154	
2554	58.4806154	
2555	58.4806154	
2556	58.4806154	
2557	58.4806154	
2558	58.4806154	
2559	58.4806154	
2560	58.4806154	
2561	58.4806154	
2562	58.4806154	
2563	58.4806154	
2564	58.4806154	
2565	58.4806154	
2566	58.4806154	
2567	58.4806154	
2568	58.4806154	
2569	58.4806154	
2570	58.4806154	
2571	58.4806154	
2572	58.4806154	
2573	58.4806154	
2574	58.4806154	
2575	58.4806154	
2576	58.4806154	
2577	58.4806154	
2578	58.4806154	
2579	58.4806154	
2580	58.4806154	
2581	58.4806154	
2582	58.4806154	
2583	58.4806154	
2584	58.4806154	
2585	58.4806154	
2586	58.4806154	
2587	58.4806154	
2588	58.4806154	
2589	58.4806154	
2590	58.4806154	
2591	58.4806154	
2592	58.4806154	
2593	58.4806154	
2594	58.4806154	
2595	58.4806154	
2596	58.4806154	
2597	58.4806154	
2598	58.4806154	
2599	58.4806154	
2600	58.4806154	
