TaskID	Genre	Detail	Particular	Level	GoodsFive	MagicEnName	MagicCnName	MinValue	MaxValue	TaskValue1	TaskValue2	TaskRate1	TaskRate2	TaskRate3	TaskRate4	TaskRate5	TaskRate6	TaskRate7	TaskRate8	TaskRate9	TaskRate10	TaskRate11	TaskRate12	TaskRate13	TaskRate14	TaskRate15	TaskRate16	TaskRate17	TaskRate18	TaskRate19	TaskRate20	TaskInfo
2001	0	3	0	n	0	n	n	n	n	10000	250000	10000	9000	10000	8000	6000	8000	7000	6000	5000	4000	6000	5500	5000	4500	4000	5000	4500	4000	3500	3000	Giíi ChØ (Kim) 
2002	0	3	0	n	1	n	n	n	n	10000	250000	10000	9000	10000	8000	6000	8000	7000	6000	5000	4000	6000	5500	5000	4500	4000	5000	4500	4000	3500	3000	Giíi ChØ (Méc) 
2003	0	3	0	n	2	n	n	n	n	10000	250000	10000	9000	10000	8000	6000	8000	7000	6000	5000	4000	6000	5500	5000	4500	4000	5000	4500	4000	3500	3000	Giíi ChØ (Thñy) 
2004	0	3	0	n	3	n	n	n	n	10000	250000	10000	9000	10000	8000	6000	8000	7000	6000	5000	4000	6000	5500	5000	4500	4000	5000	4500	4000	3500	3000	Giíi ChØ (Háa) 
2005	0	3	0	n	4	n	n	n	n	10000	250000	10000	9000	10000	9000	6000	8000	7000	6000	5000	4000	6000	5500	5000	4500	4000	5000	4500	4000	3500	3000	Giíi ChØ (Thæ) 
2006	0	3	0	1	n	n	n	n	n	10000	300000	10000	9000	10000	9000	8000	8000	7500	7000	6500	6000	6000	5500	5000	4500	4000	6000	5500	5000	4500	4000	Hoµng Ngäc Giíi ChØ
2007	0	3	0	2	n	n	n	n	n	10000	300000	10000	9000	10000	9000	8000	8000	7500	7000	6500	6000	6000	5500	5000	4500	4000	6000	5500	5000	4500	4000	C¶m L·m Th¹ch Giíi ChØ
2008	0	3	0	3	n	n	n	n	n	15000	500000	5000	5500	7000	7500	8000	6000	6500	7000	7500	8000	6000	6500	7000	7500	8000	5000	5500	6000	6500	7000	Phï Dung Th¹ch Giíi ChØ
2009	0	3	0	4	n	n	n	n	n	15000	400000	3000	3500	5000	5500	6000	5000	5500	6000	6500	7000	5000	5500	6000	6500	7000	6000	6500	7000	7500	8000	PhØ Thóy Giíi ChØ
2010	0	3	0	5	n	n	n	n	n	15000	400000	2000	2500	3000	3500	4000	5000	5500	6000	6500	7000	4000	4500	5000	5500	6000	5000	5500	6000	6500	7000	Thóy Lùu Th¹ch Giíi ChØ
2011	0	3	0	6	n	n	n	n	n	18000	300000	1000	1200	2000	2500	3000	4500	5000	5500	6000	6500	4000	4500	5000	5500	6000	4000	3500	3000	2500	2000	Tæ MÉu Lôc Giíi ChØ
2012	0	3	0	7	n	n	n	n	n	18000	300000	500	800	1100	1400	1700	1500	1800	2100	2400	2700	3000	3500	4000	4500	5000	4000	3500	3000	2500	2000	H¶i Lam B¶o Th¹ch Giíi ChØ
2013	0	3	0	8	n	n	n	n	n	18000	300000	200	250	300	400	500	500	750	1000	1250	1500	2000	2250	2500	2750	3000	3000	3000	3000	3000	3000	Hång B¶o Th¹ch Giíi ChØ
2014	0	3	0	9	n	n	n	n	n	20000	250000	100	150	150	200	300	300	350	400	450	500	800	1200	1600	2000	2400	2500	2300	2100	1900	1700	Lam B¶o Th¹ch Giíi ChØ
2015	0	3	0	10	n	n	n	n	n	20000	250000	0	50	80	120	150	150	180	210	240	270	500	600	700	800	900	1800	2300	2800	3300	3800	Toµn Th¹ch Giíi ChØ
2016	0	3	0	1	0	n	n	n	n	10000	450000	10000	9000	10000	9000	8000	8000	7500	7000	6500	6000	6000	5500	5000	4500	4000	6000	5500	5000	4500	4000	Hoµng Ngäc Giíi ChØ (Kim) 
2017	0	3	0	2	0	n	n	n	n	10000	450000	10000	9000	10000	9000	8000	8000	7500	7000	6500	6000	6000	5500	5000	4500	4000	6000	5500	5000	4500	4000	C¶m L·m Th¹ch Giíi ChØ (Kim) 
2018	0	3	0	3	0	n	n	n	n	15000	750000	5000	5500	7000	7500	8000	6000	6500	7000	7500	8000	6000	6500	7000	7500	8000	5000	5500	6000	6500	7000	Phï Dung Th¹ch Giíi ChØ (Kim) 
2019	0	3	0	4	0	n	n	n	n	15000	500000	3000	3500	5000	5500	6000	5000	5500	6000	6500	7000	5000	5500	6000	6500	7000	6000	6500	7000	7500	8000	PhØ Thóy Giíi ChØ (Kim) 
2020	0	3	0	5	0	n	n	n	n	15000	500000	2000	2500	3000	3500	4000	5000	5500	6000	6500	7000	4000	4500	5000	5500	6000	5000	5500	6000	6500	7000	Thóy Lùu Th¹ch Giíi ChØ (Kim) 
2021	0	3	0	6	0	n	n	n	n	18000	450000	1000	1200	2000	2500	3000	4500	5000	5500	6000	6500	4000	4500	5000	5500	6000	4000	3500	3000	2500	2000	Tæ MÉu Lôc Giíi ChØ (Kim) 
2022	0	3	0	7	0	n	n	n	n	18000	450000	500	800	1100	1400	1700	1500	1800	2100	2400	2700	3000	3500	4000	4500	5000	4000	3500	3000	2500	2000	H¶i Lam B¶o Th¹ch Giíi ChØ (Kim) 
2023	0	3	0	8	0	n	n	n	n	18000	450000	200	250	300	400	500	500	750	1000	1250	1500	2000	2250	2500	2750	3000	3000	3000	3000	3000	3000	Hång B¶o Th¹ch Giíi ChØ (Kim) 
2024	0	3	0	9	0	n	n	n	n	20000	300000	100	150	150	200	300	300	350	400	450	500	800	1200	1600	2000	2400	2500	2300	2100	1900	1700	Lam B¶o Th¹ch Giíi ChØ (Kim) 
2025	0	3	0	10	0	n	n	n	n	20000	300000	0	50	80	120	150	150	180	210	240	270	500	600	700	800	900	1800	2300	2800	3300	3800	Toµn Th¹ch Giíi ChØ (Kim) 
2026	0	3	0	1	1	n	n	n	n	10000	450000	10000	9000	10000	9000	8000	8000	7500	7000	6500	6000	6000	5500	5000	4500	4000	6000	5500	5000	4500	4000	Hoµng Ngäc Giíi ChØ (Kim) 
2027	0	3	0	2	1	n	n	n	n	10000	450000	10000	9000	10000	9000	8000	8000	7500	7000	6500	6000	6000	5500	5000	4500	4000	6000	5500	5000	4500	4000	C¶m L·m Th¹ch Giíi ChØ (Méc) 
2028	0	3	0	3	1	n	n	n	n	15000	750000	5000	5500	7000	7500	8000	6000	6500	7000	7500	8000	6000	6500	7000	7500	8000	5000	5500	6000	6500	7000	Phï Dung Th¹ch Giíi ChØ (Méc) 
2029	0	3	0	4	1	n	n	n	n	15000	500000	3000	3500	5000	5500	6000	5000	5500	6000	6500	7000	5000	5500	6000	6500	7000	6000	6500	7000	7500	8000	PhØ Thóy Giíi ChØ (Méc) 
2030	0	3	0	5	1	n	n	n	n	15000	500000	2000	2500	3000	3500	4000	5000	5500	6000	6500	7000	4000	4500	5000	5500	6000	5000	5500	6000	6500	7000	Thóy Lùu Th¹ch Giíi ChØ (Méc) 
2031	0	3	0	6	1	n	n	n	n	18000	450000	1000	1200	2000	2500	3000	4500	5000	5500	6000	6500	4000	4500	5000	5500	6000	4000	3500	3000	2500	2000	Tæ MÉu Lôc Giíi ChØ (Méc) 
2032	0	3	0	7	1	n	n	n	n	18000	450000	500	800	1100	1400	1700	1500	1800	2100	2400	2700	3000	3500	4000	4500	5000	4000	3500	3000	2500	2000	H¶i Lam B¶o Th¹ch Giíi ChØ (Méc) 
2033	0	3	0	8	1	n	n	n	n	18000	450000	200	250	300	400	500	500	750	1000	1250	1500	2000	2250	2500	2750	3000	3000	3000	3000	3000	3000	Hång B¶o Th¹ch Giíi ChØ (Méc) 
2034	0	3	0	9	1	n	n	n	n	20000	300000	100	150	150	200	300	300	350	400	450	500	800	1200	1600	2000	2400	2500	2300	2100	1900	1700	Lam B¶o Th¹ch Giíi ChØ (Méc) 
2035	0	3	0	10	1	n	n	n	n	20000	300000	0	50	80	120	150	150	180	210	240	270	500	600	700	800	900	1800	2300	2800	3300	3800	Toµn Th¹ch Giíi ChØ (Méc) 
2036	0	3	0	1	2	n	n	n	n	10000	450000	10000	9000	10000	9000	8000	8000	7500	7000	6500	6000	6000	5500	5000	4500	4000	6000	5500	5000	4500	4000	Hoµng Ngäc Giíi ChØ (Thñy) 
2037	0	3	0	2	2	n	n	n	n	10000	450000	10000	9000	10000	9000	8000	8000	7500	7000	6500	6000	6000	5500	5000	4500	4000	6000	5500	5000	4500	4000	C¶m L·m Th¹ch Giíi ChØ (Thñy) 
2038	0	3	0	3	2	n	n	n	n	15000	750000	5000	5500	7000	7500	8000	6000	6500	7000	7500	8000	6000	6500	7000	7500	8000	5000	5500	6000	6500	7000	Phï Dung Th¹ch Giíi ChØ (Thñy) 
2039	0	3	0	4	2	n	n	n	n	15000	500000	3000	3500	5000	5500	6000	5000	5500	6000	6500	7000	5000	5500	6000	6500	7000	6000	6500	7000	7500	8000	PhØ Thóy Giíi ChØ (Thñy) 
2040	0	3	0	5	2	n	n	n	n	15000	500000	2000	2500	3000	3500	4000	5000	5500	6000	6500	7000	4000	4500	5000	5500	6000	5000	5500	6000	6500	7000	Thóy Lùu Th¹ch Giíi ChØ (Thñy) 
2041	0	3	0	6	2	n	n	n	n	18000	450000	1000	1200	2000	2500	3000	4500	5000	5500	6000	6500	4000	4500	5000	5500	6000	4000	3500	3000	2500	2000	Tæ MÉu Lôc Giíi ChØ (Thñy) 
2042	0	3	0	7	2	n	n	n	n	18000	450000	500	800	1100	1400	1700	1500	1800	2100	2400	2700	3000	3500	4000	4500	5000	4000	3500	3000	2500	2000	H¶i Lam B¶o Th¹ch Giíi ChØ (Thñy) 
2043	0	3	0	8	2	n	n	n	n	18000	450000	200	250	300	400	500	500	750	1000	1250	1500	2000	2250	2500	2750	3000	3000	3000	3000	3000	3000	Hång B¶o Th¹ch Giíi ChØ (Thñy) 
2044	0	3	0	9	2	n	n	n	n	20000	300000	100	150	150	200	300	300	350	400	450	500	800	1200	1600	2000	2400	2500	2300	2100	1900	1700	Lam B¶o Th¹ch Giíi ChØ (Thñy) 
2045	0	3	0	10	2	n	n	n	n	20000	300000	0	50	80	120	150	150	180	210	240	270	500	600	700	800	900	1800	2300	2800	3300	3800	Toµn Th¹ch Giíi ChØ (Thñy) 
2046	0	3	0	1	3	n	n	n	n	10000	450000	10000	9000	10000	9000	8000	8000	7500	7000	6500	6000	6000	5500	5000	4500	4000	6000	5500	5000	4500	4000	Hoµng Ngäc Giíi ChØ (Thñy) 
2047	0	3	0	2	3	n	n	n	n	10000	450000	10000	9000	10000	9000	8000	8000	7500	7000	6500	6000	6000	5500	5000	4500	4000	6000	5500	5000	4500	4000	C¶m L·m Th¹ch Giíi ChØ (Háa) 
2048	0	3	0	3	3	n	n	n	n	15000	750000	5000	5500	7000	7500	8000	6000	6500	7000	7500	8000	6000	6500	7000	7500	8000	5000	5500	6000	6500	7000	Phï Dung Th¹ch Giíi ChØ (Háa) 
2049	0	3	0	4	3	n	n	n	n	15000	500000	3000	3500	5000	5500	6000	5000	5500	6000	6500	7000	5000	5500	6000	6500	7000	6000	6500	7000	7500	8000	PhØ Thóy Giíi ChØ (Háa) 
2050	0	3	0	5	3	n	n	n	n	15000	500000	2000	2500	3000	3500	4000	5000	5500	6000	6500	7000	4000	4500	5000	5500	6000	5000	5500	6000	6500	7000	Thóy Lùu Th¹ch Giíi ChØ (Háa) 
2051	0	3	0	6	3	n	n	n	n	18000	450000	1000	1200	2000	2500	3000	4500	5000	5500	6000	6500	4000	4500	5000	5500	6000	4000	3500	3000	2500	2000	Tæ MÉu Lôc Giíi ChØ (Háa) 
2052	0	3	0	7	3	n	n	n	n	18000	450000	500	800	1100	1400	1700	1500	1800	2100	2400	2700	3000	3500	4000	4500	5000	4000	3500	3000	2500	2000	H¶i Lam B¶o Th¹ch Giíi ChØ (Háa) 
2053	0	3	0	8	3	n	n	n	n	18000	450000	200	250	300	400	500	500	750	1000	1250	1500	2000	2250	2500	2750	3000	3000	3000	3000	3000	3000	Hång B¶o Th¹ch Giíi ChØ (Háa) 
2054	0	3	0	9	3	n	n	n	n	20000	300000	100	150	150	200	300	300	350	400	450	500	800	1200	1600	2000	2400	2500	2300	2100	1900	1700	Lam B¶o Th¹ch Giíi ChØ (Háa) 
2055	0	3	0	10	3	n	n	n	n	20000	300000	0	50	80	120	150	150	180	210	240	270	500	600	700	800	900	1800	2300	2800	3300	3800	Toµn Th¹ch Giíi ChØ (Háa) 
2056	0	3	0	1	4	n	n	n	n	10000	450000	10000	9000	10000	9000	8000	8000	7500	7000	6500	6000	6000	5500	5000	4500	4000	6000	5500	5000	4500	4000	Hoµng Ngäc Giíi ChØ (Thæ) 
2057	0	3	0	2	4	n	n	n	n	10000	450000	10000	9000	10000	9000	8000	8000	7500	7000	6500	6000	6000	5500	5000	4500	4000	6000	5500	5000	4500	4000	C¶m L·m Th¹ch Giíi ChØ (Thæ) 
2058	0	3	0	3	4	n	n	n	n	15000	750000	5000	5500	7000	7500	8000	6000	6500	7000	7500	8000	6000	6500	7000	7500	8000	5000	5500	6000	6500	7000	Phï Dung Th¹ch Giíi ChØ (Thæ) 
2059	0	3	0	4	4	n	n	n	n	15000	500000	3000	3500	5000	5500	6000	5000	5500	6000	6500	7000	5000	5500	6000	6500	7000	6000	6500	7000	7500	8000	PhØ Thóy Giíi ChØ (Thæ) 
2060	0	3	0	5	4	n	n	n	n	15000	500000	2000	2500	3000	3500	4000	5000	5500	6000	6500	7000	4000	4500	5000	5500	6000	5000	5500	6000	6500	7000	Thóy Lùu Th¹ch Giíi ChØ (Thæ) 
2061	0	3	0	6	4	n	n	n	n	18000	450000	1000	1200	2000	2500	3000	4500	5000	5500	6000	6500	4000	4500	5000	5500	6000	4000	3500	3000	2500	2000	Tæ MÉu Lôc Giíi ChØ (Thæ) 
2062	0	3	0	7	4	n	n	n	n	18000	450000	500	800	1100	1400	1700	1500	1800	2100	2400	2700	3000	3500	4000	4500	5000	4000	3500	3000	2500	2000	H¶i Lam B¶o Th¹ch Giíi ChØ (Thæ) 
2063	0	3	0	8	4	n	n	n	n	18000	450000	200	250	300	400	500	500	750	1000	1250	1500	2000	2250	2500	2750	3000	3000	3000	3000	3000	3000	Hång B¶o Th¹ch Giíi ChØ (Thæ) 
2064	0	3	0	9	4	n	n	n	n	20000	300000	100	150	150	200	300	300	350	400	450	500	800	1200	1600	2000	2400	2500	2300	2100	1900	1700	Lam B¶o Th¹ch Giíi ChØ (Thæ) 
2065	0	3	0	10	4	n	n	n	n	20000	300000	0	50	80	120	150	150	180	210	240	270	500	600	700	800	900	1800	2300	2800	3300	3800	Toµn Th¹ch Giíi ChØ (Thæ) 
2066	0	3	0	n	n	85	t¨ng sinh lùc	1	40	15000	300000	2000	3000	4000	4500	5000	6000	5500	5000	4500	4000	8000	7500	7000	6500	6000	10000	9000	8000	7000	6000	NhÉn
2067	0	3	0	n	n	85	t¨ng sinh lùc	41	80	15000	500000	50	100	300	500	1000	4000	4500	5000	5500	6000	5000	5500	6000	6500	7000	6000	6500	7000	7500	8000	NhÉn
2068	0	3	0	n	n	85	t¨ng sinh lùc	81	120	15000	3500000	1	5	20	50	100	350	400	450	500	550	600	650	700	750	800	850	900	950	1000	1050	NhÉn
2069	0	3	0	n	n	85	t¨ng sinh lùc	121	200	15000	10000000	0	0	1	3	10	60	70	80	90	100	110	120	130	140	150	160	170	180	190	200	NhÉn
2070	0	3	0	n	n	89	t¨ng Néi lùc 	1	40	15000	300000	2000	3000	4000	4500	5000	6000	5500	5000	4500	4000	8000	7500	7000	6500	6000	10000	9000	8000	7000	6000	NhÉn
2071	0	3	0	n	n	89	t¨ng Néi lùc 	41	80	15000	500000	50	100	300	500	1000	4000	4500	5000	5500	6000	5000	5500	6000	6500	7000	6000	6500	7000	7500	8000	NhÉn
2072	0	3	0	n	n	89	t¨ng Néi lùc 	81	120	15000	3500000	1	5	20	50	100	350	400	450	500	550	600	650	700	750	800	850	900	950	1000	1050	NhÉn
2073	0	3	0	n	n	89	t¨ng Néi lùc 	121	200	15000	10000000	0	0	1	3	10	60	70	80	90	100	110	120	130	140	150	160	170	180	190	200	NhÉn
2074	0	3	0	n	n	93	t¨ng thÓ lùc 	1	40	15000	300000	2000	3000	4000	4500	5000	6000	5500	5000	4500	4000	8000	7500	7000	6500	6000	10000	9000	8000	7000	6000	NhÉn
2075	0	3	0	n	n	93	t¨ng thÓ lùc 	41	80	15000	500000	50	100	300	500	1000	4000	4500	5000	5500	6000	5000	5500	6000	6500	7000	6000	6500	7000	7500	8000	NhÉn
2076	0	3	0	n	n	93	t¨ng thÓ lùc 	81	120	15000	2400000	1	5	20	50	100	350	400	450	500	550	600	650	700	750	800	850	900	950	1000	1050	NhÉn
2077	0	3	0	n	n	93	t¨ng thÓ lùc 	121	200	15000	5000000	0	0	1	3	10	60	70	80	90	100	110	120	130	140	150	160	170	180	190	200	NhÉn
2078	0	3	0	n	n	96	mçi nöa gi©y håi phôc thÓ lùc	1	9	15000	800000	0	50	100	100	100	100	100	100	100	100	100	100	100	100	100	100	100	100	100	100	NhÉn
2079	0	3	0	n	n	97	t¨ng søc m¹nh	1	10	15000	500000	1000	1500	2000	3000	5000	6000	5500	5000	4500	4000	8000	7500	7000	6500	6000	10000	9000	8000	7000	6000	NhÉn
2080	0	3	0	n	n	97	t¨ng søc m¹nh	11	15	15000	10000000	1	5	20	50	100	200	240	280	320	360	300	400	500	600	700	500	550	600	650	700	NhÉn
2081	0	3	0	n	n	98	t¨ng Th©n Ph¸p	1	10	15000	500000	1000	1500	2000	3000	5000	6000	5500	5000	4500	4000	8000	7500	7000	6500	6000	10000	9000	8000	7000	6000	NhÉn
2082	0	3	0	n	n	98	t¨ng Th©n Ph¸p	11	16	15000	10000000	1	5	20	50	100	200	240	280	320	360	300	400	500	600	700	500	550	600	650	700	NhÉn
2083	0	3	0	n	n	99	t¨ng Ngo¹i C«ng	1	10	15000	500000	1000	1500	2000	3000	5000	6000	5500	5000	4500	4000	8000	7500	7000	6500	6000	10000	9000	8000	7000	6000	NhÉn
2084	0	3	0	n	n	99	t¨ng Ngo¹i C«ng	11	18	15000	10000000	1	5	20	50	100	200	240	280	320	360	300	400	500	600	700	500	550	600	650	700	NhÉn
2085	0	3	0	n	n	101	t¨ng phßng ®éc	1	5	15000	300000	2000	3000	4000	4500	5000	6000	5500	5000	4500	4000	8000	7500	7000	6500	6000	10000	9000	8000	7000	6000	NhÉn
2086	0	3	0	n	n	101	t¨ng phßng ®éc	6	14	15000	1000000	50	100	300	500	1000	1400	1600	1800	2000	2200	2000	2500	3000	3500	4000	3000	3500	4000	4500	5000	NhÉn
2087	0	3	0	n	n	101	t¨ng phßng ®éc	15	20	15000	5000000	1	5	20	50	150	400	450	500	550	600	500	550	600	650	700	500	600	700	800	900	NhÉn
2088	0	3	0	n	n	105	t¨ng phßng b¨ng	1	5	15000	300000	2000	3000	4000	4500	5000	6000	5500	5000	4500	4000	8000	7500	7000	6500	6000	10000	9000	8000	7000	6000	NhÉn
2089	0	3	0	n	n	105	t¨ng phßng b¨ng	6	14	15000	3000000	50	100	300	500	1000	1400	1600	1800	2000	2200	2000	2500	3000	3500	4000	3000	3500	4000	4500	5000	NhÉn
2090	0	3	0	n	n	105	t¨ng phßng b¨ng	15	20	15000	8000000	1	5	20	50	150	400	450	500	550	600	500	550	600	650	700	500	600	700	800	900	NhÉn
2091	0	3	0	n	n	102	t¨ng phßng háa	1	5	15000	300000	2000	3000	4000	4500	5000	6000	5500	5000	4500	4000	8000	7500	7000	6500	6000	10000	9000	8000	7000	6000	NhÉn
2092	0	3	0	n	n	102	t¨ng phßng háa	6	14	15000	3000000	50	100	300	500	1000	1400	1600	1800	2000	2200	2000	2500	3000	3500	4000	3000	3500	4000	4500	5000	NhÉn
2093	0	3	0	n	n	102	t¨ng phßng háa	15	20	15000	8000000	1	5	20	50	150	400	450	500	550	600	500	550	600	650	700	500	600	700	800	900	NhÉn
2094	0	3	0	n	n	103	t¨ng phßng l«i	1	5	15000	300000	2000	3000	4000	4500	5000	6000	5500	5000	4500	4000	8000	7500	7000	6500	6000	10000	9000	8000	7000	6000	NhÉn
2095	0	3	0	n	n	103	t¨ng phßng l«i	6	17	15000	3000000	50	100	300	500	1000	1400	1600	1800	2000	2200	2000	2500	3000	3500	4000	3000	3500	4000	4500	5000	NhÉn
2096	0	3	0	n	n	103	t¨ng phßng l«i	18	22	15000	8000000	1	5	20	50	150	400	450	500	550	600	500	550	600	650	700	500	600	700	800	900	NhÉn
2097	0	4	0	n	0	n	n	n	n	10000	250000	3500	3000	3500	2700	2000	2700	2400	2000	1700	1400	2000	1900	1700	1500	1400	1700	1500	1400	1200	1000	D©y chuyÒn (Kim) 
2098	0	4	0	n	1	n	n	n	n	10000	250000	3500	3000	3500	2700	2000	2700	2400	2000	1700	1400	2000	1900	1700	1500	1400	1700	1500	1400	1200	1000	D©y chuyÒn (Méc) 
2099	0	4	0	n	2	n	n	n	n	10000	250000	3500	3000	3500	2700	2000	2700	2400	2000	1700	1400	2000	1900	1700	1500	1400	1700	1500	1400	1200	1000	D©y chuyÒn (Thñy) 
2100	0	4	0	n	3	n	n	n	n	10000	250000	3500	3000	3500	2700	2000	2700	2400	2000	1700	1400	2000	1900	1700	1500	1400	1700	1500	1400	1200	1000	D©y chuyÒn (Háa) 
2101	0	4	0	n	4	n	n	n	n	10000	250000	3500	3000	3500	3000	2000	2700	2400	2000	1700	1400	2000	1900	1700	1500	1400	1700	1500	1400	1200	1000	D©y chuyÒn (Thæ) 
2102	0	4	0	1	n	n	n	n	n	10000	300000	3500	3000	3500	3000	2700	2700	2500	2400	2200	2000	2000	1900	1700	1500	1400	2000	1900	1700	1500	1400	§ång H¹ng Liªn
2103	0	4	0	2	n	n	n	n	n	10000	300000	3500	3000	3500	3000	2700	2700	2500	2400	2200	2000	2000	1900	1700	1500	1400	2000	1900	1700	1500	1400	Ng©n H¹ng Liªn
2104	0	4	0	3	n	n	n	n	n	15000	500000	1600	1900	2400	2500	2700	2000	2200	2400	2500	2700	2000	2200	2400	2500	2700	1700	1900	2000	2200	2400	Kim H¹ng Liªn
2105	0	4	0	4	n	n	n	n	n	15000	400000	1000	1200	1600	1900	2000	1700	1900	2000	2200	2400	1700	1900	2000	2200	2400	2000	2200	2400	2500	2700	B¹ch Kim H¹ng Liªn
2106	0	4	0	5	n	n	n	n	n	15000	400000	700	900	1000	1200	1400	1700	1900	2000	2200	2400	1400	1500	1700	1900	2000	1700	1900	2000	2200	2400	Ngäc Ch©u H¹ng Liªn
2107	0	4	0	6	n	n	n	n	n	18000	300000	350	400	700	900	1000	1500	1700	1900	2000	2200	1400	1500	1700	1900	2000	1400	1200	1000	840	700	Lôc Tïng Th¹ch H¹ng Liªn
2108	0	4	0	7	n	n	n	n	n	18000	300000	160	270	270	500	600	500	600	700	800	900	1000	1200	1400	1500	1700	1400	1200	1000	840	700	Thñy Tinh H¹ng Liªn 
2109	0	4	0	8	n	n	n	n	n	18000	300000	70	90	100	140	170	170	250	340	420	500	700	800	900	920	1000	1000	1000	1000	1000	1000	Khæng T­íc Th¹ch H¹ng Liªn
2110	0	4	0	9	n	n	n	n	n	20000	250000	35	50	50	70	100	100	120	140	150	170	270	400	600	700	800	900	800	700	640	600	Tr©n Ch©u H¹ng Liªn
2111	0	4	0	10	n	n	n	n	n	20000	250000	0	16	27	40	50	50	60	70	80	90	170	200	240	270	300	600	800	940	1100	1300	Toµn Th¹ch H¹ng Liªn
2112	0	4	0	1	0	n	n	n	n	10000	450000	3400	3000	3400	3000	2700	2700	2500	2400	2200	2000	2000	1900	1700	1500	1700	2000	1900	1700	1500	1700	D©y chuyÒn ®ång (Kim) 
2113	0	4	0	2	0	n	n	n	n	10000	450000	3400	3000	3400	3000	2700	2700	2500	2400	2200	2000	2000	1900	1700	1500	1700	2000	1900	1700	1500	1700	D©y chuyÒn b¹c (Kim) 
2114	0	4	0	3	0	n	n	n	n	15000	750000	1700	1900	2400	2500	2700	2000	2200	2400	2500	2700	2000	2200	2400	2500	2700	1700	1900	2000	2200	2400	D©y chuyÒn vµng (Kim) 
2115	0	4	0	4	0	n	n	n	n	15000	500000	1000	1200	1700	1900	2000	1700	1900	2000	2200	2400	1700	1900	2000	2200	2400	2000	2200	2400	2500	2700	D©y chuyÒn b¹c (Kim) 
2116	0	4	0	5	0	n	n	n	n	15000	500000	700	900	1000	1200	1400	1700	1900	2000	2200	2400	1400	1500	1700	1900	2000	1700	1900	2000	2200	2400	D©y chuyÒn Ngäc (Kim) 
2117	0	4	0	6	0	n	n	n	n	18000	450000	340	400	700	900	1000	1500	1700	1900	2000	2200	1400	1500	1700	1900	2000	1400	1200	1000	840	700	D©y chuyÒn Lôc Tïng Th¹ch (Kim) 
2118	0	4	0	7	0	n	n	n	n	18000	450000	170	270	400	500	600	500	600	700	800	900	1000	1200	1400	1500	1700	1400	1200	1000	840	700	D©y chuyÒn thñy tinh (Kim) 
2119	0	4	0	8	0	n	n	n	n	18000	450000	70	90	100	140	170	170	250	340	420	500	700	800	900	920	1000	1000	1000	1000	1000	1000	Khæng T­íc Th¹ch H¹ng Liªn (Kim) 
2120	0	4	0	9	0	n	n	n	n	20000	300000	34	50	50	70	100	100	120	170	150	170	270	400	540	700	800	840	800	2100	640	600	Tr©n Ch©u H¹ng Liªn (Kim) 
2121	0	4	0	10	0	n	n	n	n	20000	300000	0	17	27	40	50	50	60	70	80	90	170	200	240	270	300	600	800	2800	1100	1300	Toµn Th¹ch H¹ng Liªn (Kim) 
2122	0	4	0	1	1	n	n	n	n	10000	450000	3400	3000	3400	3000	2700	2700	2500	2400	2200	2000	2000	1900	1700	1500	1700	2000	1900	1700	1500	1700	D©y chuyÒn ®ång (Méc) 
2123	0	4	0	2	1	n	n	n	n	10000	450000	3400	3000	3400	3000	2700	2700	2500	2400	2200	2000	2000	1900	1700	1500	1700	2000	1900	1700	1500	1700	D©y chuyÒn b¹c (Méc) 
2124	0	4	0	3	1	n	n	n	n	15000	750000	1700	1900	2400	2500	2700	2000	2200	2400	2500	2700	2000	2200	2400	2500	2700	1700	1900	2000	2200	2400	D©y chuyÒn vµng (Méc) 
2125	0	4	0	4	1	n	n	n	n	15000	500000	1000	1200	1700	1900	2000	1700	1900	2000	2200	2400	1700	1900	2000	2200	2400	2000	2200	2400	2500	2700	D©y chuyÒn b¹c (Méc) h kim
2126	0	4	0	5	1	n	n	n	n	15000	500000	700	900	1000	1200	1400	1700	1900	2000	2200	2400	1400	1500	1700	1900	2000	1700	1900	2000	2200	2400	D©y chuyÒn ngäc (Méc) 
2127	0	4	0	6	1	n	n	n	n	18000	450000	340	400	700	900	1000	1500	1700	1900	2000	2200	1400	1500	1700	1900	2000	1400	1200	1000	840	700	Lôc Tïng Th¹ch H¹ng Liªn (Méc) 
2128	0	4	0	7	1	n	n	n	n	18000	450000	170	270	400	500	600	500	600	700	800	900	1000	1200	1400	1500	1700	1400	1200	1000	840	700	Thñy Tinh H¹ng Liªn (Méc) 
2129	0	4	0	8	1	n	n	n	n	18000	450000	70	90	100	140	170	170	250	340	420	500	700	800	900	920	1000	1000	1000	1000	1000	1000	Khæng T­íc Th¹ch H¹ng Liªn (Méc) 
2130	0	4	0	9	1	n	n	n	n	20000	300000	34	50	50	70	100	100	120	170	150	170	270	400	540	700	800	840	800	2100	640	600	 Tr©n Ch©u H¹ng Liªn (Méc) 
2131	0	4	0	10	1	n	n	n	n	20000	300000	0	17	27	40	50	50	60	70	80	90	170	200	240	270	300	600	800	2800	1100	1300	 Toµn Th¹ch H¹ng Liªn (Méc) 
2132	0	4	0	1	2	n	n	n	n	10000	450000	3400	3000	3400	3000	2700	2700	2500	2400	2200	2000	2000	1900	1700	1500	1700	2000	1900	1700	1500	1700	 D©y chuyÒn §ång (Thñy) 
2133	0	4	0	2	2	n	n	n	n	10000	450000	3400	3000	3400	3000	2700	2700	2500	2400	2200	2000	2000	1900	1700	1500	1700	2000	1900	1700	1500	1700	 D©y chuyÒn b¹c (Thñy) 
2134	0	4	0	3	2	n	n	n	n	15000	750000	1700	1900	2400	2500	2700	2000	2200	2400	2500	2700	2000	2200	2400	2500	2700	1700	1900	2000	2200	2400	 D©y chuyÒn vµng (Thñy) 
2135	0	4	0	4	2	n	n	n	n	15000	500000	1000	1200	1700	1900	2000	1700	1900	2000	2200	2400	1700	1900	2000	2200	2400	2000	2200	2400	2500	2700	 D©y chuyÒn b¹c (Thñy) kim
2136	0	4	0	5	2	n	n	n	n	15000	500000	700	900	1000	1200	1400	1700	1900	2000	2200	2400	1400	1500	1700	1900	2000	1700	1900	2000	2200	2400	 D©y chuyÒn ngäc (Thñy) 
2137	0	4	0	6	2	n	n	n	n	18000	450000	340	400	700	900	1000	1500	1700	1900	2000	2200	1400	1500	1700	1900	2000	1400	1200	1000	840	700	Lôc Tïng Th¹ch H¹ng Liªn (Thñy) 
2138	0	4	0	7	2	n	n	n	n	18000	450000	170	270	400	500	600	500	600	700	800	900	1000	1200	1400	1500	1700	1400	1200	1000	840	700	Thñy Tinh H¹ng Liªn (Thñy) 
2139	0	4	0	8	2	n	n	n	n	18000	450000	70	90	100	140	170	170	250	340	420	500	700	800	900	920	1000	1000	1000	1000	1000	1000	Khæng T­íc Th¹ch H¹ng Liªn (Thñy) 
2140	0	4	0	9	2	n	n	n	n	20000	300000	34	50	50	70	100	100	120	170	150	170	270	400	540	700	800	840	800	2100	640	600	Tr©n Ch©u H¹ng Liªn (Thñy) 
2141	0	4	0	10	2	n	n	n	n	20000	300000	0	17	27	40	50	50	60	70	80	90	170	200	240	270	300	600	800	2800	1100	1300	Toµn Th¹ch H¹ng Liªn (Thñy) 
2142	0	4	0	1	3	n	n	n	n	10000	450000	3400	3000	3400	3000	2700	2700	2500	2400	2200	2000	2000	1900	1700	1500	1700	2000	1900	1700	1500	1700	D©y chuyÒn §ång (Háa) 
2143	0	4	0	2	3	n	n	n	n	10000	450000	3400	3000	3400	3000	2700	2700	2500	2400	2200	2000	2000	1900	1700	1500	1700	2000	1900	1700	1500	1700	D©y chuyÒn b¹c (Háa) 
2144	0	4	0	3	3	n	n	n	n	15000	750000	1700	1900	2400	2500	2700	2000	2200	2400	2500	2700	2000	2200	2400	2500	2700	1700	1900	2000	2200	2400	D©y chuyÒn vµng (Háa) 
2145	0	4	0	4	3	n	n	n	n	15000	500000	1000	1200	1700	1900	2000	1700	1900	2000	2200	2400	1700	1900	2000	2200	2400	2000	2200	2400	2500	2700	D©y chuyÒn b¹c (Háa) h kim
2146	0	4	0	5	3	n	n	n	n	15000	500000	700	900	1000	1200	1400	1700	1900	2000	2200	2400	1400	1500	1700	1900	2000	1700	1900	2000	2200	2400	D©y chuyÒn ngäc (Háa) 
2147	0	4	0	6	3	n	n	n	n	18000	450000	340	400	700	900	1000	1500	1700	1900	2000	2200	1400	1500	1700	1900	2000	1400	1200	1000	840	700	Lôc Tïng Th¹ch H¹ng Liªn (Háa) 
2148	0	4	0	7	3	n	n	n	n	18000	450000	170	270	400	500	600	500	600	700	800	900	1000	1200	1400	1500	1700	1400	1200	1000	840	700	Thñy Tinh H¹ng Liªn (Háa) 
2149	0	4	0	8	3	n	n	n	n	18000	450000	70	90	100	140	170	170	250	340	420	500	700	800	900	920	1000	1000	1000	1000	1000	1000	Khæng T­íc Th¹ch H¹ng Liªn (Háa) 
2150	0	4	0	9	3	n	n	n	n	20000	300000	34	50	50	70	100	100	120	170	150	170	270	400	540	700	800	840	800	2100	640	600	Tr©n Ch©u H¹ng Liªn (Háa) 
2151	0	4	0	10	3	n	n	n	n	20000	300000	0	17	27	40	50	50	60	70	80	90	170	200	240	270	300	600	800	2800	1100	1300	Toµn Th¹ch H¹ng Liªn (Háa) 
2152	0	4	0	1	4	n	n	n	n	10000	450000	3400	3000	3400	3000	2700	2700	2500	2400	2200	2000	2000	1900	1700	1500	1700	2000	1900	1700	1500	1700	D©y chuyÒn ®ång (Thæ) 
2153	0	4	0	2	4	n	n	n	n	10000	450000	3400	3000	3400	3000	2700	2700	2500	2400	2200	2000	2000	1900	1700	1500	1700	2000	1900	1700	1500	1700	D©y chuyÒn b¹c (Thæ) 
2154	0	4	0	3	4	n	n	n	n	15000	750000	1700	1900	2400	2500	2700	2000	2200	2400	2500	2700	2000	2200	2400	2500	2700	1700	1900	2000	2200	2400	D©y chuyÒn vµng (Thæ) 
2155	0	4	0	4	4	n	n	n	n	15000	500000	1000	1200	1700	1900	2000	1700	1900	2000	2200	2400	1700	1900	2000	2200	2400	2000	2200	2400	2500	2700	D©y chuyÒn b¹c (Thæ) h kim
2156	0	4	0	5	4	n	n	n	n	15000	500000	700	900	1000	1200	1400	1700	1900	2000	2200	2400	1400	1500	1700	1900	2000	1700	1900	2000	2200	2400	D©y chuyÒn ngäc (Thæ) 
2157	0	4	0	6	4	n	n	n	n	18000	450000	340	400	700	900	1000	1500	1700	1900	2000	2200	1400	1500	1700	1900	2000	1400	1200	1000	840	700	Lôc Tïng Th¹ch H¹ng Liªn (Thæ) 
2158	0	4	0	7	4	n	n	n	n	18000	450000	170	270	400	500	600	500	600	700	800	900	1000	1200	1400	1500	1700	1400	1200	1000	840	700	Thñy Tinh H¹ng Liªn (Thæ) 
2159	0	4	0	8	4	n	n	n	n	18000	450000	70	90	100	140	170	170	250	340	420	500	700	800	900	920	1000	1000	1000	1000	1000	1000	Khæng T­íc Th¹ch H¹ng Liªn (Thæ) 
2160	0	4	0	9	4	n	n	n	n	20000	300000	34	50	50	70	100	100	120	170	150	170	270	400	540	700	800	840	800	2100	640	600	Tr©n Ch©u H¹ng Liªn (Thæ) 
2161	0	4	0	10	4	n	n	n	n	20000	300000	0	17	27	40	50	50	60	70	80	90	170	200	240	270	300	600	800	2800	400	1300	Toµn Th¹ch H¹ng Liªn (Thæ) 
2162	0	4	0	n	n	85	t¨ng sinh lùc	1	40	15000	300000	1000	1500	1400	1500	1700	2000	1900	1700	1500	1400	2700	2500	2400	2200	2000	3400	3000	2700	2400	2000	D©y chuyÒn
2163	0	4	0	n	n	85	t¨ng sinh lùc	41	80	15000	500000	30	50	100	300	500	1400	1500	1700	1900	2000	1700	1900	2000	2200	2400	2000	2200	2400	2500	2700	D©y chuyÒn
2164	0	4	0	n	n	85	t¨ng sinh lùc	81	120	15000	3000000	1	5	20	50	100	240	270	300	340	400	300	340	400	400	440	400	500	540	600	700	D©y chuyÒn
2165	0	4	0	n	n	85	t¨ng sinh lùc	121	200	15000	5000000	0	0	1	3	10	24	30	40	44	50	40	50	60	70	80	70	74	80	90	90	D©y chuyÒn
2166	0	4	0	n	n	89	t¨ng Néi lùc 	1	40	15000	300000	1000	1500	1400	1500	1700	2000	1900	1700	1500	1400	2700	2500	2400	2200	2000	3400	3000	2700	2400	2000	D©y chuyÒn
2167	0	4	0	n	n	89	t¨ng Néi lùc 	41	80	15000	500000	30	50	100	300	500	1400	1500	1700	1900	2000	1700	1900	2000	2200	2400	2000	2200	2400	2500	2700	D©y chuyÒn
2168	0	4	0	n	n	89	t¨ng Néi lùc 	81	120	15000	3000000	1	5	20	50	100	240	270	300	340	400	300	340	400	400	440	400	500	540	600	700	D©y chuyÒn
2169	0	4	0	n	n	89	t¨ng Néi lùc 	121	200	15000	5000000	0	0	1	3	10	24	30	40	44	50	40	50	60	70	80	70	74	80	90	90	D©y chuyÒn
2170	0	4	0	n	n	93	t¨ng thÓ lùc 	1	40	15000	300000	1000	1500	1400	1500	1700	2000	1900	1700	1500	1400	2700	2500	2400	2200	2000	3400	3000	2700	2400	2000	D©y chuyÒn
2171	0	4	0	n	n	93	t¨ng thÓ lùc 	41	80	15000	500000	30	50	100	300	500	1400	1500	1700	1900	2000	1700	1900	2000	2200	2400	2000	2200	2400	2500	2700	D©y chuyÒn
2172	0	4	0	n	n	93	t¨ng thÓ lùc 	81	120	15000	1500000	1	5	20	50	100	240	270	300	340	400	300	340	400	400	440	400	500	540	600	700	D©y chuyÒn
2173	0	4	0	n	n	93	t¨ng thÓ lùc 	121	200	15000	3000000	0	0	1	3	10	24	30	40	44	50	40	50	60	70	80	70	74	80	90	90	D©y chuyÒn
2174	0	4	0	n	n	96	mçi nöa gi©y håi phôc thÓ lùc	1	9	15000	800000	0	10	30	50	50	50	50	50	50	50	50	50	50	50	50	50	50	50	50	50	D©y chuyÒn
2175	0	4	0	n	n	97	t¨ng søc m¹nh	1	10	15000	500000	400	800	1400	1500	1700	2000	1900	1700	1500	1400	2700	2500	2400	2200	2000	3400	3000	2700	2400	2000	D©y chuyÒn
2176	0	4	0	n	n	97	t¨ng søc m¹nh	11	15	15000	5000000	1	5	10	30	50	70	80	94	107	120	100	140	170	200	240	170	190	200	220	240	D©y chuyÒn
2177	0	4	0	n	n	98	t¨ng Th©n Ph¸p	1	10	15000	500000	400	800	1400	1500	1700	2000	1900	1700	1500	1700	2700	2500	2400	2200	2000	10000	3000	2700	2400	2000	D©y chuyÒn
2178	0	4	0	n	n	98	t¨ng Th©n Ph¸p	11	16	15000	5000000	1	5	10	30	50	70	80	94	110	120	100	140	170	200	240	170	190	200	220	240	D©y chuyÒn
2179	0	4	0	n	n	99	t¨ng Ngo¹i C«ng	1	10	15000	500000	400	800	1400	1500	1700	2000	1900	1700	1500	1700	2700	2500	2400	2200	2000	10000	3000	2700	2400	2000	D©y chuyÒn
2180	0	4	0	n	n	99	t¨ng Ngo¹i C«ng	11	18	15000	5000000	1	5	10	30	50	70	80	94	110	120	100	140	170	200	240	170	190	200	220	240	D©y chuyÒn
2181	0	4	0	n	n	101	t¨ng phßng ®éc	1	5	15000	300000	1000	1500	1400	1500	1700	2000	1900	1700	1500	1400	2700	2500	2400	2200	2000	3400	3000	2700	2400	2000	D©y chuyÒn
2182	0	4	0	n	n	101	t¨ng phßng ®éc	6	14	15000	500000	50	100	200	300	400	470	540	600	700	740	700	840	1000	1200	1400	1000	1200	1400	1500	1700	D©y chuyÒn
2183	0	4	0	n	n	101	t¨ng phßng ®éc	15	20	15000	2000000	1	5	10	30	50	170	150	170	190	200	170	190	200	220	240	170	200	240	270	300	D©y chuyÒn
2184	0	4	0	n	n	105	t¨ng phßng b¨ng	1	5	15000	300000	1000	1500	1400	1500	1700	2000	1900	1700	1500	1400	2700	2500	2400	2200	2000	3400	3000	2700	2400	2000	D©y chuyÒn
2185	0	4	0	n	n	105	t¨ng phßng b¨ng	6	14	15000	1000000	50	100	200	300	400	470	540	600	700	740	700	840	1000	1200	1400	1000	1200	1400	1500	1700	D©y chuyÒn
2186	0	4	0	n	n	105	t¨ng phßng b¨ng	15	20	15000	5000000	1	5	10	30	50	170	150	170	190	200	170	190	200	220	240	170	200	240	270	300	D©y chuyÒn
2187	0	4	0	n	n	102	t¨ng phßng háa	1	5	15000	300000	1000	1500	1400	1500	1700	2000	1900	1700	1500	1400	2700	2500	2400	2200	2000	3400	3000	2700	2400	2000	D©y chuyÒn
2188	0	4	0	n	n	102	t¨ng phßng háa	6	14	15000	1000000	50	100	200	300	400	470	540	600	700	740	700	840	1000	1200	1400	1000	1200	1400	1500	1700	D©y chuyÒn
2189	0	4	0	n	n	102	t¨ng phßng háa	15	20	15000	5000000	1	5	10	30	50	170	150	170	190	200	170	190	200	220	240	170	200	240	270	300	D©y chuyÒn
2190	0	4	0	n	n	103	t¨ng phßng l«i	1	5	15000	300000	1000	1500	1400	1500	1700	2000	1900	1700	1500	1400	2700	2500	2400	2200	2000	3400	3000	2700	2400	2000	D©y chuyÒn
2191	0	4	0	n	n	103	t¨ng phßng l«i	6	17	15000	1000000	50	100	200	300	400	470	540	600	700	740	700	840	1000	1200	1400	1000	1200	1400	1500	1700	D©y chuyÒn
2192	0	4	0	n	n	103	t¨ng phßng l«i	18	22	15000	5000000	1	5	10	30	50	170	150	170	190	200	170	190	200	220	240	170	200	240	270	300	D©y chuyÒn
2193	0	4	1	n	0	n	n	n	n	10000	250000	3500	3000	3500	2700	2000	2700	2400	2000	1700	1400	2000	1900	1700	1500	1400	1700	1500	1400	1200	1000	Hé Th©n phï (Kim) 
2194	0	4	1	n	1	n	n	n	n	10000	250000	3500	3000	3500	2700	2000	2700	2400	2000	1700	1400	2000	1900	1700	1500	1400	1700	1500	1400	1200	1000	Hé Th©n phï (Méc) 
2195	0	4	1	n	2	n	n	n	n	10000	250000	3500	3000	3500	2700	2000	2700	2400	2000	1700	1400	2000	1900	1700	1500	1400	1700	1500	1400	1200	1000	Hé Th©n phï (Thñy) 
2196	0	4	1	n	3	n	n	n	n	10000	250000	3500	3000	3500	2700	2000	2700	2400	2000	1700	1400	2000	1900	1700	1500	1400	1700	1500	1400	1200	1000	Hé Th©n phï (Háa) 
2197	0	4	1	n	4	n	n	n	n	10000	250000	3500	3000	3500	3000	2000	2700	2400	2000	1700	1400	2000	1900	1700	1500	1400	1700	1500	1400	1200	1000	Hé Th©n phï (Thæ) 
2198	0	4	1	1	n	n	n	n	n	10000	300000	3500	3000	3500	3000	2700	2700	2500	2400	2200	2000	2000	1900	1700	1500	1400	2000	1900	1700	1500	1400	Lôc Tïng Th¹ch Hé Th©n phï 
2199	0	4	1	2	n	n	n	n	n	10000	300000	3500	3000	3500	3000	2700	2700	2500	2400	2200	2000	2000	1900	1700	1500	1400	2000	1900	1700	1500	1400	San H« Hé Th©n phï 
2200	0	4	1	3	n	n	n	n	n	15000	500000	1600	1900	2400	2500	2700	2000	2200	2400	2500	2700	2000	2200	2400	2500	2700	1700	1900	2000	2200	2400	Miªu Nh·n Hé Th©n phï 
2201	0	4	1	4	n	n	n	n	n	15000	400000	1000	1200	1600	1900	2000	1700	1900	2000	2200	2400	1700	1900	2000	2200	2400	2000	2200	2400	2500	2700	Hæ T×nh Hé Th©n phï 
2202	0	4	1	5	n	n	n	n	n	15000	400000	700	900	1000	1200	1400	1700	1900	2000	2200	2400	1400	1500	1700	1900	2000	1700	1900	2000	2200	2400	Thñy Tinh Hé Th©n phï 
2203	0	4	1	6	n	n	n	n	n	18000	300000	350	400	700	900	1000	1500	1700	1900	2000	2200	1400	1500	1700	1900	2000	1400	1200	1000	840	700	Hæ Ph¸ch Hé Th©n phï 
2204	0	4	1	7	n	n	n	n	n	18000	300000	160	270	270	500	600	500	600	700	800	900	1000	1200	1400	1500	1700	1400	1200	1000	840	700	B¹ch PhØ Thóy Hé Th©n phï 
2205	0	4	1	8	n	n	n	n	n	18000	300000	70	90	100	140	170	170	250	340	420	500	700	800	900	920	1000	1000	1000	1000	1000	1000	Hång PhØ Thóy Hé Th©n phï 
2206	0	4	1	9	n	n	n	n	n	20000	250000	35	50	50	70	100	100	120	140	150	170	270	400	600	700	800	900	800	700	640	600	Tö PhØ Thóy Hé Th©n phï 
2207	0	4	1	10	n	n	n	n	n	20000	250000	0	16	27	40	50	50	60	70	80	90	170	200	240	270	300	600	800	940	1100	1300	Lôc PhØ Thóy Hé Th©n phï 
2208	0	4	1	1	0	n	n	n	n	10000	450000	3400	3000	3400	3000	2700	2700	2500	2400	2200	2000	2000	1900	1700	1500	1700	2000	1900	1700	1500	1700	Lôc Tïng Th¹ch Hé Th©n phï (Kim) 
2209	0	4	1	2	0	n	n	n	n	10000	450000	3400	3000	3400	3000	2700	2700	2500	2400	2200	2000	2000	1900	1700	1500	1700	2000	1900	1700	1500	1700	San H« Hé Th©n phï (Kim) 
2210	0	4	1	3	0	n	n	n	n	15000	750000	1700	1900	2400	2500	2700	2000	2200	2400	2500	2700	2000	2200	2400	2500	2700	1700	1900	2000	2200	2400	Miªu Nh·n Hé Th©n phï (Kim) 
2211	0	4	1	4	0	n	n	n	n	15000	500000	1000	1200	1700	1900	2000	1700	1900	2000	2200	2400	1700	1900	2000	2200	2400	2000	2200	2400	2500	2700	Hæ T×nh Hé Th©n phï (Kim) 
2212	0	4	1	5	0	n	n	n	n	15000	500000	700	900	1000	1200	1400	1700	1900	2000	2200	2400	1400	1500	1700	1900	2000	1700	1900	2000	2200	2400	Thñy Tinh Hé Th©n phï (Kim) 
2213	0	4	1	6	0	n	n	n	n	18000	450000	340	400	700	900	1000	1500	1700	1900	2000	2200	1400	1500	1700	1900	2000	1400	1200	1000	840	700	Hæ Ph¸ch Hé Th©n phï (Kim) 
2214	0	4	1	7	0	n	n	n	n	18000	450000	170	270	400	500	600	500	600	700	800	900	1000	1200	1400	1500	1700	1400	1200	1000	840	700	B¹ch PhØ Thóy Hé Th©n phï (Kim) 
2215	0	4	1	8	0	n	n	n	n	18000	450000	70	90	100	140	170	170	250	340	420	500	700	800	900	920	1000	1000	1000	1000	1000	1000	Hång PhØ Thóy Hé Th©n phï (Kim) 
2216	0	4	1	9	0	n	n	n	n	20000	300000	34	50	50	70	100	100	120	170	150	170	270	400	540	700	800	840	800	2100	640	600	Tö PhØ Thóy Hé Th©n phï (Kim) 
2217	0	4	1	10	0	n	n	n	n	20000	300000	0	17	27	40	50	50	60	70	80	90	170	200	240	270	300	600	800	2800	1100	1300	Lôc PhØ Thóy Hé Th©n phï (Kim) 
2218	0	4	1	1	1	n	n	n	n	10000	450000	3400	3000	3400	3000	2700	2700	2500	2400	2200	2000	2000	1900	1700	1500	1700	2000	1900	1700	1500	1700	Lôc Tïng Th¹ch Hé Th©n phï (Méc) 
2219	0	4	1	2	1	n	n	n	n	10000	450000	3400	3000	3400	3000	2700	2700	2500	2400	2200	2000	2000	1900	1700	1500	1700	2000	1900	1700	1500	1700	San H« Hé Th©n phï (Méc) 
2220	0	4	1	3	1	n	n	n	n	15000	750000	1700	1900	2400	2500	2700	2000	2200	2400	2500	2700	2000	2200	2400	2500	2700	1700	1900	2000	2200	2400	Miªu Nh·n Hé Th©n phï (Méc) 
2221	0	4	1	4	1	n	n	n	n	15000	500000	1000	1200	1700	1900	2000	1700	1900	2000	2200	2400	1700	1900	2000	2200	2400	2000	2200	2400	2500	2700	Hæ T×nh Hé Th©n phï (Méc) 
2222	0	4	1	5	1	n	n	n	n	15000	500000	700	900	1000	1200	1400	1700	1900	2000	2200	2400	1400	1500	1700	1900	2000	1700	1900	2000	2200	2400	Thñy Tinh Hé Th©n phï (Méc) 
2223	0	4	1	6	1	n	n	n	n	18000	450000	340	400	700	900	1000	1500	1700	1900	2000	2200	1400	1500	1700	1900	2000	1400	1200	1000	840	700	Hæ Ph¸ch Hé Th©n phï (Méc) 
2224	0	4	1	7	1	n	n	n	n	18000	450000	170	270	400	500	600	500	600	700	800	900	1000	1200	1400	1500	1700	1400	1200	1000	840	700	B¹ch PhØ Thóy Hé Th©n phï (Méc) 
2225	0	4	1	8	1	n	n	n	n	18000	450000	70	90	100	140	170	170	250	340	420	500	700	800	900	920	1000	1000	1000	1000	1000	1000	Hång PhØ Thóy Hé Th©n phï (Méc) 
2226	0	4	1	9	1	n	n	n	n	20000	300000	34	50	50	70	100	100	120	170	150	170	270	400	540	700	800	840	800	2100	640	600	Tö PhØ Thóy Hé Th©n phï (Méc) 
2227	0	4	1	10	1	n	n	n	n	20000	300000	0	17	27	40	50	50	60	70	80	90	170	200	240	270	300	600	800	2800	1100	1300	Lôc PhØ Thóy Hé Th©n phï (Méc) 
2228	0	4	1	1	2	n	n	n	n	10000	450000	3400	3000	3400	3000	2700	2700	2500	2400	2200	2000	2000	1900	1700	1500	1700	2000	1900	1700	1500	1700	Lôc Tïng Th¹ch Hé Th©n phï (Thñy) 
2229	0	4	1	2	2	n	n	n	n	10000	450000	3400	3000	3400	3000	2700	2700	2500	2400	2200	2000	2000	1900	1700	1500	1700	2000	1900	1700	1500	1700	San H« Hé Th©n phï (Thñy) 
2230	0	4	1	3	2	n	n	n	n	15000	750000	1700	1900	2400	2500	2700	2000	2200	2400	2500	2700	2000	2200	2400	2500	2700	1700	1900	2000	2200	2400	Miªu Nh·n Hé Th©n phï (Thñy) 
2231	0	4	1	4	2	n	n	n	n	15000	500000	1000	1200	1700	1900	2000	1700	1900	2000	2200	2400	1700	1900	2000	2200	2400	2000	2200	2400	2500	2700	Hæ T×nh Hé Th©n phï (Thñy) 
2232	0	4	1	5	2	n	n	n	n	15000	500000	700	900	1000	1200	1400	1700	1900	2000	2200	2400	1400	1500	1700	1900	2000	1700	1900	2000	2200	2400	Thñy Tinh Hé Th©n phï (Thñy) 
2233	0	4	1	6	2	n	n	n	n	18000	450000	340	400	700	900	1000	1500	1700	1900	2000	2200	1400	1500	1700	1900	2000	1400	1200	1000	840	700	Hæ Ph¸ch Hé Th©n phï (Thñy) 
2234	0	4	1	7	2	n	n	n	n	18000	450000	170	270	400	500	600	500	600	700	800	900	1000	1200	1400	1500	1700	1400	1200	1000	840	700	B¹ch PhØ Thóy Hé Th©n phï (Thñy) 
2235	0	4	1	8	2	n	n	n	n	18000	450000	70	90	100	140	170	170	250	340	420	500	700	800	900	920	1000	1000	1000	1000	1000	1000	Hång PhØ Thóy Hé Th©n phï (Thñy) 
2236	0	4	1	9	2	n	n	n	n	20000	300000	34	50	50	70	100	100	120	170	150	170	270	400	540	700	800	840	800	2100	640	600	Tö PhØ Thóy Hé Th©n phï (Thñy) 
2237	0	4	1	10	2	n	n	n	n	20000	300000	0	17	27	40	50	50	60	70	80	90	170	200	240	270	300	600	800	2800	1100	1300	Lôc PhØ Thóy Hé Th©n phï (Thñy) 
2238	0	4	1	1	3	n	n	n	n	10000	450000	3400	3000	3400	3000	2700	2700	2500	2400	2200	2000	2000	1900	1700	1500	1700	2000	1900	1700	1500	1700	Lôc Tïng Th¹ch Hé Th©n phï (Thñy) 
2239	0	4	1	2	3	n	n	n	n	10000	450000	3400	3000	3400	3000	2700	2700	2500	2400	2200	2000	2000	1900	1700	1500	1700	2000	1900	1700	1500	1700	San H« Hé Th©n phï (Háa) 
2240	0	4	1	3	3	n	n	n	n	15000	750000	1700	1900	2400	2500	2700	2000	2200	2400	2500	2700	2000	2200	2400	2500	2700	1700	1900	2000	2200	2400	Miªu Nh·n Hé Th©n phï (Háa) 
2241	0	4	1	4	3	n	n	n	n	15000	500000	1000	1200	1700	1900	2000	1700	1900	2000	2200	2400	1700	1900	2000	2200	2400	2000	2200	2400	2500	2700	Hæ T×nh Hé Th©n phï (Háa) 
2242	0	4	1	5	3	n	n	n	n	15000	500000	700	900	1000	1200	1400	1700	1900	2000	2200	2400	1400	1500	1700	1900	2000	1700	1900	2000	2200	2400	Thñy Tinh Hé Th©n phï (Háa) 
2243	0	4	1	6	3	n	n	n	n	18000	450000	340	400	700	900	1000	1500	1700	1900	2000	2200	1400	1500	1700	1900	2000	1400	1200	1000	840	700	Hæ Ph¸ch Hé Th©n phï (Háa) 
2244	0	4	1	7	3	n	n	n	n	18000	450000	170	270	400	500	600	500	600	700	800	900	1000	1200	1400	1500	1700	1400	1200	1000	840	700	B¹ch PhØ Thóy Hé Th©n phï (Háa) 
2245	0	4	1	8	3	n	n	n	n	18000	450000	70	90	100	140	170	170	250	340	420	500	700	800	900	920	1000	1000	1000	1000	1000	1000	Hång PhØ Thóy Hé Th©n phï (Háa) 
2246	0	4	1	9	3	n	n	n	n	20000	300000	34	50	50	70	100	100	120	170	150	170	270	400	540	700	800	840	800	2100	640	600	Tö PhØ Thóy Hé Th©n phï (Háa) 
2247	0	4	1	10	3	n	n	n	n	20000	300000	0	17	27	40	50	50	60	70	80	90	170	200	240	270	300	600	800	2800	1100	1300	Lôc PhØ Thóy Hé Th©n phï (Háa) 
2248	0	4	1	1	4	n	n	n	n	10000	450000	3400	3000	3400	3000	2700	2700	2500	2400	2200	2000	2000	1900	1700	1500	1700	2000	1900	1700	1500	1700	Lôc Tïng Th¹ch Hé Th©n phï (Thæ) 
2249	0	4	1	2	4	n	n	n	n	10000	450000	3400	3000	3400	3000	2700	2700	2500	2400	2200	2000	2000	1900	1700	1500	1700	2000	1900	1700	1500	1700	San H« Hé Th©n phï (Thæ) 
2250	0	4	1	3	4	n	n	n	n	15000	750000	1700	1900	2400	2500	2700	2000	2200	2400	2500	2700	2000	2200	2400	2500	2700	1700	1900	2000	2200	2400	Miªu Nh·n Hé Th©n phï (Thæ) 
2251	0	4	1	4	4	n	n	n	n	15000	500000	1000	1200	1700	1900	2000	1700	1900	2000	2200	2400	1700	1900	2000	2200	2400	2000	2200	2400	2500	2700	Hæ T×nh Hé Th©n phï (Thæ) 
2252	0	4	1	5	4	n	n	n	n	15000	500000	700	900	1000	1200	1400	1700	1900	2000	2200	2400	1400	1500	1700	1900	2000	1700	1900	2000	2200	2400	Thñy Tinh Hé Th©n phï (Thæ) 
2253	0	4	1	6	4	n	n	n	n	18000	450000	340	400	700	900	1000	1500	1700	1900	2000	2200	1400	1500	1700	1900	2000	1400	1200	1000	840	700	Hæ Ph¸ch Hé Th©n phï (Thæ) 
2254	0	4	1	7	4	n	n	n	n	18000	450000	170	270	400	500	600	500	600	700	800	900	1000	1200	1400	1500	1700	1400	1200	1000	840	700	B¹ch PhØ Thóy Hé Th©n phï (Thæ) 
2255	0	4	1	8	4	n	n	n	n	18000	450000	70	90	100	140	170	170	250	340	420	500	700	800	900	920	1000	1000	1000	1000	1000	1000	Hång PhØ Thóy Hé Th©n phï (Thæ) 
2256	0	4	1	9	4	n	n	n	n	20000	300000	34	50	50	70	100	100	120	170	150	170	270	400	540	700	800	840	800	2100	640	600	Tö PhØ Thóy Hé Th©n phï (Thæ) 
2257	0	4	1	10	4	n	n	n	n	20000	300000	0	17	27	40	50	50	60	70	80	90	170	200	240	270	300	600	800	2800	400	1300	Lôc PhØ Thóy Hé Th©n phï (Thæ) 
2258	0	4	1	n	n	85	t¨ng sinh lùc	1	40	15000	300000	1000	1500	1400	1500	1700	2000	1900	1700	1500	1400	2700	2500	2400	2200	2000	3400	3000	2700	2400	2000	Hé Th©n phï 
2259	0	4	1	n	n	85	t¨ng sinh lùc	41	80	15000	500000	30	50	100	300	500	1400	1500	1700	1900	2000	1700	1900	2000	2200	2400	2000	2200	2400	2500	2700	Hé Th©n phï 
2260	0	4	1	n	n	85	t¨ng sinh lùc	81	120	15000	3000000	1	5	20	50	100	240	270	300	340	400	300	340	400	400	440	400	500	540	600	700	Hé Th©n phï 
2261	0	4	1	n	n	85	t¨ng sinh lùc	121	200	15000	5000000	0	0	1	3	10	24	30	40	44	50	40	50	60	70	80	70	74	80	90	90	Hé Th©n phï 
2262	0	4	1	n	n	89	t¨ng Néi lùc 	1	40	15000	300000	1000	1500	1400	1500	1700	2000	1900	1700	1500	1400	2700	2500	2400	2200	2000	3400	3000	2700	2400	2000	Hé Th©n phï 
2263	0	4	1	n	n	89	t¨ng Néi lùc 	41	80	15000	500000	30	50	100	300	500	1400	1500	1700	1900	2000	1700	1900	2000	2200	2400	2000	2200	2400	2500	2700	Hé Th©n phï 
2264	0	4	1	n	n	89	t¨ng Néi lùc 	81	120	15000	3000000	1	5	20	50	100	240	270	300	340	400	300	340	400	400	440	400	500	540	600	700	Hé Th©n phï 
2265	0	4	1	n	n	89	t¨ng Néi lùc 	121	200	15000	5000000	0	0	1	3	10	24	30	40	44	50	40	50	60	70	80	70	74	80	90	90	Hé Th©n phï 
2266	0	4	1	n	n	93	t¨ng thÓ lùc 	1	40	15000	300000	1000	1500	1400	1500	1700	2000	1900	1700	1500	1400	2700	2500	2400	2200	2000	3400	3000	2700	2400	2000	Hé Th©n phï 
2267	0	4	1	n	n	93	t¨ng thÓ lùc 	41	80	15000	500000	30	50	100	300	500	1400	1500	1700	1900	2000	1700	1900	2000	2200	2400	2000	2200	2400	2500	2700	Hé Th©n phï 
2268	0	4	1	n	n	93	t¨ng thÓ lùc 	81	120	15000	1500000	1	5	20	50	100	240	270	300	340	400	300	340	400	400	440	400	500	540	600	700	Hé Th©n phï 
2269	0	4	1	n	n	93	t¨ng thÓ lùc 	121	200	15000	3000000	0	0	1	3	10	24	30	40	44	50	40	50	60	70	80	70	74	80	90	90	Hé Th©n phï 
2270	0	4	1	n	n	96	mçi nöa gi©y håi phôc thÓ lùc	1	9	15000	800000	0	10	30	50	50	50	50	50	50	50	50	50	50	50	50	50	50	50	50	50	Hé Th©n phï 
2271	0	4	1	n	n	97	t¨ng søc m¹nh	1	10	15000	500000	400	800	1400	1500	1700	2000	1900	1700	1500	1400	2700	2500	2400	2200	2000	3400	3000	2700	2400	2000	Hé Th©n phï 
2272	0	4	1	n	n	97	t¨ng søc m¹nh	11	15	15000	5000000	1	5	10	30	50	70	80	94	107	120	100	140	170	200	240	170	190	200	220	240	Hé Th©n phï 
2273	0	4	1	n	n	98	t¨ng Th©n Ph¸p	1	10	15000	500000	400	800	1400	1500	1700	2000	1900	1700	1500	1700	2700	2500	2400	2200	2000	10000	3000	2700	2400	2000	Hé Th©n phï 
2274	0	4	1	n	n	98	t¨ng Th©n Ph¸p	11	16	15000	5000000	1	5	10	30	50	70	80	94	110	120	100	140	170	200	240	170	190	200	220	240	Hé Th©n phï 
2275	0	4	1	n	n	99	t¨ng Ngo¹i C«ng	1	10	15000	500000	400	800	1400	1500	1700	2000	1900	1700	1500	1700	2700	2500	2400	2200	2000	10000	3000	2700	2400	2000	Hé Th©n phï 
2276	0	4	1	n	n	99	t¨ng Ngo¹i C«ng	11	18	15000	5000000	1	5	10	30	50	70	80	94	110	120	100	140	170	200	240	170	190	200	220	240	Hé Th©n phï 
2277	0	4	1	n	n	101	t¨ng phßng ®éc	1	5	15000	300000	1000	1500	1400	1500	1700	2000	1900	1700	1500	1400	2700	2500	2400	2200	2000	3400	3000	2700	2400	2000	Hé Th©n phï 
2278	0	4	1	n	n	101	t¨ng phßng ®éc	6	14	15000	500000	50	100	200	300	400	470	540	600	700	740	700	840	1000	1200	1400	1000	1200	1400	1500	1700	Hé Th©n phï 
2279	0	4	1	n	n	101	t¨ng phßng ®éc	15	20	15000	2000000	1	5	10	30	50	170	150	170	190	200	170	190	200	220	240	170	200	240	270	300	Hé Th©n phï 
2280	0	4	1	n	n	105	t¨ng phßng b¨ng	1	5	15000	300000	1000	1500	1400	1500	1700	2000	1900	1700	1500	1400	2700	2500	2400	2200	2000	3400	3000	2700	2400	2000	Hé Th©n phï 
2281	0	4	1	n	n	105	t¨ng phßng b¨ng	6	14	15000	1000000	50	100	200	300	400	470	540	600	700	740	700	840	1000	1200	1400	1000	1200	1400	1500	1700	Hé Th©n phï 
2282	0	4	1	n	n	105	t¨ng phßng b¨ng	15	20	15000	5000000	1	5	10	30	50	170	150	170	190	200	170	190	200	220	240	170	200	240	270	300	Hé Th©n phï 
2283	0	4	1	n	n	102	t¨ng phßng háa	1	5	15000	300000	1000	1500	1400	1500	1700	2000	1900	1700	1500	1400	2700	2500	2400	2200	2000	3400	3000	2700	2400	2000	Hé Th©n phï 
2284	0	4	1	n	n	102	t¨ng phßng háa	6	14	15000	1000000	50	100	200	300	400	470	540	600	700	740	700	840	1000	1200	1400	1000	1200	1400	1500	1700	Hé Th©n phï 
2285	0	4	1	n	n	102	t¨ng phßng háa	15	20	15000	5000000	1	5	10	30	50	170	150	170	190	200	170	190	200	220	240	170	200	240	270	300	Hé Th©n phï 
2286	0	4	1	n	n	103	t¨ng phßng l«i	1	5	15000	300000	1000	1500	1400	1500	1700	2000	1900	1700	1500	1400	2700	2500	2400	2200	2000	3400	3000	2700	2400	2000	Hé Th©n phï 
2287	0	4	1	n	n	103	t¨ng phßng l«i	6	17	15000	1000000	50	100	200	300	400	470	540	600	700	740	700	840	1000	1200	1400	1000	1200	1400	1500	1700	Hé Th©n phï 
2288	0	4	1	n	n	103	t¨ng phßng l«i	18	22	15000	5000000	1	5	10	30	50	170	150	170	190	200	170	190	200	220	240	170	200	240	270	300	Hé Th©n phï 
2289	0	9	0	n	0	n	n	n	n	10000	250000	3500	3000	3500	2700	2000	2700	2400	2000	1700	1400	2000	1900	1700	1500	1400	1700	1500	1400	1200	1000	H­¬ng Nang (Kim) 
2290	0	9	0	n	1	n	n	n	n	10000	250000	3500	3000	3500	2700	2000	2700	2400	2000	1700	1400	2000	1900	1700	1500	1400	1700	1500	1400	1200	1000	H­¬ng Nang (Méc) 
2291	0	9	0	n	2	n	n	n	n	10000	250000	3500	3000	3500	2700	2000	2700	2400	2000	1700	1400	2000	1900	1700	1500	1400	1700	1500	1400	1200	1000	H­¬ng Nang (Thñy) 
2292	0	9	0	n	3	n	n	n	n	10000	250000	3500	3000	3500	2700	2000	2700	2400	2000	1700	1400	2000	1900	1700	1500	1400	1700	1500	1400	1200	1000	H­¬ng Nang (Háa) 
2293	0	9	0	n	4	n	n	n	n	10000	250000	3500	3000	3500	3000	2000	2700	2400	2000	1700	1400	2000	1900	1700	1500	1400	1700	1500	1400	1200	1000	H­¬ng Nang (Thæ) 
2294	0	9	0	1	n	n	n	n	n	10000	300000	3500	3000	3500	3000	2700	2700	2500	2400	2200	2000	2000	1900	1700	1500	1400	2000	1900	1700	1500	1400	Hu©n Y H­¬ng Nang
2295	0	9	0	2	n	n	n	n	n	10000	300000	3500	3000	3500	3000	2700	2700	2500	2400	2200	2000	2000	1900	1700	1500	1400	2000	1900	1700	1500	1400	M¹t LÞ H­¬ng Nang
2296	0	9	0	3	n	n	n	n	n	15000	500000	1600	1900	2400	2500	2700	2000	2200	2400	2500	2700	2000	2200	2400	2500	2700	1700	1900	2000	2200	2400	Nhò H­¬ng H­¬ng Nang
2297	0	9	0	4	n	n	n	n	n	15000	400000	1000	1200	1600	1900	2000	1700	1900	2000	2200	2400	1700	1900	2000	2200	2400	2000	2200	2400	2500	2700	Lan Hoa H­¬ng Nang
2298	0	9	0	5	n	n	n	n	n	15000	400000	700	900	1000	1200	1400	1700	1900	2000	2200	2400	1400	1500	1700	1900	2000	1700	1900	2000	2200	2400	Hîp Hoan H­¬ng Nang
2299	0	9	0	6	n	n	n	n	n	18000	300000	350	400	700	900	1000	1500	1700	1900	2000	2200	1400	1500	1700	1900	2000	1400	1200	1000	840	700	Tö T« H­¬ng Nang
2300	0	9	0	7	n	n	n	n	n	18000	300000	160	270	270	500	600	500	600	700	800	900	1000	1200	1400	1500	1700	1400	1200	1000	840	700	TrÇm §µn H­¬ng Nang
2301	0	9	0	8	n	n	n	n	n	18000	300000	70	90	100	140	170	170	250	340	420	500	700	800	900	920	1000	1000	1000	1000	1000	1000	Tiªn X¹ H­¬ng Nang
2302	0	9	0	9	n	n	n	n	n	20000	250000	35	50	50	70	100	100	120	140	150	170	270	400	600	700	800	900	800	700	640	600	Giµ Nam H­¬ng Nang
2303	0	9	0	10	n	n	n	n	n	20000	250000	0	16	27	40	50	50	60	70	80	90	170	200	240	270	300	600	800	940	1100	1300	Long Tiªn H­¬ng Nang
2304	0	9	0	1	0	n	n	n	n	10000	450000	3400	3000	3400	3000	2700	2700	2500	2400	2200	2000	2000	1900	1700	1500	1700	2000	1900	1700	1500	1700	Hu©n Y H­¬ng Nang (Kim) 
2305	0	9	0	2	0	n	n	n	n	10000	450000	3400	3000	3400	3000	2700	2700	2500	2400	2200	2000	2000	1900	1700	1500	1700	2000	1900	1700	1500	1700	M¹t LÞ H­¬ng Nang (Kim) 
2306	0	9	0	3	0	n	n	n	n	15000	750000	1700	1900	2400	2500	2700	2000	2200	2400	2500	2700	2000	2200	2400	2500	2700	1700	1900	2000	2200	2400	Nhò H­¬ng H­¬ng Nang (Kim) 
2307	0	9	0	4	0	n	n	n	n	15000	500000	1000	1200	1700	1900	2000	1700	1900	2000	2200	2400	1700	1900	2000	2200	2400	2000	2200	2400	2500	2700	Lan Hoa H­¬ng Nang (Kim) 
2308	0	9	0	5	0	n	n	n	n	15000	500000	700	900	1000	1200	1400	1700	1900	2000	2200	2400	1400	1500	1700	1900	2000	1700	1900	2000	2200	2400	Hîp Hoan H­¬ng Nang (Kim) 
2309	0	9	0	6	0	n	n	n	n	18000	450000	340	400	700	900	1000	1500	1700	1900	2000	2200	1400	1500	1700	1900	2000	1400	1200	1000	840	700	Tö T« H­¬ng Nang (Kim) 
2310	0	9	0	7	0	n	n	n	n	18000	450000	170	270	400	500	600	500	600	700	800	900	1000	1200	1400	1500	1700	1400	1200	1000	840	700	TrÇm §µn H­¬ng Nang (Kim) 
2311	0	9	0	8	0	n	n	n	n	18000	450000	70	90	100	140	170	170	250	340	420	500	700	800	900	920	1000	1000	1000	1000	1000	1000	Tiªn X¹ H­¬ng Nang (Kim) 
2312	0	9	0	9	0	n	n	n	n	20000	300000	34	50	50	70	100	100	120	170	150	170	270	400	540	700	800	840	800	2100	640	600	Giµ Nam H­¬ng Nang (Kim) 
2313	0	9	0	10	0	n	n	n	n	20000	300000	0	17	27	40	50	50	60	70	80	90	170	200	240	270	300	600	800	2800	1100	1300	Long Tiªn H­¬ng Nang (Kim) 
2314	0	9	0	1	1	n	n	n	n	10000	450000	3400	3000	3400	3000	2700	2700	2500	2400	2200	2000	2000	1900	1700	1500	1700	2000	1900	1700	1500	1700	Hu©n Y H­¬ng Nang (Méc) 
2315	0	9	0	2	1	n	n	n	n	10000	450000	3400	3000	3400	3000	2700	2700	2500	2400	2200	2000	2000	1900	1700	1500	1700	2000	1900	1700	1500	1700	M¹t LÞ H­¬ng Nang (Méc) 
2316	0	9	0	3	1	n	n	n	n	15000	750000	1700	1900	2400	2500	2700	2000	2200	2400	2500	2700	2000	2200	2400	2500	2700	1700	1900	2000	2200	2400	Nhò H­¬ng H­¬ng Nang (Méc) 
2317	0	9	0	4	1	n	n	n	n	15000	500000	1000	1200	1700	1900	2000	1700	1900	2000	2200	2400	1700	1900	2000	2200	2400	2000	2200	2400	2500	2700	Lan Hoa H­¬ng Nang (Méc) 
2318	0	9	0	5	1	n	n	n	n	15000	500000	700	900	1000	1200	1400	1700	1900	2000	2200	2400	1400	1500	1700	1900	2000	1700	1900	2000	2200	2400	Hîp Hoan H­¬ng Nang (Méc) 
2319	0	9	0	6	1	n	n	n	n	18000	450000	340	400	700	900	1000	1500	1700	1900	2000	2200	1400	1500	1700	1900	2000	1400	1200	1000	840	700	Tö T« H­¬ng Nang (Méc) 
2320	0	9	0	7	1	n	n	n	n	18000	450000	170	270	400	500	600	500	600	700	800	900	1000	1200	1400	1500	1700	1400	1200	1000	840	700	TrÇm §µn H­¬ng Nang (Méc) 
2321	0	9	0	8	1	n	n	n	n	18000	450000	70	90	100	140	170	170	250	340	420	500	700	800	900	920	1000	1000	1000	1000	1000	1000	Tiªn X¹ H­¬ng Nang (Méc) 
2322	0	9	0	9	1	n	n	n	n	20000	300000	34	50	50	70	100	100	120	170	150	170	270	400	540	700	800	840	800	2100	640	600	Giµ Nam H­¬ng Nang (Méc) 
2323	0	9	0	10	1	n	n	n	n	20000	300000	0	17	27	40	50	50	60	70	80	90	170	200	240	270	300	600	800	2800	1100	1300	Long Tiªn H­¬ng Nang (Méc) 
2324	0	9	0	1	2	n	n	n	n	10000	450000	3400	3000	3400	3000	2700	2700	2500	2400	2200	2000	2000	1900	1700	1500	1700	2000	1900	1700	1500	1700	Hu©n Y H­¬ng Nang (Thñy) 
2325	0	9	0	2	2	n	n	n	n	10000	450000	3400	3000	3400	3000	2700	2700	2500	2400	2200	2000	2000	1900	1700	1500	1700	2000	1900	1700	1500	1700	M¹t LÞ H­¬ng Nang (Thñy) 
2326	0	9	0	3	2	n	n	n	n	15000	750000	1700	1900	2400	2500	2700	2000	2200	2400	2500	2700	2000	2200	2400	2500	2700	1700	1900	2000	2200	2400	Nhò H­¬ng H­¬ng Nang (Thñy) 
2327	0	9	0	4	2	n	n	n	n	15000	500000	1000	1200	1700	1900	2000	1700	1900	2000	2200	2400	1700	1900	2000	2200	2400	2000	2200	2400	2500	2700	Lan Hoa H­¬ng Nang (Thñy) 
2328	0	9	0	5	2	n	n	n	n	15000	500000	700	900	1000	1200	1400	1700	1900	2000	2200	2400	1400	1500	1700	1900	2000	1700	1900	2000	2200	2400	Hîp Hoan H­¬ng Nang (Thñy) 
2329	0	9	0	6	2	n	n	n	n	18000	450000	340	400	700	900	1000	1500	1700	1900	2000	2200	1400	1500	1700	1900	2000	1400	1200	1000	840	700	Tö T« H­¬ng Nang (Thñy) 
2330	0	9	0	7	2	n	n	n	n	18000	450000	170	270	400	500	600	500	600	700	800	900	1000	1200	1400	1500	1700	1400	1200	1000	840	700	TrÇm §µn H­¬ng Nang (Thñy) 
2331	0	9	0	8	2	n	n	n	n	18000	450000	70	90	100	140	170	170	250	340	420	500	700	800	900	920	1000	1000	1000	1000	1000	1000	Tiªn X¹ H­¬ng Nang (Thñy) 
2332	0	9	0	9	2	n	n	n	n	20000	300000	34	50	50	70	100	100	120	170	150	170	270	400	540	700	800	840	800	2100	640	600	Giµ Nam H­¬ng Nang (Thñy) 
2333	0	9	0	10	2	n	n	n	n	20000	300000	0	17	27	40	50	50	60	70	80	90	170	200	240	270	300	600	800	2800	1100	1300	Long Tiªn H­¬ng Nang (Thñy) 
2334	0	9	0	1	3	n	n	n	n	10000	450000	3400	3000	3400	3000	2700	2700	2500	2400	2200	2000	2000	1900	1700	1500	1700	2000	1900	1700	1500	1700	Hu©n Y H­¬ng Nang (Háa) 
2335	0	9	0	2	3	n	n	n	n	10000	450000	3400	3000	3400	3000	2700	2700	2500	2400	2200	2000	2000	1900	1700	1500	1700	2000	1900	1700	1500	1700	M¹t LÞ H­¬ng Nang (Háa) 
2336	0	9	0	3	3	n	n	n	n	15000	750000	1700	1900	2400	2500	2700	2000	2200	2400	2500	2700	2000	2200	2400	2500	2700	1700	1900	2000	2200	2400	Nhò H­¬ng H­¬ng Nang (Háa) 
2337	0	9	0	4	3	n	n	n	n	15000	500000	1000	1200	1700	1900	2000	1700	1900	2000	2200	2400	1700	1900	2000	2200	2400	2000	2200	2400	2500	2700	Lan Hoa H­¬ng Nang (Háa) 
2338	0	9	0	5	3	n	n	n	n	15000	500000	700	900	1000	1200	1400	1700	1900	2000	2200	2400	1400	1500	1700	1900	2000	1700	1900	2000	2200	2400	Hîp Hoan H­¬ng Nang (Háa) 
2339	0	9	0	6	3	n	n	n	n	18000	450000	340	400	700	900	1000	1500	1700	1900	2000	2200	1400	1500	1700	1900	2000	1400	1200	1000	840	700	Tö T« H­¬ng Nang (Háa) 
2340	0	9	0	7	3	n	n	n	n	18000	450000	170	270	400	500	600	500	600	700	800	900	1000	1200	1400	1500	1700	1400	1200	1000	840	700	TrÇm §µn H­¬ng Nang (Háa) 
2341	0	9	0	8	3	n	n	n	n	18000	450000	70	90	100	140	170	170	250	340	420	500	700	800	900	920	1000	1000	1000	1000	1000	1000	Tiªn X¹ H­¬ng Nang (Háa) 
2342	0	9	0	9	3	n	n	n	n	20000	300000	34	50	50	70	100	100	120	170	150	170	270	400	540	700	800	840	800	2100	640	600	Giµ Nam H­¬ng Nang (Háa) 
2343	0	9	0	10	3	n	n	n	n	20000	300000	0	17	27	40	50	50	60	70	80	90	170	200	240	270	300	600	800	2800	1100	1300	Long Tiªn H­¬ng Nang (Háa) 
2344	0	9	0	1	4	n	n	n	n	10000	450000	3400	3000	3400	3000	2700	2700	2500	2400	2200	2000	2000	1900	1700	1500	1700	2000	1900	1700	1500	1700	Hu©n Y  H­¬ng Nang (Thæ) 
2345	0	9	0	2	4	n	n	n	n	10000	450000	3400	3000	3400	3000	2700	2700	2500	2400	2200	2000	2000	1900	1700	1500	1700	2000	1900	1700	1500	1700	M¹t LÞ H­¬ng Nang (Thæ) 
2346	0	9	0	3	4	n	n	n	n	15000	750000	1700	1900	2400	2500	2700	2000	2200	2400	2500	2700	2000	2200	2400	2500	2700	1700	1900	2000	2200	2400	Nhò H­¬ng H­¬ng Nang (Thæ) 
2347	0	9	0	4	4	n	n	n	n	15000	500000	1000	1200	1700	1900	2000	1700	1900	2000	2200	2400	1700	1900	2000	2200	2400	2000	2200	2400	2500	2700	Lan Hoa H­¬ng Nang (Thæ) 
2348	0	9	0	5	4	n	n	n	n	15000	500000	700	900	1000	1200	1400	1700	1900	2000	2200	2400	1400	1500	1700	1900	2000	1700	1900	2000	2200	2400	Hîp Hoan H­¬ng Nang (Thæ) 
2349	0	9	0	6	4	n	n	n	n	18000	450000	340	400	700	900	1000	1500	1700	1900	2000	2200	1400	1500	1700	1900	2000	1400	1200	1000	840	700	Tö T« H­¬ng Nang (Thæ) 
2350	0	9	0	7	4	n	n	n	n	18000	450000	170	270	400	500	600	500	600	700	800	900	1000	1200	1400	1500	1700	1400	1200	1000	840	700	TrÇm §µn H­¬ng Nang (Thæ) 
2351	0	9	0	8	4	n	n	n	n	18000	450000	70	90	100	140	170	170	250	340	420	500	700	800	900	920	1000	1000	1000	1000	1000	1000	Tiªn X¹ H­¬ng Nang (Thæ) 
2352	0	9	0	9	4	n	n	n	n	20000	300000	34	50	50	70	100	100	120	170	150	170	270	400	540	700	800	840	800	2100	640	600	Giµ Nam H­¬ng Nang (Thæ) 
2353	0	9	0	10	4	n	n	n	n	20000	300000	0	17	27	40	50	50	60	70	80	90	170	200	240	270	300	600	800	2800	400	1300	Long Tiªn H­¬ng Nang (Thæ) 
2354	0	9	0	n	n	85	t¨ng sinh lùc	1	40	15000	300000	1000	1500	1400	1500	1700	2000	1900	1700	1500	1400	2700	2500	2400	2200	2000	3400	3000	2700	2400	2000	H­¬ng Nang
2355	0	9	0	n	n	85	t¨ng sinh lùc	41	80	15000	500000	30	50	100	300	500	1400	1500	1700	1900	2000	1700	1900	2000	2200	2400	2000	2200	2400	2500	2700	H­¬ng Nang
2356	0	9	0	n	n	85	t¨ng sinh lùc	81	120	15000	3000000	1	5	20	50	100	240	270	300	340	400	300	340	400	400	440	400	500	540	600	700	H­¬ng Nang
2357	0	9	0	n	n	85	t¨ng sinh lùc	121	200	15000	5000000	0	0	1	3	10	24	30	40	44	50	40	50	60	70	80	70	74	80	90	90	H­¬ng Nang
2358	0	9	0	n	n	89	t¨ng Néi lùc 	1	40	15000	300000	1000	1500	1400	1500	1700	2000	1900	1700	1500	1400	2700	2500	2400	2200	2000	3400	3000	2700	2400	2000	H­¬ng Nang
2359	0	9	0	n	n	89	t¨ng Néi lùc 	41	80	15000	500000	30	50	100	300	500	1400	1500	1700	1900	2000	1700	1900	2000	2200	2400	2000	2200	2400	2500	2700	H­¬ng Nang
2360	0	9	0	n	n	89	t¨ng Néi lùc 	81	120	15000	3000000	1	5	20	50	100	240	270	300	340	400	300	340	400	400	440	400	500	540	600	700	H­¬ng Nang
2361	0	9	0	n	n	89	t¨ng Néi lùc 	121	200	15000	5000000	0	0	1	3	10	24	30	40	44	50	40	50	60	70	80	70	74	80	90	90	H­¬ng Nang
2362	0	9	0	n	n	93	t¨ng thÓ lùc 	1	40	15000	300000	1000	1500	1400	1500	1700	2000	1900	1700	1500	1400	2700	2500	2400	2200	2000	3400	3000	2700	2400	2000	H­¬ng Nang
2363	0	9	0	n	n	93	t¨ng thÓ lùc 	41	80	15000	500000	30	50	100	300	500	1400	1500	1700	1900	2000	1700	1900	2000	2200	2400	2000	2200	2400	2500	2700	H­¬ng Nang
2364	0	9	0	n	n	93	t¨ng thÓ lùc 	81	120	15000	1500000	1	5	20	50	100	240	270	300	340	400	300	340	400	400	440	400	500	540	600	700	H­¬ng Nang
2365	0	9	0	n	n	93	t¨ng thÓ lùc 	121	200	15000	3000000	0	0	1	3	10	24	30	40	44	50	40	50	60	70	80	70	74	80	90	90	H­¬ng Nang
2366	0	9	0	n	n	96	mçi nöa gi©y håi phôc thÓ lùc	1	9	15000	800000	0	10	30	50	50	50	50	50	50	50	50	50	50	50	50	50	50	50	50	50	H­¬ng Nang
2367	0	9	0	n	n	97	t¨ng søc m¹nh	1	10	15000	500000	400	800	1400	1500	1700	2000	1900	1700	1500	1400	2700	2500	2400	2200	2000	3400	3000	2700	2400	2000	H­¬ng Nang
2368	0	9	0	n	n	97	t¨ng søc m¹nh	11	15	15000	5000000	1	5	10	30	50	70	80	94	107	120	100	140	170	200	240	170	190	200	220	240	H­¬ng Nang
2369	0	9	0	n	n	98	t¨ng Th©n Ph¸p	1	10	15000	500000	400	800	1400	1500	1700	2000	1900	1700	1500	1700	2700	2500	2400	2200	2000	10000	3000	2700	2400	2000	H­¬ng Nang
2370	0	9	0	n	n	98	t¨ng Th©n Ph¸p	11	16	15000	5000000	1	5	10	30	50	70	80	94	110	120	100	140	170	200	240	170	190	200	220	240	H­¬ng Nang
2371	0	9	0	n	n	99	t¨ng Ngo¹i C«ng	1	10	15000	500000	400	800	1400	1500	1700	2000	1900	1700	1500	1700	2700	2500	2400	2200	2000	10000	3000	2700	2400	2000	H­¬ng Nang
2372	0	9	0	n	n	99	t¨ng Ngo¹i C«ng	11	18	15000	5000000	1	5	10	30	50	70	80	94	110	120	100	140	170	200	240	170	190	200	220	240	H­¬ng Nang
2373	0	9	0	n	n	101	t¨ng phßng ®éc	1	5	15000	300000	1000	1500	1400	1500	1700	2000	1900	1700	1500	1400	2700	2500	2400	2200	2000	3400	3000	2700	2400	2000	H­¬ng Nang
2374	0	9	0	n	n	101	t¨ng phßng ®éc	6	14	15000	500000	50	100	200	300	400	470	540	600	700	740	700	840	1000	1200	1400	1000	1200	1400	1500	1700	H­¬ng Nang
2375	0	9	0	n	n	101	t¨ng phßng ®éc	15	20	15000	2000000	1	5	10	30	50	170	150	170	190	200	170	190	200	220	240	170	200	240	270	300	H­¬ng Nang
2376	0	9	0	n	n	105	t¨ng phßng b¨ng	1	5	15000	300000	1000	1500	1400	1500	1700	2000	1900	1700	1500	1400	2700	2500	2400	2200	2000	3400	3000	2700	2400	2000	H­¬ng Nang
2377	0	9	0	n	n	105	t¨ng phßng b¨ng	6	14	15000	1000000	50	100	200	300	400	470	540	600	700	740	700	840	1000	1200	1400	1000	1200	1400	1500	1700	H­¬ng Nang
2378	0	9	0	n	n	105	t¨ng phßng b¨ng	15	20	15000	5000000	1	5	10	30	50	170	150	170	190	200	170	190	200	220	240	170	200	240	270	300	H­¬ng Nang
2379	0	9	0	n	n	102	t¨ng phßng háa	1	5	15000	300000	1000	1500	1400	1500	1700	2000	1900	1700	1500	1400	2700	2500	2400	2200	2000	3400	3000	2700	2400	2000	H­¬ng Nang
2380	0	9	0	n	n	102	t¨ng phßng háa	6	14	15000	1000000	50	100	200	300	400	470	540	600	700	740	700	840	1000	1200	1400	1000	1200	1400	1500	1700	H­¬ng Nang
2381	0	9	0	n	n	102	t¨ng phßng háa	15	20	15000	5000000	1	5	10	30	50	170	150	170	190	200	170	190	200	220	240	170	200	240	270	300	H­¬ng Nang
2382	0	9	0	n	n	103	t¨ng phßng l«i	1	5	15000	300000	1000	1500	1400	1500	1700	2000	1900	1700	1500	1400	2700	2500	2400	2200	2000	3400	3000	2700	2400	2000	H­¬ng Nang
2383	0	9	0	n	n	103	t¨ng phßng l«i	6	17	15000	1000000	50	100	200	300	400	470	540	600	700	740	700	840	1000	1200	1400	1000	1200	1400	1500	1700	H­¬ng Nang
2384	0	9	0	n	n	103	t¨ng phßng l«i	18	22	15000	5000000	1	5	10	30	50	170	150	170	190	200	170	190	200	220	240	170	200	240	270	300	H­¬ng Nang
2385	0	9	1	n	0	n	n	n	n	10000	250000	3500	3000	3500	2700	2000	2700	2400	2000	1700	1400	2000	1900	1700	1500	1400	1700	1500	1400	1200	1000	Ngäc Béi (Kim) 
2386	0	9	1	n	1	n	n	n	n	10000	250000	3500	3000	3500	2700	2000	2700	2400	2000	1700	1400	2000	1900	1700	1500	1400	1700	1500	1400	1200	1000	Ngäc Béi (Méc) 
2387	0	9	1	n	2	n	n	n	n	10000	250000	3500	3000	3500	2700	2000	2700	2400	2000	1700	1400	2000	1900	1700	1500	1400	1700	1500	1400	1200	1000	Ngäc Béi (Thñy) 
2388	0	9	1	n	3	n	n	n	n	10000	250000	3500	3000	3500	2700	2000	2700	2400	2000	1700	1400	2000	1900	1700	1500	1400	1700	1500	1400	1200	1000	Ngäc Béi (Háa) 
2389	0	9	1	n	4	n	n	n	n	10000	250000	3500	3000	3500	3000	2000	2700	2400	2000	1700	1400	2000	1900	1700	1500	1400	1700	1500	1400	1200	1000	Ngäc Béi (Thæ) 
2390	0	9	1	1	n	n	n	n	n	10000	300000	3500	3000	3500	3000	2700	2700	2500	2400	2200	2000	2000	1900	1700	1500	1400	2000	1900	1700	1500	1400	Du Diªn Ngäc Béi 
2391	0	9	1	2	n	n	n	n	n	10000	300000	3500	3000	3500	3000	2700	2700	2500	2400	2200	2000	2000	1900	1700	1500	1400	2000	1900	1700	1500	1400	Kinh B¹ch Ngäc Béi 
2392	0	9	1	3	n	n	n	n	n	15000	500000	1600	1900	2400	2500	2700	2000	2200	2400	2500	2700	2000	2200	2400	2500	2700	1700	1900	2000	2200	2400	§µo Hoa Ngäc Béi 
2393	0	9	1	4	n	n	n	n	n	15000	400000	1000	1200	1600	1900	2000	1700	1900	2000	2200	2400	1700	1900	2000	2200	2400	2000	2200	2400	2500	2700	Mai Hoa  Ngäc Béi 
2394	0	9	1	5	n	n	n	n	n	15000	400000	700	900	1000	1200	1400	1700	1900	2000	2200	2400	1400	1500	1700	1900	2000	1700	1900	2000	2200	2400	Ngò S¾c Ngäc Béi 
2395	0	9	1	6	n	n	n	n	n	18000	300000	350	400	700	900	1000	1500	1700	1900	2000	2200	1400	1500	1700	1900	2000	1400	1200	1000	840	700	Thanh Ngäc Ngäc Béi 
2396	0	9	1	7	n	n	n	n	n	18000	300000	160	270	270	500	600	500	600	700	800	900	1000	1200	1400	1500	1700	1400	1200	1000	840	700	BÝch Ngäc Ngäc Béi 
2397	0	9	1	8	n	n	n	n	n	18000	300000	70	90	100	140	170	170	250	340	420	500	700	800	900	920	1000	1000	1000	1000	1000	1000	MÆc Ngäc Ngäc Béi 
2398	0	9	1	9	n	n	n	n	n	20000	250000	35	50	50	70	100	100	120	140	150	170	270	400	600	700	800	900	800	700	640	600	Hoµng Ngäc Ngäc Béi 
2399	0	9	1	10	n	n	n	n	n	20000	250000	0	16	27	40	50	50	60	70	80	90	170	200	240	270	300	600	800	940	1100	1300	D­¬ng Chi B¹ch Ngäc
2400	0	9	1	1	0	n	n	n	n	10000	450000	3400	3000	3400	3000	2700	2700	2500	2400	2200	2000	2000	1900	1700	1500	1700	2000	1900	1700	1500	1700	Du Diªn Ngäc Béi (Kim) 
2401	0	9	1	2	0	n	n	n	n	10000	450000	3400	3000	3400	3000	2700	2700	2500	2400	2200	2000	2000	1900	1700	1500	1700	2000	1900	1700	1500	1700	Kinh B¹ch Ngäc Béi (Kim) 
2402	0	9	1	3	0	n	n	n	n	15000	750000	1700	1900	2400	2500	2700	2000	2200	2400	2500	2700	2000	2200	2400	2500	2700	1700	1900	2000	2200	2400	§µo Hoa Ngäc Béi (Kim) 
2403	0	9	1	4	0	n	n	n	n	15000	500000	1000	1200	1700	1900	2000	1700	1900	2000	2200	2400	1700	1900	2000	2200	2400	2000	2200	2400	2500	2700	Mai Hoa Ngäc Béi (Kim) 
2404	0	9	1	5	0	n	n	n	n	15000	500000	700	900	1000	1200	1400	1700	1900	2000	2200	2400	1400	1500	1700	1900	2000	1700	1900	2000	2200	2400	Ngò S¾c Ngäc Béi (Kim) 
2405	0	9	1	6	0	n	n	n	n	18000	450000	340	400	700	900	1000	1500	1700	1900	2000	2200	1400	1500	1700	1900	2000	1400	1200	1000	840	700	Thanh Ngäc Ngäc Béi (Kim) 
2406	0	9	1	7	0	n	n	n	n	18000	450000	170	270	400	500	600	500	600	700	800	900	1000	1200	1400	1500	1700	1400	1200	1000	840	700	BÝch Ngäc Ngäc Béi (Kim) 
2407	0	9	1	8	0	n	n	n	n	18000	450000	70	90	100	140	170	170	250	340	420	500	700	800	900	920	1000	1000	1000	1000	1000	1000	MÆc Ngäc Ngäc Béi (Kim) 
2408	0	9	1	9	0	n	n	n	n	20000	300000	34	50	50	70	100	100	120	170	150	170	270	400	540	700	800	840	800	2100	640	600	Hoµng Ngäc Ngäc Béi (Kim) 
2409	0	9	1	10	0	n	n	n	n	20000	300000	0	17	27	40	50	50	60	70	80	90	170	200	240	270	300	600	800	2800	1100	1300	D­¬ng Chi B¹ch Ngäc (Kim) 
2410	0	9	1	1	1	n	n	n	n	10000	450000	3400	3000	3400	3000	2700	2700	2500	2400	2200	2000	2000	1900	1700	1500	1700	2000	1900	1700	1500	1700	Du Diªn Ngäc Béi (Méc) 
2411	0	9	1	2	1	n	n	n	n	10000	450000	3400	3000	3400	3000	2700	2700	2500	2400	2200	2000	2000	1900	1700	1500	1700	2000	1900	1700	1500	1700	Kinh B¹ch Ngäc Béi (Méc) 
2412	0	9	1	3	1	n	n	n	n	15000	750000	1700	1900	2400	2500	2700	2000	2200	2400	2500	2700	2000	2200	2400	2500	2700	1700	1900	2000	2200	2400	§µo Hoa Ngäc Béi (Méc) 
2413	0	9	1	4	1	n	n	n	n	15000	500000	1000	1200	1700	1900	2000	1700	1900	2000	2200	2400	1700	1900	2000	2200	2400	2000	2200	2400	2500	2700	Mai Hoa Ngäc Béi (Méc) 
2414	0	9	1	5	1	n	n	n	n	15000	500000	700	900	1000	1200	1400	1700	1900	2000	2200	2400	1400	1500	1700	1900	2000	1700	1900	2000	2200	2400	Ngò S¾c Ngäc Béi (Méc) 
2415	0	9	1	6	1	n	n	n	n	18000	450000	340	400	700	900	1000	1500	1700	1900	2000	2200	1400	1500	1700	1900	2000	1400	1200	1000	840	700	Thanh Ngäc Ngäc Béi (Méc) 
2416	0	9	1	7	1	n	n	n	n	18000	450000	170	270	400	500	600	500	600	700	800	900	1000	1200	1400	1500	1700	1400	1200	1000	840	700	BÝch Ngäc Ngäc Béi (Méc) 
2417	0	9	1	8	1	n	n	n	n	18000	450000	70	90	100	140	170	170	250	340	420	500	700	800	900	920	1000	1000	1000	1000	1000	1000	MÆc Ngäc Ngäc Béi (Méc) 
2418	0	9	1	9	1	n	n	n	n	20000	300000	34	50	50	70	100	100	120	170	150	170	270	400	540	700	800	840	800	2100	640	600	Hoµng Ngäc Ngäc Béi (Méc) 
2419	0	9	1	10	1	n	n	n	n	20000	300000	0	17	27	40	50	50	60	70	80	90	170	200	240	270	300	600	800	2800	1100	1300	D­¬ng Chi B¹ch Ngäc (Méc) 
2420	0	9	1	1	2	n	n	n	n	10000	450000	3400	3000	3400	3000	2700	2700	2500	2400	2200	2000	2000	1900	1700	1500	1700	2000	1900	1700	1500	1700	Du Diªn Ngäc Béi (Thñy) 
2421	0	9	1	2	2	n	n	n	n	10000	450000	3400	3000	3400	3000	2700	2700	2500	2400	2200	2000	2000	1900	1700	1500	1700	2000	1900	1700	1500	1700	Kinh B¹ch Ngäc Béi (Thñy) 
2422	0	9	1	3	2	n	n	n	n	15000	750000	1700	1900	2400	2500	2700	2000	2200	2400	2500	2700	2000	2200	2400	2500	2700	1700	1900	2000	2200	2400	§µo Hoa  Ngäc Béi (Thñy) 
2423	0	9	1	4	2	n	n	n	n	15000	500000	1000	1200	1700	1900	2000	1700	1900	2000	2200	2400	1700	1900	2000	2200	2400	2000	2200	2400	2500	2700	Mai Hoa Ngäc Béi (Thñy) 
2424	0	9	1	5	2	n	n	n	n	15000	500000	700	900	1000	1200	1400	1700	1900	2000	2200	2400	1400	1500	1700	1900	2000	1700	1900	2000	2200	2400	Ngò S¾c Ngäc Béi (Thñy) 
2425	0	9	1	6	2	n	n	n	n	18000	450000	340	400	700	900	1000	1500	1700	1900	2000	2200	1400	1500	1700	1900	2000	1400	1200	1000	840	700	Thanh Ngäc Ngäc Béi (Thñy) 
2426	0	9	1	7	2	n	n	n	n	18000	450000	170	270	400	500	600	500	600	700	800	900	1000	1200	1400	1500	1700	1400	1200	1000	840	700	BÝch Ngäc Ngäc Béi (Thñy) 
2427	0	9	1	8	2	n	n	n	n	18000	450000	70	90	100	140	170	170	250	340	420	500	700	800	900	920	1000	1000	1000	1000	1000	1000	MÆc Ngäc Ngäc Béi (Thñy) 
2428	0	9	1	9	2	n	n	n	n	20000	300000	34	50	50	70	100	100	120	170	150	170	270	400	540	700	800	840	800	2100	640	600	Hoµng Ngäc Ngäc Béi (Thñy) 
2429	0	9	1	10	2	n	n	n	n	20000	300000	0	17	27	40	50	50	60	70	80	90	170	200	240	270	300	600	800	2800	1100	1300	D­¬ng Chi B¹ch Ngäc (Thñy) 
2430	0	9	1	1	3	n	n	n	n	10000	450000	3400	3000	3400	3000	2700	2700	2500	2400	2200	2000	2000	1900	1700	1500	1700	2000	1900	1700	1500	1700	Du Diªn Ngäc Béi (Háa) 
2431	0	9	1	2	3	n	n	n	n	10000	450000	3400	3000	3400	3000	2700	2700	2500	2400	2200	2000	2000	1900	1700	1500	1700	2000	1900	1700	1500	1700	Kinh B¹ch Ngäc Béi (Háa) 
2432	0	9	1	3	3	n	n	n	n	15000	750000	1700	1900	2400	2500	2700	2000	2200	2400	2500	2700	2000	2200	2400	2500	2700	1700	1900	2000	2200	2400	§µo Hoa Ngäc Béi (Háa) 
2433	0	9	1	4	3	n	n	n	n	15000	500000	1000	1200	1700	1900	2000	1700	1900	2000	2200	2400	1700	1900	2000	2200	2400	2000	2200	2400	2500	2700	Mai Hoa  Ngäc Béi (Háa) 
2434	0	9	1	5	3	n	n	n	n	15000	500000	700	900	1000	1200	1400	1700	1900	2000	2200	2400	1400	1500	1700	1900	2000	1700	1900	2000	2200	2400	Ngò S¾c Ngäc Béi (Háa) 
2435	0	9	1	6	3	n	n	n	n	18000	450000	340	400	700	900	1000	1500	1700	1900	2000	2200	1400	1500	1700	1900	2000	1400	1200	1000	840	700	Thanh Ngäc Ngäc Béi (Háa) 
2436	0	9	1	7	3	n	n	n	n	18000	450000	170	270	400	500	600	500	600	700	800	900	1000	1200	1400	1500	1700	1400	1200	1000	840	700	BÝch Ngäc Ngäc Béi (Háa) 
2437	0	9	1	8	3	n	n	n	n	18000	450000	70	90	100	140	170	170	250	340	420	500	700	800	900	920	1000	1000	1000	1000	1000	1000	MÆc Ngäc Ngäc Béi (Háa) 
2438	0	9	1	9	3	n	n	n	n	20000	300000	34	50	50	70	100	100	120	170	150	170	270	400	540	700	800	840	800	2100	640	600	Hoµng Ngäc Ngäc Béi (Háa) 
2439	0	9	1	10	3	n	n	n	n	20000	300000	0	17	27	40	50	50	60	70	80	90	170	200	240	270	300	600	800	2800	1100	1300	D­¬ng Chi B¹ch Ngäc (Háa) 
2440	0	9	1	1	4	n	n	n	n	10000	450000	3400	3000	3400	3000	2700	2700	2500	2400	2200	2000	2000	1900	1700	1500	1700	2000	1900	1700	1500	1700	Du Diªn Ngäc Béi (Thæ) 
2441	0	9	1	2	4	n	n	n	n	10000	450000	3400	3000	3400	3000	2700	2700	2500	2400	2200	2000	2000	1900	1700	1500	1700	2000	1900	1700	1500	1700	Kinh B¹ch Ngäc Béi (Thæ) 
2442	0	9	1	3	4	n	n	n	n	15000	750000	1700	1900	2400	2500	2700	2000	2200	2400	2500	2700	2000	2200	2400	2500	2700	1700	1900	2000	2200	2400	§µo Hoa Ngäc Béi (Thæ) 
2443	0	9	1	4	4	n	n	n	n	15000	500000	1000	1200	1700	1900	2000	1700	1900	2000	2200	2400	1700	1900	2000	2200	2400	2000	2200	2400	2500	2700	Mai Hoa Ngäc Béi (Thæ) 
2444	0	9	1	5	4	n	n	n	n	15000	500000	700	900	1000	1200	1400	1700	1900	2000	2200	2400	1400	1500	1700	1900	2000	1700	1900	2000	2200	2400	Ngò S¾c Ngäc Béi (Thæ) 
2445	0	9	1	6	4	n	n	n	n	18000	450000	340	400	700	900	1000	1500	1700	1900	2000	2200	1400	1500	1700	1900	2000	1400	1200	1000	840	700	Thanh Ngäc Ngäc Béi (Thæ) 
2446	0	9	1	7	4	n	n	n	n	18000	450000	170	270	400	500	600	500	600	700	800	900	1000	1200	1400	1500	1700	1400	1200	1000	840	700	BÝch Ngäc Ngäc Béi (Thæ) 
2447	0	9	1	8	4	n	n	n	n	18000	450000	70	90	100	140	170	170	250	340	420	500	700	800	900	920	1000	1000	1000	1000	1000	1000	MÆc Ngäc Ngäc Béi (Thæ) 
2448	0	9	1	9	4	n	n	n	n	20000	300000	34	50	50	70	100	100	120	170	150	170	270	400	540	700	800	840	800	2100	640	600	Hoµng Ngäc Ngäc Béi (Thæ) 
2449	0	9	1	10	4	n	n	n	n	20000	300000	0	17	27	40	50	50	60	70	80	90	170	200	240	270	300	600	800	2800	400	1300	D­¬ng Chi B¹ch Ngäc (Thæ) 
2450	0	9	1	n	n	85	t¨ng sinh lùc	1	40	15000	300000	1000	1500	1400	1500	1700	2000	1900	1700	1500	1400	2700	2500	2400	2200	2000	3400	3000	2700	2400	2000	Ngäc Béi
2451	0	9	1	n	n	85	t¨ng sinh lùc	41	80	15000	500000	30	50	100	300	500	1400	1500	1700	1900	2000	1700	1900	2000	2200	2400	2000	2200	2400	2500	2700	Ngäc Béi
2452	0	9	1	n	n	85	t¨ng sinh lùc	81	120	15000	3000000	1	5	20	50	100	240	270	300	340	400	300	340	400	400	440	400	500	540	600	700	Ngäc Béi
2453	0	9	1	n	n	85	t¨ng sinh lùc	121	200	15000	5000000	0	0	1	3	10	24	30	40	44	50	40	50	60	70	80	70	74	80	90	90	Ngäc Béi
2454	0	9	1	n	n	89	t¨ng Néi lùc 	1	40	15000	300000	1000	1500	1400	1500	1700	2000	1900	1700	1500	1400	2700	2500	2400	2200	2000	3400	3000	2700	2400	2000	Ngäc Béi
2455	0	9	1	n	n	89	t¨ng Néi lùc 	41	80	15000	500000	30	50	100	300	500	1400	1500	1700	1900	2000	1700	1900	2000	2200	2400	2000	2200	2400	2500	2700	Ngäc Béi
2456	0	9	1	n	n	89	t¨ng Néi lùc 	81	120	15000	3000000	1	5	20	50	100	240	270	300	340	400	300	340	400	400	440	400	500	540	600	700	Ngäc Béi
2457	0	9	1	n	n	89	t¨ng Néi lùc 	121	200	15000	5000000	0	0	1	3	10	24	30	40	44	50	40	50	60	70	80	70	74	80	90	90	Ngäc Béi
2458	0	9	1	n	n	93	t¨ng thÓ lùc 	1	40	15000	300000	1000	1500	1400	1500	1700	2000	1900	1700	1500	1400	2700	2500	2400	2200	2000	3400	3000	2700	2400	2000	Ngäc Béi
2459	0	9	1	n	n	93	t¨ng thÓ lùc 	41	80	15000	500000	30	50	100	300	500	1400	1500	1700	1900	2000	1700	1900	2000	2200	2400	2000	2200	2400	2500	2700	Ngäc Béi
2460	0	9	1	n	n	93	t¨ng thÓ lùc 	81	120	15000	1500000	1	5	20	50	100	240	270	300	340	400	300	340	400	400	440	400	500	540	600	700	Ngäc Béi
2461	0	9	1	n	n	93	t¨ng thÓ lùc 	121	200	15000	3000000	0	0	1	3	10	24	30	40	44	50	40	50	60	70	80	70	74	80	90	90	Ngäc Béi
2462	0	9	1	n	n	96	mçi nöa gi©y håi phôc thÓ lùc	1	9	15000	800000	0	10	30	50	50	50	50	50	50	50	50	50	50	50	50	50	50	50	50	50	Ngäc Béi
2463	0	9	1	n	n	97	t¨ng søc m¹nh	1	10	15000	500000	400	800	1400	1500	1700	2000	1900	1700	1500	1400	2700	2500	2400	2200	2000	3400	3000	2700	2400	2000	Ngäc Béi
2464	0	9	1	n	n	97	t¨ng søc m¹nh	11	15	15000	5000000	1	5	10	30	50	70	80	94	107	120	100	140	170	200	240	170	190	200	220	240	Ngäc Béi
2465	0	9	1	n	n	98	t¨ng Th©n Ph¸p	1	10	15000	500000	400	800	1400	1500	1700	2000	1900	1700	1500	1700	2700	2500	2400	2200	2000	10000	3000	2700	2400	2000	Ngäc Béi
2466	0	9	1	n	n	98	t¨ng Th©n Ph¸p	11	16	15000	5000000	1	5	10	30	50	70	80	94	110	120	100	140	170	200	240	170	190	200	220	240	Ngäc Béi
2467	0	9	1	n	n	99	t¨ng Ngo¹i C«ng	1	10	15000	500000	400	800	1400	1500	1700	2000	1900	1700	1500	1700	2700	2500	2400	2200	2000	10000	3000	2700	2400	2000	Ngäc Béi
2468	0	9	1	n	n	99	t¨ng Ngo¹i C«ng	11	18	15000	5000000	1	5	10	30	50	70	80	94	110	120	100	140	170	200	240	170	190	200	220	240	Ngäc Béi
2469	0	9	1	n	n	101	t¨ng phßng ®éc	1	5	15000	300000	1000	1500	1400	1500	1700	2000	1900	1700	1500	1400	2700	2500	2400	2200	2000	3400	3000	2700	2400	2000	Ngäc Béi
2470	0	9	1	n	n	101	t¨ng phßng ®éc	6	14	15000	500000	50	100	200	300	400	470	540	600	700	740	700	840	1000	1200	1400	1000	1200	1400	1500	1700	Ngäc Béi
2471	0	9	1	n	n	101	t¨ng phßng ®éc	15	20	15000	2000000	1	5	10	30	50	170	150	170	190	200	170	190	200	220	240	170	200	240	270	300	Ngäc Béi
2472	0	9	1	n	n	105	t¨ng phßng b¨ng	1	5	15000	300000	1000	1500	1400	1500	1700	2000	1900	1700	1500	1400	2700	2500	2400	2200	2000	3400	3000	2700	2400	2000	Ngäc Béi
2473	0	9	1	n	n	105	t¨ng phßng b¨ng	6	14	15000	1000000	50	100	200	300	400	470	540	600	700	740	700	840	1000	1200	1400	1000	1200	1400	1500	1700	Ngäc Béi
2474	0	9	1	n	n	105	t¨ng phßng b¨ng	15	20	15000	5000000	1	5	10	30	50	170	150	170	190	200	170	190	200	220	240	170	200	240	270	300	Ngäc Béi
2475	0	9	1	n	n	102	t¨ng phßng háa	1	5	15000	300000	1000	1500	1400	1500	1700	2000	1900	1700	1500	1400	2700	2500	2400	2200	2000	3400	3000	2700	2400	2000	Ngäc Béi
2476	0	9	1	n	n	102	t¨ng phßng háa	6	14	15000	1000000	50	100	200	300	400	470	540	600	700	740	700	840	1000	1200	1400	1000	1200	1400	1500	1700	Ngäc Béi
2477	0	9	1	n	n	102	t¨ng phßng háa	15	20	15000	5000000	1	5	10	30	50	170	150	170	190	200	170	190	200	220	240	170	200	240	270	300	Ngäc Béi
2478	0	9	1	n	n	103	t¨ng phßng l«i	1	5	15000	300000	1000	1500	1400	1500	1700	2000	1900	1700	1500	1400	2700	2500	2400	2200	2000	3400	3000	2700	2400	2000	Ngäc Béi
2479	0	9	1	n	n	103	t¨ng phßng l«i	6	17	15000	1000000	50	100	200	300	400	470	540	600	700	740	700	840	1000	1200	1400	1000	1200	1400	1500	1700	Ngäc Béi
2480	0	9	1	n	n	103	t¨ng phßng l«i	18	22	15000	5000000	1	5	10	30	50	170	150	170	190	200	170	190	200	220	240	170	200	240	270	300	Ngäc Béi
2481	6	1	400	20	0	n	n	n	n	75000	75000	0	0	0	0	0	0	0	0	0	0	0	0	0	0	0	0	0	0	0	0	S¸t ThñGi¶n cÊp 20 (Kim) 
2482	6	1	400	20	1	n	n	n	n	75000	75000	0	0	0	0	0	0	0	0	0	0	0	0	0	0	0	0	0	0	0	0	S¸t ThñGi¶n cÊp 20 (Méc) 
2483	6	1	400	20	2	n	n	n	n	75000	75000	0	0	0	0	0	0	0	0	0	0	0	0	0	0	0	0	0	0	0	0	S¸t ThñGi¶n cÊp 20 (Thñy) 
2484	6	1	400	20	3	n	n	n	n	75000	75000	0	0	0	0	0	0	0	0	0	0	0	0	0	0	0	0	0	0	0	0	S¸t ThñGi¶n cÊp 20 (Háa) 
2485	6	1	400	20	4	n	n	n	n	75000	75000	0	0	0	0	0	0	0	0	0	0	0	0	0	0	0	0	0	0	0	0	S¸t ThñGi¶n cÊp 20 (Thæ) 
2486	6	1	400	30	0	n	n	n	n	100000	100000	0	0	0	0	0	0	0	0	0	0	0	0	0	0	0	0	0	0	0	0	S¸t ThñGi¶n cÊp 30 (Kim) 
2487	6	1	400	30	1	n	n	n	n	100000	100000	0	0	0	0	0	0	0	0	0	0	0	0	0	0	0	0	0	0	0	0	S¸t Thñ Gi¶n cÊp 30 (Méc) 
2488	6	1	400	30	2	n	n	n	n	100000	100000	0	0	0	0	0	0	0	0	0	0	0	0	0	0	0	0	0	0	0	0	S¸t Thñ Gi¶n cÊp 30 (Thñy) 
2489	6	1	400	30	3	n	n	n	n	100000	100000	0	0	0	0	0	0	0	0	0	0	0	0	0	0	0	0	0	0	0	0	S¸t Thñ Gi¶n cÊp 30 (Háa) 
2490	6	1	400	30	4	n	n	n	n	100000	100000	0	0	0	0	0	0	0	0	0	0	0	0	0	0	0	0	0	0	0	0	S¸t Thñ Gi¶n cÊp 30 (Thæ) 
2491	6	1	400	40	0	n	n	n	n	150000	150000	0	0	0	0	0	0	0	0	0	0	0	0	0	0	0	0	0	0	0	0	S¸t Thñ Gi¶n cÊp 40 (Kim) 
2492	6	1	400	40	1	n	n	n	n	150000	150000	0	0	0	0	0	0	0	0	0	0	0	0	0	0	0	0	0	0	0	0	S¸t Thñ Gi¶n cÊp 40 (Méc) 
2493	6	1	400	40	2	n	n	n	n	150000	150000	0	0	0	0	0	0	0	0	0	0	0	0	0	0	0	0	0	0	0	0	S¸t Thñ Gi¶n cÊp 40 (Thñy) 
2494	6	1	400	40	3	n	n	n	n	150000	150000	0	0	0	0	0	0	0	0	0	0	0	0	0	0	0	0	0	0	0	0	S¸t Thñ Gi¶n cÊp 40 (Háa) 
2495	6	1	400	40	4	n	n	n	n	150000	150000	0	0	0	0	0	0	0	0	0	0	0	0	0	0	0	0	0	0	0	0	S¸t Thñ Gi¶n cÊp 40 (Thæ) 
2496	6	1	400	50	0	n	n	n	n	250000	250000	0	0	0	0	0	0	0	0	0	0	0	0	0	0	0	0	0	0	0	0	S¸t Thñ Gi¶n cÊp 50 (Kim) 
2497	6	1	400	50	1	n	n	n	n	250000	250000	0	0	0	0	0	0	0	0	0	0	0	0	0	0	0	0	0	0	0	0	S¸t Thñ Gi¶n cÊp 50 (Méc) 
2498	6	1	400	50	2	n	n	n	n	250000	250000	0	0	0	0	0	0	0	0	0	0	0	0	0	0	0	0	0	0	0	0	S¸t Thñ Gi¶n cÊp 50 (Thñy) 
2499	6	1	400	50	3	n	n	n	n	250000	250000	0	0	0	0	0	0	0	0	0	0	0	0	0	0	0	0	0	0	0	0	S¸t Thñ Gi¶n cÊp 50 (Háa) 
2500	6	1	400	50	4	n	n	n	n	250000	250000	0	0	0	0	0	0	0	0	0	0	0	0	0	0	0	0	0	0	0	0	S¸t Thñ Gi¶n cÊp 50 (Thæ) 
2501	6	1	400	60	0	n	n	n	n	300000	300000	0	0	0	0	0	0	0	0	0	0	0	0	0	0	0	0	0	0	0	0	S¸t Thñ Gi¶n cÊp 60 (Kim) 
2502	6	1	400	60	1	n	n	n	n	300000	300000	0	0	0	0	0	0	0	0	0	0	0	0	0	0	0	0	0	0	0	0	S¸t Thñ Gi¶n cÊp 60 (Méc) 
2503	6	1	400	60	2	n	n	n	n	300000	300000	0	0	0	0	0	0	0	0	0	0	0	0	0	0	0	0	0	0	0	0	S¸t Thñ Gi¶n cÊp 60 (Thñy) 
2504	6	1	400	60	3	n	n	n	n	300000	300000	0	0	0	0	0	0	0	0	0	0	0	0	0	0	0	0	0	0	0	0	S¸t Thñ Gi¶n cÊp 60 (Háa) 
2505	6	1	400	60	4	n	n	n	n	300000	300000	0	0	0	0	0	0	0	0	0	0	0	0	0	0	0	0	0	0	0	0	S¸t Thñ Gi¶n cÊp 60 (Thæ) 
2506	6	1	400	70	0	n	n	n	n	400000	400000	0	0	0	0	0	0	0	0	0	0	0	0	0	0	0	0	0	0	0	0	S¸t Thñ Gi¶n cÊp 70 (Kim) 
2507	6	1	400	70	1	n	n	n	n	400000	400000	0	0	0	0	0	0	0	0	0	0	0	0	0	0	0	0	0	0	0	0	S¸t Thñ Gi¶n cÊp 70 (Méc) 
2508	6	1	400	70	2	n	n	n	n	400000	400000	0	0	0	0	0	0	0	0	0	0	0	0	0	0	0	0	0	0	0	0	S¸t Thñ Gi¶n cÊp 70 (Thñy) 
2509	6	1	400	70	3	n	n	n	n	400000	400000	0	0	0	0	0	0	0	0	0	0	0	0	0	0	0	0	0	0	0	0	S¸t Thñ Gi¶n cÊp 70 (Háa) 
2510	6	1	400	70	4	n	n	n	n	400000	400000	0	0	0	0	0	0	0	0	0	0	0	0	0	0	0	0	0	0	0	0	S¸t Thñ Gi¶n cÊp 70 (Thæ) 
2511	6	1	400	80	0	n	n	n	n	500000	500000	0	0	0	0	0	0	0	0	0	0	0	0	0	0	0	0	0	0	0	0	S¸t Thñ Gi¶n cÊp 80 (Kim) 
2512	6	1	400	80	1	n	n	n	n	500000	500000	0	0	0	0	0	0	0	0	0	0	0	0	0	0	0	0	0	0	0	0	S¸t Thñ Gi¶n cÊp 80 (Méc) 
2513	6	1	400	80	2	n	n	n	n	500000	500000	0	0	0	0	0	0	0	0	0	0	0	0	0	0	0	0	0	0	0	0	S¸t Thñ Gi¶n cÊp 80 (Thñy) 
2514	6	1	400	80	3	n	n	n	n	500000	500000	0	0	0	0	0	0	0	0	0	0	0	0	0	0	0	0	0	0	0	0	S¸t Thñ Gi¶n cÊp 80 (Háa) 
2515	6	1	400	80	4	n	n	n	n	500000	500000	0	0	0	0	0	0	0	0	0	0	0	0	0	0	0	0	0	0	0	0	S¸t Thñ Gi¶n cÊp 80 (Thæ) 
2516	6	1	400	90	0	n	n	n	n	750000	750000	0	0	0	0	0	0	0	0	0	0	0	0	0	0	0	5000	5000	5000	5000	5000	S¸t Thñ Gi¶n cÊp 90 (Kim) 
2517	6	1	400	90	1	n	n	n	n	750000	750000	0	0	0	0	0	0	0	0	0	0	0	0	0	0	0	5000	5000	5000	5000	5000	S¸t Thñ Gi¶n cÊp 90 (Méc) 
2518	6	1	400	90	2	n	n	n	n	750000	750000	0	0	0	0	0	0	0	0	0	0	0	0	0	0	0	5000	5000	5000	5000	5000	S¸t Thñ Gi¶n cÊp 90 (Thñy) 
2519	6	1	400	90	3	n	n	n	n	750000	750000	0	0	0	0	0	0	0	0	0	0	0	0	0	0	0	5000	5000	5000	5000	5000	S¸t Thñ Gi¶n cÊp 90 (Háa) 
2520	6	1	400	90	4	n	n	n	n	750000	750000	0	0	0	0	0	0	0	0	0	0	0	0	0	0	0	5000	5000	5000	5000	5000	S¸t Thñ Gi¶n cÊp 90 (Thæ) 
2521	6	1	147	1	n	n	n	n	n	8000	20000	0	0	0	0	0	0	0	0	0	0	10000	9000	8000	7000	6000	8000	7000	6000	5000	4000	HuyÒn tinh cÊp 1
2522	6	1	147	2	n	n	n	n	n	40000	30000	0	0	0	0	0	0	0	0	0	0	5000	6000	7000	8000	9000	6000	7000	8000	9000	10000	HuyÒn tinh cÊp 2
2523	6	1	147	3	n	n	n	n	n	200000	50000	0	0	0	0	0	0	0	0	0	0	1000	1200	1400	1600	1800	1200	1500	1800	2100	2400	HuyÒn tinh cÊp 3
2524	6	1	147	4	n	n	n	n	n	800000	100000	0	0	0	0	0	0	0	0	0	0	200	300	400	500	600	300	450	600	750	900	HuyÒn Tinh cÊp 4
2525	6	1	147	5	n	n	n	n	n	3000000	500000	0	0	0	0	0	0	0	0	0	0	40	60	80	100	120	140	160	180	200	220	HuyÒn Tinh cÊp 5
2526	6	1	147	6	n	n	n	n	n	10000000	2000000	0	0	0	0	0	0	0	0	0	0	1	2	3	4	5	6	7	8	9	10	HuyÒn Tinh cÊp 6
