MAP_ID	GAMESVR_SET_1	GAMESVR_SET_2	GAMESVR_SET_3	GAMESVR_SET_4	GAMESVR_SET_5	GAMESVR_SET_6	GAMESVR_SET_7	GAMESVR_SET_8	GAMESVR_SET_9	GAMESVR_SET_10	GAMESVR_SET_11	GAMESVR_SET_12	GAMESVR_SET_13	GAMESVR_SET_14	GAMESVR_SET_15	GAMESVR_SET_16	±¸×¢
1	1	1	1	1	1	1	1	1	1	1	1	1	1	1	1	1	Ph­îng T­êng
2	1	1	1	1	1	1	1	1	1	1	1	1	1	1	1	1	Hoa S¬n
3	1	1	1	1	1	1	1	1	1	1	1	1	1	1	1	1	KiÕm C¸c T©y B¾c
4	1	1	1	1	1	1	1	1	1	1	1	1	1	1	1	1	Kim Quang ®éng
5	1	1	1	1	1	1	1	1	1	1	1	1	1	1	1	1	Kinh Hoµng ®éng
6	1	1	1	1	1	1	1	1	1	1	1	1	1	1	1	1	Táa V©n ®éng
7	1	1	1	1	1	1	1	1	1	1	1	1	1	1	1	1	TÇn L¨ng
8	1	1	1	1	1	1	1	1	1	1	1	1	1	1	1	1	L¨ng TÇn Thñy Hoµng
9	1	1	1	1	1	1	1	1	1	1	1	1	1	1	1	1	Tr­êng Giang Nguyªn §Çu
10	1	1	1	1	1	1	1	1	1	1	1	1	1	1	1	1	Nh¹n Th¹ch ®éng
11	1	1	1	1	1	1	1	1	1	1	1	1	1	1	1	1	 Thµnh §«
12	1	1	1	1	1	1	1	1	1	1	1	1	1	1	1	1	§Þa ®¹o hËu viÖn TÝn T­íng tù
13	1	1	1	1	1	1	1	1	1	1	1	1	1	1	1	1	Nga My ph¸i
14	1	1	1	1	1	1	1	1	1	1	1	1	1	1	1	1	M·nh Hæ ®éng
15	1	1	1	1	1	1	1	1	1	1	1	1	1	1	1	1	Gi¶ng Kinh §­êng
16	1	1	1	1	1	1	1	1	1	1	1	1	1	1	1	1	TiÒn ®iÖn
17	1	1	1	1	1	1	1	1	1	1	1	1	1	1	1	1	ChÝnh ®iÖn
18	1	1	1	1	1	1	1	1	1	1	1	1	1	1	1	1	T¶ Thiªn ®iÖn
19	1	1	1	1	1	1	1	1	1	1	1	1	1	1	1	1	KiÕm C¸c T©y Nam
20	1	1	1	1	1	1	1	1	1	1	1	1	1	1	1	1	Giang T©n Th«n
21	1	1	1	1	1	1	1	1	1	1	1	1	1	1	1	1	 Thanh Thµnh s¬n
22	1	1	1	1	1	1	1	1	1	1	1	1	1	1	1	1	B¹ch V©n ®éng
23	1	1	1	1	1	1	1	1	1	1	1	1	1	1	1	1	ThÇn Tiªn ®éng
24	1	1	1	1	1	1	1	1	1	1	1	1	1	1	1	1	H­ëng Thñy ®éng
25	1	1	1	1	1	1	1	1	1	1	1	1	1	1	1	1	§­êng M«n
26	1	1	1	1	1	1	1	1	1	1	1	1	1	1	1	1	Tróc T¬ ®éng tÇng 1
27	1	1	1	1	1	1	1	1	1	1	1	1	1	1	1	1	Tróc T¬ ®éng tÇng 2
28	1	1	1	1	1	1	1	1	1	1	1	1	1	1	1	1	Tróc T¬ ®éng tÇng 3
29	1	1	1	1	1	1	1	1	1	1	1	1	1	1	1	1	¸m khÝ phßng
30	1	1	1	1	1	1	1	1	1	1	1	1	1	1	1	1	Háa khÝ phßng
31	1	1	1	1	1	1	1	1	1	1	1	1	1	1	1	1	Vâ c«ng phßng
32	1	1	1	1	1	1	1	1	1	1	1	1	1	1	1	1	Y d­îc phßng
33	1	1	1	1	1	1	1	1	1	1	1	1	1	1	1	1	Phßng kh¸ch
34	1	1	1	1	1	1	1	1	1	1	1	1	1	1	1	1	Phßng nghÞ sù
35	1	1	1	1	1	1	1	1	1	1	1	1	1	1	1	1	ChÝnh phßng
36	1	1	1	1	1	1	1	1	1	1	1	1	1	1	1	1	TÕ tæ ®­êng
37	1	1	1	1	1	1	1	1	1	1	1	1	1	1	1	1	 BiÖn Kinh
38	1	1	1	1	1	1	1	1	1	1	1	1	1	1	1	1	ThiÕt th¸p tÇng 1 
39	1	1	1	1	1	1	1	1	1	1	1	1	1	1	1	1	ThiÕt th¸p tÇng 2 
40	1	1	1	1	1	1	1	1	1	1	1	1	1	1	1	1	ThiÕt th¸p tÇng 3
41	1	1	1	1	1	1	1	1	1	1	1	1	1	1	1	1	Phôc Ng­u S¬n T©y
42	1	1	1	1	1	1	1	1	1	1	1	1	1	1	1	1	Thiªn T©m ®éng
43	1	1	1	1	1	1	1	1	1	1	1	1	1	1	1	1	KiÕm C¸c Trung Nguyªn
44	1	1	1	1	1	1	1	1	1	1	1	1	1	1	1	1	ChiÕn tr­êng Tèng Kim
45	1	1	1	1	1	1	1	1	1	1	1	1	1	1	1	1	Thiªn NhÉn gi¸o
46	1	1	1	1	1	1	1	1	1	1	1	1	1	1	1	1	Thiªn NhÉn Gi¸o tÇng 1
47	1	1	1	1	1	1	1	1	1	1	1	1	1	1	1	1	Thiªn NhÉn Gi¸o tÇng 2
48	1	1	1	1	1	1	1	1	1	1	1	1	1	1	1	1	Thiªn NhÉn Gi¸o tÇng 2
49	1	1	1	1	1	1	1	1	1	1	1	1	1	1	1	1	Thiªn NhÉn Gi¸o tÇng 3
50	1	1	1	1	1	1	1	1	1	1	1	1	1	1	1	1	ThÊt S¸t ®éng
51	1	1	1	1	1	1	1	1	1	1	1	1	1	1	1	1	Th¸nh ®éng tÇng 1
52	1	1	1	1	1	1	1	1	1	1	1	1	1	1	1	1	Th¸nh ®éng tÇng 2
53	1	1	1	1	1	1	1	1	1	1	1	1	1	1	1	1	Ba L¨ng huyÖn
54	1	1	1	1	1	1	1	1	1	1	1	1	1	1	1	1	Nam Nh¹c trÊn
55	1	1	1	1	1	1	1	1	1	1	1	1	1	1	1	1	§µo Hoa Nguyªn
56	1	1	1	1	1	1	1	1	1	1	1	1	1	1	1	1	Hoµnh S¬n Ph¸i
57	1	1	1	1	1	1	1	1	1	1	1	1	1	1	1	1	Hoµnh S¬n ®¹i ®×nh
58	1	1	1	1	1	1	1	1	1	1	1	1	1	1	1	1	§éc C« KiÕm Ngäa thÊt
59	1	1	1	1	1	1	1	1	1	1	1	1	1	1	1	1	Thiªn V­¬ng Bang
60	1	1	1	1	1	1	1	1	1	1	1	1	1	1	1	1	TiÒn ®iÖn
61	1	1	1	1	1	1	1	1	1	1	1	1	1	1	1	1	Thiªn V­¬ng §¹i ®iÖn
62	1	1	1	1	1	1	1	1	1	1	1	1	1	1	1	1	TÈm cung
65	1	1	1	1	1	1	1	1	1	1	1	1	1	1	1	1	Thiªn V­¬ng ®¶o s¬n ®éng
66	1	1	1	1	1	1	1	1	1	1	1	1	1	1	1	1	§¸y §éng §×nh hå tÇng 1
67	1	1	1	1	1	1	1	1	1	1	1	1	1	1	1	1	§¸y §éng §×nh hå tÇng 2
68	1	1	1	1	1	1	1	1	1	1	1	1	1	1	1	1	Thanh Loa ®¶o
69	1	1	1	1	1	1	1	1	1	1	1	1	1	1	1	1	Thanh Loa ®¶o s¬n ®éng
70	1	1	1	1	1	1	1	1	1	1	1	1	1	1	1	1	Vò L¨ng s¬n
71	1	1	1	1	1	1	1	1	1	1	1	1	1	1	1	1	B¹ch Thñy ®éng
72	1	1	1	1	1	1	1	1	1	1	1	1	1	1	1	1	§¹i Tï ®éng
73	1	1	1	1	1	1	1	1	1	1	1	1	1	1	1	1	Phôc L­u ®éng
74	1	1	1	1	1	1	1	1	1	1	1	1	1	1	1	1	Miªu LÜnh
75	1	1	1	1	1	1	1	1	1	1	1	1	1	1	1	1	Kho¶ Lang ®éng
76	1	1	1	1	1	1	1	1	1	1	1	1	1	1	1	1	S¬n B¶o ®éng
77	1	1	1	1	1	1	1	1	1	1	1	1	1	1	1	1	YÕn Tö ®éng
78	1	1	1	1	1	1	1	1	1	1	1	1	1	1	1	1	 T­¬ng D­¬ng
79	1	1	1	1	1	1	1	1	1	1	1	1	1	1	1	1	MËt ®¹o Nha m«n T­¬ng D­¬ng
80	1	1	1	1	1	1	1	1	1	1	1	1	1	1	1	1	 D­¬ng Ch©u
81	1	1	1	1	1	1	1	1	1	1	1	1	1	1	1	1	Vâ §ang ph¸i
82	1	1	1	1	1	1	1	1	1	1	1	1	1	1	1	1	Mª cung §¸y giÕng
83	1	1	1	1	1	1	1	1	1	1	1	1	1	1	1	1	Háa Lang ®éng
84	1	1	1	1	1	1	1	1	1	1	1	1	1	1	1	1	Tö Tiªu ®¹i ®iÖn
85	1	1	1	1	1	1	1	1	1	1	1	1	1	1	1	1	ThËp Ph­¬ng ®iÖn
86	1	1	1	1	1	1	1	1	1	1	1	1	1	1	1	1	Phô MÉu ®iÖn
87	1	1	1	1	1	1	1	1	1	1	1	1	1	1	1	1	Long Hæ ®iÖn
90	1	1	1	1	1	1	1	1	1	1	1	1	1	1	1	1	Phôc Ng­u S¬n §«ng
91	1	1	1	1	1	1	1	1	1	1	1	1	1	1	1	1	Mª cung Kª Qu¸n ®éng
92	1	1	1	1	1	1	1	1	1	1	1	1	1	1	1	1	Thôc C­¬ng s¬n
93	1	1	1	1	1	1	1	1	1	1	1	1	1	1	1	1	TiÕn Cóc ®éng
94	1	1	1	1	1	1	1	1	1	1	1	1	1	1	1	1	Linh Cèc ®éng
99	1	1	1	1	1	1	1	1	1	1	1	1	1	1	1	1	VÜnh L¹c trÊn
100	1	1	1	1	1	1	1	1	1	1	1	1	1	1	1	1	Chu Tiªn trÊn
101	1	1	1	1	1	1	1	1	1	1	1	1	1	1	1	1	§¹o H­¬ng th«n
102	1	1	1	1	1	1	1	1	1	1	1	1	1	1	1	1	Th¸nh ®éng tÇng 2
103	1	1	1	1	1	1	1	1	1	1	1	1	1	1	1	1	ThiÕu L©m ph¸i
104	1	1	1	1	1	1	1	1	1	1	1	1	1	1	1	1	Tµng Kinh C¸c
105	1	1	1	1	1	1	1	1	1	1	1	1	1	1	1	1	§¹t Ma §­êng
106	1	1	1	1	1	1	1	1	1	1	1	1	1	1	1	1	§¹i Hïng b¶o ®iÖn
107	1	1	1	1	1	1	1	1	1	1	1	1	1	1	1	1	ThiÕu L©m §Ö tö phßng
108	1	1	1	1	1	1	1	1	1	1	1	1	1	1	1	1	ThiÕu L©m §Ö tö phßng
109	1	1	1	1	1	1	1	1	1	1	1	1	1	1	1	1	Ph­¬ng tr­îng ThiÒn phßng
110	1	1	1	1	1	1	1	1	1	1	1	1	1	1	1	1	La H¸n §­êng
111	1	1	1	1	1	1	1	1	1	1	1	1	1	1	1	1	Méc Nh©n H¹ng
112	1	1	1	1	1	1	1	1	1	1	1	1	1	1	1	1	Thiªn PhËt ®iÖn
113	1	1	1	1	1	1	1	1	1	1	1	1	1	1	1	1	MËt thÊt ThiÕu L©m
114	1	1	1	1	1	1	1	1	1	1	1	1	1	1	1	1	108 La H¸n trËn
115	1	1	1	1	1	1	1	1	1	1	1	1	1	1	1	1	C¸i Bang
116	1	1	1	1	1	1	1	1	1	1	1	1	1	1	1	1	T­êng V©n ®éng tÇng 1 
117	1	1	1	1	1	1	1	1	1	1	1	1	1	1	1	1	T­êng V©n ®éng tÇng 2
118	1	1	1	1	1	1	1	1	1	1	1	1	1	1	1	1	T­êng V©n ®éng tÇng 3
119	1	1	1	1	1	1	1	1	1	1	1	1	1	1	1	1	T­êng V©n ®éng tÇng 4
120	1	1	1	1	1	1	1	1	1	1	1	1	1	1	1	1	T­êng V©n ®éng tÇng 5
121	1	1	1	1	1	1	1	1	1	1	1	1	1	1	1	1	Long M«n trÊn
122	1	1	1	1	1	1	1	1	1	1	1	1	1	1	1	1	Hoµng Hµ Nguyªn §Çu
123	1	1	1	1	1	1	1	1	1	1	1	1	1	1	1	1	L·o Hæ ®éng
124	1	1	1	1	1	1	1	1	1	1	1	1	1	1	1	1	C¸n Viªn ®éng
125	1	1	1	1	1	1	1	1	1	1	1	1	1	1	1	1	L­u Tiªn ®éng tÇng 1
126	1	1	1	1	1	1	1	1	1	1	1	1	1	1	1	1	L­u Tiªn ®éng tÇng 2
127	1	1	1	1	1	1	1	1	1	1	1	1	1	1	1	1	L­u Tiªn ®éng tÇng 3
128	1	1	1	1	1	1	1	1	1	1	1	1	1	1	1	1	L­u Tiªn ®éng tÇng 4
129	1	1	1	1	1	1	1	1	1	1	1	1	1	1	1	1	L­u Tiªn ®éng tÇng 5
130	1	1	1	1	1	1	1	1	1	1	1	1	1	1	1	1	L­u Tiªn ®éng tÇng 6
131	1	1	1	1	1	1	1	1	1	1	1	1	1	1	1	1	C«n L«n ph¸i
132	1	1	1	1	1	1	1	1	1	1	1	1	1	1	1	1	B¨ng HuyÖt ®éng
135	1	1	1	1	1	1	1	1	1	1	1	1	1	1	1	1	KiÕn TÝnh Phong s¬n ®éng
136	1	1	1	1	1	1	1	1	1	1	1	1	1	1	1	1	Kho¸i Ho¹t L©m
137	1	1	1	1	1	1	1	1	1	1	1	1	1	1	1	1	Thiªn Vi ®iÖn
138	1	1	1	1	1	1	1	1	1	1	1	1	1	1	1	1	ChÝnh ®iÖn
139	1	1	1	1	1	1	1	1	1	1	1	1	1	1	1	1	Tö Vi ®iÖn
140	1	1	1	1	1	1	1	1	1	1	1	1	1	1	1	1	D­îc V­¬ng Cèc
141	1	1	1	1	1	1	1	1	1	1	1	1	1	1	1	1	D­îc V­¬ng ®éng tÇng 1
142	1	1	1	1	1	1	1	1	1	1	1	1	1	1	1	1	D­îc V­¬ng ®éng tÇng 2
143	1	1	1	1	1	1	1	1	1	1	1	1	1	1	1	1	D­îc V­¬ng ®éng tÇng 3
144	1	1	1	1	1	1	1	1	1	1	1	1	1	1	1	1	D­îc V­¬ng ®éng tÇng 4
145	1	1	1	1	1	1	1	1	1	1	1	1	1	1	1	1	TuyÕt B¸o ®éng tÇng 1
146	1	1	1	1	1	1	1	1	1	1	1	1	1	1	1	1	TuyÕt B¸o ®éng tÇng 2
147	1	1	1	1	1	1	1	1	1	1	1	1	1	1	1	1	TuyÕt B¸o ®éng tÇng 3
148	1	1	1	1	1	1	1	1	1	1	1	1	1	1	1	1	TuyÕt B¸o ®éng tÇng 4
149	1	1	1	1	1	1	1	1	1	1	1	1	1	1	1	1	TuyÕt B¸o ®éng tÇng 5
150	1	1	1	1	1	1	1	1	1	1	1	1	1	1	1	1	TuyÕt B¸o ®éng tÇng 6
151	1	1	1	1	1	1	1	1	1	1	1	1	1	1	1	1	TuyÕt B¸o ®éng tÇng 7
152	1	1	1	1	1	1	1	1	1	1	1	1	1	1	1	1	TuyÕt B¸o ®éng tÇng 8
153	1	1	1	1	1	1	1	1	1	1	1	1	1	1	1	1	Th¹ch Cæ trÊn
154	1	1	1	1	1	1	1	1	1	1	1	1	1	1	1	1	Thóy Yªn m«n
155	1	1	1	1	1	1	1	1	1	1	1	1	1	1	1	1	B¸ch Hoa ®×nh
156	1	1	1	1	1	1	1	1	1	1	1	1	1	1	1	1	phßng §Ö tö
157	1	1	1	1	1	1	1	1	1	1	1	1	1	1	1	1	phßng §Ö tö
158	1	1	1	1	1	1	1	1	1	1	1	1	1	1	1	1	Mª cung cÊm ®Þa
160	1	1	1	1	1	1	1	1	1	1	1	1	1	1	1	1	Thñ Ngäc s¶nh
161	1	1	1	1	1	1	1	1	1	1	1	1	1	1	1	1	Thóy Yªn LÇu
162	1	1	1	1	1	1	1	1	1	1	1	1	1	1	1	1	 §¹i Lý phñ 
163	1	1	1	1	1	1	1	1	1	1	1	1	1	1	1	1	¸c b¸ ®Þa ®¹o
164	1	1	1	1	1	1	1	1	1	1	1	1	1	1	1	1	Thiªn TÇm th¸p tÇng 1
165	1	1	1	1	1	1	1	1	1	1	1	1	1	1	1	1	Thiªn TÇm th¸p tÇng 2
166	1	1	1	1	1	1	1	1	1	1	1	1	1	1	1	1	Thiªn TÇm th¸p tÇng 3
167	1	1	1	1	1	1	1	1	1	1	1	1	1	1	1	1	 §iÓm Th­¬ng s¬n
168	1	1	1	1	1	1	1	1	1	1	1	1	1	1	1	1	Phông Nh·n ®éng
169	1	1	1	1	1	1	1	1	1	1	1	1	1	1	1	1	Long Nh·n ®éng
170	1	1	1	1	1	1	1	1	1	1	1	1	1	1	1	1	Thæ PhØ ®éng
171	1	1	1	1	1	1	1	1	1	1	1	1	1	1	1	1	§iÓm Th­¬ng ®éng tÇng 1
172	1	1	1	1	1	1	1	1	1	1	1	1	1	1	1	1	§iÓm Th­¬ng ®éng tÇng 2
173	1	1	1	1	1	1	1	1	1	1	1	1	1	1	1	1	§iÓm Th­¬ng ®éng tÇng 3
174	1	1	1	1	1	1	1	1	1	1	1	1	1	1	1	1	Long TuyÒn th«n
175	1	1	1	1	1	1	1	1	1	1	1	1	1	1	1	1	T©y S¬n th«n
176	1	1	1	1	1	1	1	1	1	1	1	1	1	1	1	1	 L©m An
177	1	1	1	1	1	1	1	1	1	1	1	1	1	1	1	1	Ngù Hoa viªn
178	1	1	1	1	1	1	1	1	1	1	1	1	1	1	1	1	S¬n ®éng Ngù Hoa viªn
179	1	1	1	1	1	1	1	1	1	1	1	1	1	1	1	1	La Tiªu s¬n
180	1	1	1	1	1	1	1	1	1	1	1	1	1	1	1	1	Long Cung ®éng
181	1	1	1	1	1	1	1	1	1	1	1	1	1	1	1	1	L­ìng Thñy ®éng
182	1	1	1	1	1	1	1	1	1	1	1	1	1	1	1	1	NghiÖt Long ®éng
183	1	1	1	1	1	1	1	1	1	1	1	1	1	1	1	1	Ngò §éc Gi¸o
184	1	1	1	1	1	1	1	1	1	1	1	1	1	1	1	1	XÝch YÕt tr¹i
185	1	1	1	1	1	1	1	1	1	1	1	1	1	1	1	1	Kim Xµ tr¹i
186	1	1	1	1	1	1	1	1	1	1	1	1	1	1	1	1	MÆc Thï tr¹i
187	1	1	1	1	1	1	1	1	1	1	1	1	1	1	1	1	Thanh Ng« tr¹i
188	1	1	1	1	1	1	1	1	1	1	1	1	1	1	1	1	Ng©n ThiÒm tr¹i
189	1	1	1	1	1	1	1	1	1	1	1	1	1	1	1	1	Tæng tr¹i
190	1	1	1	1	1	1	1	1	1	1	1	1	1	1	1	1	Mª cung nhËp m«n
193	1	1	1	1	1	1	1	1	1	1	1	1	1	1	1	1	 Vò Di s¬n
194	1	1	1	1	1	1	1	1	1	1	1	1	1	1	1	1	Ngäc Hoa ®éng
195	1	1	1	1	1	1	1	1	1	1	1	1	1	1	1	1	Nh¹n §·ng s¬n
196	1	1	1	1	1	1	1	1	1	1	1	1	1	1	1	1	D­¬ng Gi¸c ®éng
197	1	1	1	1	1	1	1	1	1	1	1	1	1	1	1	1	Thiªn lao
198	1	1	1	1	1	1	1	1	1	1	1	1	1	1	1	1	Thanh khª ®éng
199	1	1	1	1	1	1	1	1	1	1	1	1	1	1	1	1	Vò L¨ng ®éng
200	1	1	1	1	1	1	1	1	1	1	1	1	1	1	1	1	Cæ D­¬ng ®éng
201	1	1	1	1	1	1	1	1	1	1	1	1	1	1	1	1	B¨ng Hµ ®éng
202	1	1	1	1	1	1	1	1	1	1	1	1	1	1	1	1	Phï Dung ®éng
203	1	1	1	1	1	1	1	1	1	1	1	1	1	1	1	1	V« Danh ®éng
204	1	1	1	1	1	1	1	1	1	1	1	1	1	1	1	1	Phi Thiªn ®éng
205	1	1	1	1	1	1	1	1	1	1	1	1	1	1	1	1	D­¬ng Trung ®éng
206	1	1	1	1	1	1	1	1	1	1	1	1	1	1	1	1	TÇn L¨ng tÇng 2
207	1	1	1	1	1	1	1	1	1	1	1	1	1	1	1	1	TÇn L¨ng tÇng 3
208	1	1	1	1	1	1	1	1	1	1	1	1	1	1	1	1	§¹i lao
209	1	1	1	1	1	1	1	1	1	1	1	1	1	1	1	1	DiÔn vâ tr­êng
210	1	1	1	1	1	1	1	1	1	1	1	1	1	1	1	1	DiÔn vâ tr­êng
211	1	1	1	1	1	1	1	1	1	1	1	1	1	1	1	1	DiÔn vâ tr­êng
212	1	1	1	1	1	1	1	1	1	1	1	1	1	1	1	1	Hoa S¬n tuyÖt ®Ønh
213	1	1	1	1	1	1	1	1	1	1	1	1	1	1	1	1	L«i ®µi Bang héi 1
214	1	1	1	1	1	1	1	1	1	1	1	1	1	1	1	1	L«i ®µi Bang héi 2
215	1	1	1	1	1	1	1	1	1	1	1	1	1	1	1	1	L«i ®µi Bang héi 3
216	1	1	1	1	1	1	1	1	1	1	1	1	1	1	1	1	L«i ®µi Bang héi 4
217	1	1	1	1	1	1	1	1	1	1	1	1	1	1	1	1	L«i ®µi Bang héi 5
218	1	1	1	1	1	1	1	1	1	1	1	1	1	1	1	1	L«i ®µi Bang héi 6
219	1	1	1	1	1	1	1	1	1	1	1	1	1	1	1	1	L«i ®µi Bang héi 7
220	1	1	1	1	1	1	1	1	1	1	1	1	1	1	1	1	DiÔn Vâ tr­êng 8
221	1	1	1	1	1	1	1	1	1	1	1	1	1	1	1	1	C«ng thµnh chiÕn tr­êng
222	1	1	1	1	1	1	1	1	1	1	1	1	1	1	1	1	HËu ph­¬ng bªn Thñ
223	1	1	1	1	1	1	1	1	1	1	1	1	1	1	1	1	HËu ph­¬ng bªn C«ng
224	1	1	1	1	1	1	1	1	1	1	1	1	1	1	1	1	Sa m¹c ®Þa biÓu
225	1	1	1	1	1	1	1	1	1	1	1	1	1	1	1	1	Sa M¹c 1
226	1	1	1	1	1	1	1	1	1	1	1	1	1	1	1	1	Sa M¹c 2
227	1	1	1	1	1	1	1	1	1	1	1	1	1	1	1	1	Sa M¹c 3
228	1	1	1	1	1	1	1	1	1	1	1	1	1	1	1	1	HËu s¬n C«n L«n
229	1	1	1	1	1	1	1	1	1	1	1	1	1	1	1	1	TÕ Tæ ®×nh (chiÕn ®Êu) 
230	1	1	1	1	1	1	1	1	1	1	1	1	1	1	1	1	Trong thµnh §¹i Lý (chiÕn ®Êu) 
231	1	1	1	1	1	1	1	1	1	1	1	1	1	1	1	1	N¬i ë Th­¬ng L­¬ng kh¸ch
232	1	1	1	1	1	1	1	1	1	1	1	1	1	1	1	1	N¬i ë Chu V©n TuyÒn
233	1	1	1	1	1	1	1	1	1	1	1	1	1	1	1	1	N¬i ë M¹c Kh«ng NguyÖt
234	1	1	1	1	1	1	1	1	1	1	1	1	1	1	1	1	Kim Xµ tr¹i (chiÕn ®Êu) 
235	1	1	1	1	1	1	1	1	1	1	1	1	1	1	1	1	§µo Hoa ®¶o (1) 
236	1	1	1	1	1	1	1	1	1	1	1	1	1	1	1	1	§µo Hoa ®¶o (2) 
237	1	1	1	1	1	1	1	1	1	1	1	1	1	1	1	1	§µo Hoa ®¶o (3) 
238	1	1	1	1	1	1	1	1	1	1	1	1	1	1	1	1	§µo Hoa ®¶o (4) 
239	1	1	1	1	1	1	1	1	1	1	1	1	1	1	1	1	§µo Hoa ®¶o (5) 
240	1	1	1	1	1	1	1	1	1	1	1	1	1	1	1	1	§µo Hoa ®¶o (6) 
241	1	1	1	1	1	1	1	1	1	1	1	1	1	1	1	1	§µo Hoa ®¶o (7) 
242	1	1	1	1	1	1	1	1	1	1	1	1	1	1	1	1	TÈy Tñy ®¶o (1) 
243	1	1	1	1	1	1	1	1	1	1	1	1	1	1	1	1	TÈy Tñy ®¶o (2) 
244	1	1	1	1	1	1	1	1	1	1	1	1	1	1	1	1	TÈy Tñy ®¶o (3) 
245	1	1	1	1	1	1	1	1	1	1	1	1	1	1	1	1	TÈy Tñy ®¶o (4) 
246	1	1	1	1	1	1	1	1	1	1	1	1	1	1	1	1	TÈy Tñy ®¶o (5) 
247	1	1	1	1	1	1	1	1	1	1	1	1	1	1	1	1	TÈy Tñy ®¶o (6) 
248	1	1	1	1	1	1	1	1	1	1	1	1	1	1	1	1	TÈy Tñy ®¶o (7) 
249	1	1	1	1	1	1	1	1	1	1	1	1	1	1	1	1	TÈy Tñy ®¶o s¬n ®éng (1) 
250	1	1	1	1	1	1	1	1	1	1	1	1	1	1	1	1	TÈy Tñy ®¶o s¬n ®éng (1) 
251	1	1	1	1	1	1	1	1	1	1	1	1	1	1	1	1	TÈy Tñy ®¶o s¬n ®éng (1) 
252	1	1	1	1	1	1	1	1	1	1	1	1	1	1	1	1	TÈy Tñy ®¶o s¬n ®éng (1) 
253	1	1	1	1	1	1	1	1	1	1	1	1	1	1	1	1	TÈy Tñy ®¶o s¬n ®éng (1) 
254	1	1	1	1	1	1	1	1	1	1	1	1	1	1	1	1	TÈy Tñy ®¶o s¬n ®éng (1) 
255	1	1	1	1	1	1	1	1	1	1	1	1	1	1	1	1	TÈy Tñy ®¶o s¬n ®éng (1) 
256	1	1	1	1	1	1	1	1	1	1	1	1	1	1	1	1	TÈy Tñy ®¶o s¬n ®éng (1) 
257	1	1	1	1	1	1	1	1	1	1	1	1	1	1	1	1	TÈy Tñy ®¶o s¬n ®éng (1) 
258	1	1	1	1	1	1	1	1	1	1	1	1	1	1	1	1	TÈy Tñy ®¶o s¬n ®éng (1) 
259	1	1	1	1	1	1	1	1	1	1	1	1	1	1	1	1	TÈy Tñy ®¶o s¬n ®éng (2) 
260	1	1	1	1	1	1	1	1	1	1	1	1	1	1	1	1	TÈy Tñy ®¶o s¬n ®éng (2) 
261	1	1	1	1	1	1	1	1	1	1	1	1	1	1	1	1	TÈy Tñy ®¶o s¬n ®éng (2) 
262	1	1	1	1	1	1	1	1	1	1	1	1	1	1	1	1	TÈy Tñy ®¶o s¬n ®éng (2) 
263	1	1	1	1	1	1	1	1	1	1	1	1	1	1	1	1	TÈy Tñy ®¶o s¬n ®éng (2) 
264	1	1	1	1	1	1	1	1	1	1	1	1	1	1	1	1	TÈy Tñy ®¶o s¬n ®éng (2) 
265	1	1	1	1	1	1	1	1	1	1	1	1	1	1	1	1	TÈy Tñy ®¶o s¬n ®éng (2) 
266	1	1	1	1	1	1	1	1	1	1	1	1	1	1	1	1	TÈy Tñy ®¶o s¬n ®éng (2) 
267	1	1	1	1	1	1	1	1	1	1	1	1	1	1	1	1	TÈy Tñy ®¶o s¬n ®éng (2) 
268	1	1	1	1	1	1	1	1	1	1	1	1	1	1	1	1	TÈy Tñy ®¶o s¬n ®éng (2) 
269	1	1	1	1	1	1	1	1	1	1	1	1	1	1	1	1	TÈy Tñy ®¶o s¬n ®éng (3) 
270	1	1	1	1	1	1	1	1	1	1	1	1	1	1	1	1	TÈy Tñy ®¶o s¬n ®éng (3) 
271	1	1	1	1	1	1	1	1	1	1	1	1	1	1	1	1	TÈy Tñy ®¶o s¬n ®éng (3) 
272	1	1	1	1	1	1	1	1	1	1	1	1	1	1	1	1	TÈy Tñy ®¶o s¬n ®éng (3) 
273	1	1	1	1	1	1	1	1	1	1	1	1	1	1	1	1	TÈy Tñy ®¶o s¬n ®éng (3) 
274	1	1	1	1	1	1	1	1	1	1	1	1	1	1	1	1	TÈy Tñy ®¶o s¬n ®éng (3) 
275	1	1	1	1	1	1	1	1	1	1	1	1	1	1	1	1	TÈy Tñy ®¶o s¬n ®éng (3) 
276	1	1	1	1	1	1	1	1	1	1	1	1	1	1	1	1	TÈy Tñy ®¶o s¬n ®éng (3) 
277	1	1	1	1	1	1	1	1	1	1	1	1	1	1	1	1	TÈy Tñy ®¶o s¬n ®éng (3) 
278	1	1	1	1	1	1	1	1	1	1	1	1	1	1	1	1	TÈy Tñy ®¶o s¬n ®éng (3) 
279	1	1	1	1	1	1	1	1	1	1	1	1	1	1	1	1	TÈy Tñy ®¶o s¬n ®éng (4) 
280	1	1	1	1	1	1	1	1	1	1	1	1	1	1	1	1	TÈy Tñy ®¶o s¬n ®éng (4) 
281	1	1	1	1	1	1	1	1	1	1	1	1	1	1	1	1	TÈy Tñy ®¶o s¬n ®éng (4) 
282	1	1	1	1	1	1	1	1	1	1	1	1	1	1	1	1	TÈy Tñy ®¶o s¬n ®éng (4) 
283	1	1	1	1	1	1	1	1	1	1	1	1	1	1	1	1	TÈy Tñy ®¶o s¬n ®éng (4) 
284	1	1	1	1	1	1	1	1	1	1	1	1	1	1	1	1	TÈy Tñy ®¶o s¬n ®éng (4) 
285	1	1	1	1	1	1	1	1	1	1	1	1	1	1	1	1	TÈy Tñy ®¶o s¬n ®éng (4) 
286	1	1	1	1	1	1	1	1	1	1	1	1	1	1	1	1	TÈy Tñy ®¶o s¬n ®éng (4) 
287	1	1	1	1	1	1	1	1	1	1	1	1	1	1	1	1	TÈy Tñy ®¶o s¬n ®éng (4) 
288	1	1	1	1	1	1	1	1	1	1	1	1	1	1	1	1	TÈy Tñy ®¶o s¬n ®éng (4) 
289	1	1	1	1	1	1	1	1	1	1	1	1	1	1	1	1	TÈy Tñy ®¶o s¬n ®éng (5) 
290	1	1	1	1	1	1	1	1	1	1	1	1	1	1	1	1	TÈy Tñy ®¶o s¬n ®éng (5) 
291	1	1	1	1	1	1	1	1	1	1	1	1	1	1	1	1	TÈy Tñy ®¶o s¬n ®éng (5) 
292	1	1	1	1	1	1	1	1	1	1	1	1	1	1	1	1	TÈy Tñy ®¶o s¬n ®éng (5) 
293	1	1	1	1	1	1	1	1	1	1	1	1	1	1	1	1	TÈy Tñy ®¶o s¬n ®éng (5) 
294	1	1	1	1	1	1	1	1	1	1	1	1	1	1	1	1	TÈy Tñy ®¶o s¬n ®éng (5) 
295	1	1	1	1	1	1	1	1	1	1	1	1	1	1	1	1	TÈy Tñy ®¶o s¬n ®éng (5) 
296	1	1	1	1	1	1	1	1	1	1	1	1	1	1	1	1	TÈy Tñy ®¶o s¬n ®éng (5) 
297	1	1	1	1	1	1	1	1	1	1	1	1	1	1	1	1	TÈy Tñy ®¶o s¬n ®éng (5) 
298	1	1	1	1	1	1	1	1	1	1	1	1	1	1	1	1	TÈy Tñy ®¶o s¬n ®éng (5) 
299	1	1	1	1	1	1	1	1	1	1	1	1	1	1	1	1	TÈy Tñy ®¶o s¬n ®éng (6) 
300	1	1	1	1	1	1	1	1	1	1	1	1	1	1	1	1	TÈy Tñy ®¶o s¬n ®éng (6) 
301	1	1	1	1	1	1	1	1	1	1	1	1	1	1	1	1	TÈy Tñy ®¶o s¬n ®éng (6) 
302	1	1	1	1	1	1	1	1	1	1	1	1	1	1	1	1	TÈy Tñy ®¶o s¬n ®éng (6) 
303	1	1	1	1	1	1	1	1	1	1	1	1	1	1	1	1	TÈy Tñy ®¶o s¬n ®éng (6) 
304	1	1	1	1	1	1	1	1	1	1	1	1	1	1	1	1	TÈy Tñy ®¶o s¬n ®éng (6) 
305	1	1	1	1	1	1	1	1	1	1	1	1	1	1	1	1	TÈy Tñy ®¶o s¬n ®éng (6) 
306	1	1	1	1	1	1	1	1	1	1	1	1	1	1	1	1	TÈy Tñy ®¶o s¬n ®éng (6) 
307	1	1	1	1	1	1	1	1	1	1	1	1	1	1	1	1	TÈy Tñy ®¶o s¬n ®éng (6) 
308	1	1	1	1	1	1	1	1	1	1	1	1	1	1	1	1	TÈy Tñy ®¶o s¬n ®éng (6) 
309	1	1	1	1	1	1	1	1	1	1	1	1	1	1	1	1	TÈy Tñy ®¶o s¬n ®éng (7) 
310	1	1	1	1	1	1	1	1	1	1	1	1	1	1	1	1	TÈy Tñy ®¶o s¬n ®éng (7) 
311	1	1	1	1	1	1	1	1	1	1	1	1	1	1	1	1	TÈy Tñy ®¶o s¬n ®éng (7) 
312	1	1	1	1	1	1	1	1	1	1	1	1	1	1	1	1	TÈy Tñy ®¶o s¬n ®éng (7) 
313	1	1	1	1	1	1	1	1	1	1	1	1	1	1	1	1	TÈy Tñy ®¶o s¬n ®éng (7) 
314	1	1	1	1	1	1	1	1	1	1	1	1	1	1	1	1	TÈy Tñy ®¶o s¬n ®éng (7) 
315	1	1	1	1	1	1	1	1	1	1	1	1	1	1	1	1	TÈy Tñy ®¶o s¬n ®éng (7) 
316	1	1	1	1	1	1	1	1	1	1	1	1	1	1	1	1	TÈy Tñy ®¶o s¬n ®éng (7) 
317	1	1	1	1	1	1	1	1	1	1	1	1	1	1	1	1	TÈy Tñy ®¶o s¬n ®éng (7) 
318	1	1	1	1	1	1	1	1	1	1	1	1	1	1	1	1	TÈy Tñy ®¶o s¬n ®éng (7) 
319	1	1	1	1	1	1	1	1	1	1	1	1	1	1	1	1	L©m Du Quan
320	1	1	1	1	1	1	1	1	1	1	1	1	1	1	1	1	Ch©n nói Tr­êng B¹ch
321	1	1	1	1	1	1	1	1	1	1	1	1	1	1	1	1	Tr­êng B¹ch s¬n Nam 
322	1	1	1	1	1	1	1	1	1	1	1	1	1	1	1	1	Tr­êng B¹ch s¬n B¾c
323	1	1	1	1	1	1	1	1	1	1	1	1	1	1	1	1	§iÓm b¸o danh Tèng Kim (s¬ cÊp) 
324	1	1	1	1	1	1	1	1	1	1	1	1	1	1	1	1	§iÓm b¸o danh Tèng Kim (trung cÊp) 
325	1	1	1	1	1	1	1	1	1	1	1	1	1	1	1	1	§iÓm b¸o danh Tèng Kim (cao cÊp) 
326	1	1	1	1	1	1	1	1	1	1	1	1	1	1	1	1	Khu vùc b×nh nguyªn (s¬ cÊp) 
327	1	1	1	1	1	1	1	1	1	1	1	1	1	1	1	1	Khu vùc b×nh nguyªn (trung cÊp) 
328	1	1	1	1	1	1	1	1	1	1	1	1	1	1	1	1	Khu vùc b×nh nguyªn (cao cÊp) 
329	1	1	1	1	1	1	1	1	1	1	1	1	1	1	1	1	Khu vùc Hµ T©n (s¬ cÊp) 
330	1	1	1	1	1	1	1	1	1	1	1	1	1	1	1	1	Khu vùc Hµ T©n (trung cÊp) 
331	1	1	1	1	1	1	1	1	1	1	1	1	1	1	1	1	Khu vùc Hµ T©n (cao cÊp) 
332	1	1	1	1	1	1	1	1	1	1	1	1	1	1	1	1	Thiªn Long Tù
333	1	1	1	1	1	1	1	1	1	1	1	1	1	1	1	1	Hoa S¬n ph¸i
336	1	1	1	1	1	1	1	1	1	1	1	1	1	1	1	1	Phong L¨ng ®é
337	1	1	1	1	1	1	1	1	1	1	1	1	1	1	1	1	BÕn thuyÒn 1
338	1	1	1	1	1	1	1	1	1	1	1	1	1	1	1	1	BÕn thuyÒn 2
339	1	1	1	1	1	1	1	1	1	1	1	1	1	1	1	1	BÕn thuyÒn 3
340	1	1	1	1	1	1	1	1	1	1	1	1	1	1	1	1	M¹c Cao QuËt
341	1	1	1	1	1	1	1	1	1	1	1	1	1	1	1	1	M¹c B¾c Th¶o Nguyªn
342	1	1	1	1	1	1	1	1	1	1	1	1	1	1	1	1	Vi s¬n ®¶o
343	1	1	1	1	1	1	1	1	1	1	1	1	1	1	1	1	MËt thÊt Hoµnh S¬n
344	1	1	1	1	1	1	1	1	1	1	1	1	1	1	1	1	Thµnh trÊn (s¬ cÊp) 
345	1	1	1	1	1	1	1	1	1	1	1	1	1	1	1	1	Thµnh trÊn (trung cÊp) 
346	1	1	1	1	1	1	1	1	1	1	1	1	1	1	1	1	Thµnh trÊn (cao cÊp) 
347	1	1	1	1	1	1	1	1	1	1	1	1	1	1	1	1	S¬n cèc (s¬ cÊp) 
348	1	1	1	1	1	1	1	1	1	1	1	1	1	1	1	1	S¬n cèc (trung cÊp) 
349	1	1	1	1	1	1	1	1	1	1	1	1	1	1	1	1	S¬n cèc (cao cÊp) 
350	1	1	1	1	1	1	1	1	1	1	1	1	1	1	1	1	Th©m l©m (s¬ cÊp) 
351	1	1	1	1	1	1	1	1	1	1	1	1	1	1	1	1	Th©m l©m (trung cÊp) 
352	1	1	1	1	1	1	1	1	1	1	1	1	1	1	1	1	Th©m l©m (cao cÊp) 
353	1	1	1	1	1	1	1	1	1	1	1	1	1	1	1	1	Doanh tr¹i (s¬ cÊp) 
354	1	1	1	1	1	1	1	1	1	1	1	1	1	1	1	1	Doanh tr¹i (trung cÊp) 
355	1	1	1	1	1	1	1	1	1	1	1	1	1	1	1	1	Doanh tr¹i (cao cÊp) 
356	1	1	1	1	1	1	1	1	1	1	1	1	1	1	1	1	Tr­êng ®Êu (1) 
357	1	1	1	1	1	1	1	1	1	1	1	1	1	1	1	1	§¬n ®Êu B×nh nguyªn (S¬ cÊp) 
358	1	1	1	1	1	1	1	1	1	1	1	1	1	1	1	1	§¬n ®Êu B×nh nguyªn (Trung cÊp) 
359	1	1	1	1	1	1	1	1	1	1	1	1	1	1	1	1	§¬n ®Êu B×nh nguyªn (Cao cÊp) 
360	1	1	1	1	1	1	1	1	1	1	1	1	1	1	1	1	§¬n ®Êu Hµ t©n (S¬ cÊp) 
361	1	1	1	1	1	1	1	1	1	1	1	1	1	1	1	1	§¬n ®Êu Hµ t©n (Trung cÊp) 
362	1	1	1	1	1	1	1	1	1	1	1	1	1	1	1	1	§¬n ®Êu Hµ t©n (Cao cÊp) 
363	1	1	1	1	1	1	1	1	1	1	1	1	1	1	1	1	§¬n ®Êu Th©m l©m (S¬ cÊp) 
364	1	1	1	1	1	1	1	1	1	1	1	1	1	1	1	1	§¬n ®Êu Th©m l©m (Trung cÊp) 
365	1	1	1	1	1	1	1	1	1	1	1	1	1	1	1	1	§¬n ®Êu Th©m l©m (Cao cÊp) 
366	1	1	1	1	1	1	1	1	1	1	1	1	1	1	1	1	§¬n ®Êu S¬n cèc (S¬ cÊp) 
367	1	1	1	1	1	1	1	1	1	1	1	1	1	1	1	1	§¬n ®Êu S¬n cèc (Trung cÊp) 
368	1	1	1	1	1	1	1	1	1	1	1	1	1	1	1	1	§¬n ®Êu S¬n cèc (Cao cÊp) 
369	1	1	1	1	1	1	1	1	1	1	1	1	1	1	1	1	§¬n ®Êu Thµnh trÊn (S¬ cÊp) 
370	1	1	1	1	1	1	1	1	1	1	1	1	1	1	1	1	§¬n ®Êu Thµnh trÊn (Trung cÊp) 
371	1	1	1	1	1	1	1	1	1	1	1	1	1	1	1	1	§¬n ®Êu Thµnh trÊn (Cao cÊp) 
372	1	1	1	1	1	1	1	1	1	1	1	1	1	1	1	1	§¬n ®Êu Doanh tr¹i (S¬ cÊp) 
373	1	1	1	1	1	1	1	1	1	1	1	1	1	1	1	1	§¬n ®Êu Doanh tr¹i (Trung cÊp) 
374	1	1	1	1	1	1	1	1	1	1	1	1	1	1	1	1	§¬n ®Êu Doanh tr¹i (Cao cÊp) 
375	1	1	1	1	1	1	1	1	1	1	1	1	1	1	1	1	ChiÕn tr­êng Tèng Kim cò (s¬ cÊp) 
376	1	1	1	1	1	1	1	1	1	1	1	1	1	1	1	1	ChiÕn tr­êng Tèng Kim cò (trung cÊp) 
377	1	1	1	1	1	1	1	1	1	1	1	1	1	1	1	1	ChiÕn tr­êng Tèng Kim (cao cÊp) 
378	1	1	1	1	1	1	1	1	1	1	1	1	1	1	1	1	Xung phong (S¬ cÊp) 
379	1	1	1	1	1	1	1	1	1	1	1	1	1	1	1	1	Xung phong (Trung cÊp) 
380	1	1	1	1	1	1	1	1	1	1	1	1	1	1	1	1	Xung phong (Cao cÊp) 
381	1	1	1	1	1	1	1	1	1	1	1	1	1	1	1	1	Th©m l©m (s¬ cÊp) 
382	1	1	1	1	1	1	1	1	1	1	1	1	1	1	1	1	Th©m l©m (trung cÊp) 
383	1	1	1	1	1	1	1	1	1	1	1	1	1	1	1	1	Th©m l©m (cao cÊp) 
384	1	1	1	1	1	1	1	1	1	1	1	1	1	1	1	1	CÇu ranh giíi (s¬ cÊp) 
385	1	1	1	1	1	1	1	1	1	1	1	1	1	1	1	1	CÇu ranh giíi (trung cÊp) 
386	1	1	1	1	1	1	1	1	1	1	1	1	1	1	1	1	CÇu ranh giíi (cao cÊp) 
387	1	1	1	1	1	1	1	1	1	1	1	1	1	1	1	1	Phong Kú (60-89) 
388	1	1	1	1	1	1	1	1	1	1	1	1	1	1	1	1	Phong Kú (90-119) 
389	1	1	1	1	1	1	1	1	1	1	1	1	1	1	1	1	Phong Kú (trªn 120) 
390	1	1	1	1	1	1	1	1	1	1	1	1	1	1	1	1	S¬n ThÇn miÕu (60-89) 
391	1	1	1	1	1	1	1	1	1	1	1	1	1	1	1	1	S¬n ThÇn miÕu (90-119) 
392	1	1	1	1	1	1	1	1	1	1	1	1	1	1	1	1	S¬n ThÇn miÕu (trªn 120) 
393	1	1	1	1	1	1	1	1	1	1	1	1	1	1	1	1	Thiªn B¶o khè (60-89) 
394	1	1	1	1	1	1	1	1	1	1	1	1	1	1	1	1	Thiªn B¶o khè (90-119) 
395	1	1	1	1	1	1	1	1	1	1	1	1	1	1	1	1	Thiªn B¶o khè (trªn 120) 
396	1	1	1	1	1	1	1	1	1	1	1	1	1	1	1	1	Héi tr­êng liªn ®Êu KiÖt xuÊt (1)
397	1	1	1	1	1	1	1	1	1	1	1	1	1	1	1	1	§Êu tr­êng liªn ®Êu KiÖt xuÊt (1)
398	1	1	1	1	1	1	1	1	1	1	1	1	1	1	1	1	Héi tr­êng liªn ®Êu KiÖt xuÊt (2)
399	1	1	1	1	1	1	1	1	1	1	1	1	1	1	1	1	§Êu tr­êng liªn ®Êu KiÖt xuÊt (2)
400	1	1	1	1	1	1	1	1	1	1	1	1	1	1	1	1	Héi tr­êng liªn ®Êu KiÖt xuÊt (3)
401	1	1	1	1	1	1	1	1	1	1	1	1	1	1	1	1	§Êu tr­êng liªn ®Êu KiÖt xuÊt (3)
402	1	1	1	1	1	1	1	1	1	1	1	1	1	1	1	1	Héi tr­êng liªn ®Êu KiÖt xuÊt (4)
403	1	1	1	1	1	1	1	1	1	1	1	1	1	1	1	1	§Êu tr­êng liªn ®Êu KiÖt xuÊt (4)
404	1	1	1	1	1	1	1	1	1	1	1	1	1	1	1	1	Héi tr­êng liªn ®Êu KiÖt xuÊt (5)
405	1	1	1	1	1	1	1	1	1	1	1	1	1	1	1	1	§Êu tr­êng liªn ®Êu KiÖt xuÊt (5)
406	1	1	1	1	1	1	1	1	1	1	1	1	1	1	1	1	Héi tr­êng liªn ®Êu KiÖt xuÊt (6)
407	1	1	1	1	1	1	1	1	1	1	1	1	1	1	1	1	§Êu tr­êng liªn ®Êu KiÖt xuÊt (6)
408	1	1	1	1	1	1	1	1	1	1	1	1	1	1	1	1	Héi tr­êng liªn ®Êu KiÖt xuÊt (7)
409	1	1	1	1	1	1	1	1	1	1	1	1	1	1	1	1	§Êu tr­êng liªn ®Êu KiÖt xuÊt (7)
410	1	1	1	1	1	1	1	1	1	1	1	1	1	1	1	1	Héi tr­êng liªn ®Êu KiÖt xuÊt (8)
411	1	1	1	1	1	1	1	1	1	1	1	1	1	1	1	1	§Êu tr­êng liªn ®Êu KiÖt xuÊt (8)
412	1	1	1	1	1	1	1	1	1	1	1	1	1	1	1	1	Héi tr­êng liªn ®Êu KiÖt xuÊt (9)
413	1	1	1	1	1	1	1	1	1	1	1	1	1	1	1	1	§Êu tr­êng liªn ®Êu KiÖt xuÊt (9)
414	1	1	1	1	1	1	1	1	1	1	1	1	1	1	1	1	Héi tr­êng liªn ®Êu KiÖt xuÊt (10)
415	1	1	1	1	1	1	1	1	1	1	1	1	1	1	1	1	§Êu tr­êng liªn ®Êu KiÖt xuÊt (10)
416	1	1	1	1	1	1	1	1	1	1	1	1	1	1	1	1	ThuyÒn Rång s¬ cÊp (1) 
417	1	1	1	1	1	1	1	1	1	1	1	1	1	1	1	1	ThuyÒn Rång s¬ cÊp (2) 
418	1	1	1	1	1	1	1	1	1	1	1	1	1	1	1	1	ThuyÒn Rång s¬ cÊp (3) 
419	1	1	1	1	1	1	1	1	1	1	1	1	1	1	1	1	ThuyÒn Rång s¬ cÊp (4) 
420	1	1	1	1	1	1	1	1	1	1	1	1	1	1	1	1	ThuyÒn Rång s¬ cÊp (5) 
421	1	1	1	1	1	1	1	1	1	1	1	1	1	1	1	1	ThuyÒn Rång s¬ cÊp (6) 
422	1	1	1	1	1	1	1	1	1	1	1	1	1	1	1	1	ThuyÒn Rång s¬ cÊp (7) 
423	1	1	1	1	1	1	1	1	1	1	1	1	1	1	1	1	ThuyÒn Rång s¬ cÊp (8) 
424	1	1	1	1	1	1	1	1	1	1	1	1	1	1	1	1	ThuyÒn Rång cao cÊp (1) 
425	1	1	1	1	1	1	1	1	1	1	1	1	1	1	1	1	ThuyÒn Rång cao cÊp (2) 
426	1	1	1	1	1	1	1	1	1	1	1	1	1	1	1	1	ThuyÒn Rång cao cÊp (3) 
427	1	1	1	1	1	1	1	1	1	1	1	1	1	1	1	1	ThuyÒn Rång cao cÊp (4) 
428	1	1	1	1	1	1	1	1	1	1	1	1	1	1	1	1	ThuyÒn Rång cao cÊp (5) 
429	1	1	1	1	1	1	1	1	1	1	1	1	1	1	1	1	ThuyÒn Rång cao cÊp (6) 
430	1	1	1	1	1	1	1	1	1	1	1	1	1	1	1	1	ThuyÒn Rång cao cÊp (7) 
431	1	1	1	1	1	1	1	1	1	1	1	1	1	1	1	1	ThuyÒn Rång cao cÊp (8) 
432	1	1	1	1	1	1	1	1	1	1	1	1	1	1	1	1	ThuyÒn Rång cao cÊp (9) 
433	1	1	1	1	1	1	1	1	1	1	1	1	1	1	1	1	ThuyÒn Rång cao cÊp (10) 
434	1	1	1	1	1	1	1	1	1	1	1	1	1	1	1	1	ThuyÒn Rång cao cÊp (11) 
435	1	1	1	1	1	1	1	1	1	1	1	1	1	1	1	1	ThuyÒn Rång cao cÊp (12) 
436	1	1	1	1	1	1	1	1	1	1	1	1	1	1	1	1	ThuyÒn Rång cao cÊp (13) 
437	1	1	1	1	1	1	1	1	1	1	1	1	1	1	1	1	ThuyÒn Rång cao cÊp (14) 
438	1	1	1	1	1	1	1	1	1	1	1	1	1	1	1	1	ThuyÒn Rång cao cÊp (15) 
439	1	1	1	1	1	1	1	1	1	1	1	1	1	1	1	1	ThuyÒn Rång cao cÊp (16) 
440	1	1	1	1	1	1	1	1	1	1	1	1	1	1	1	1	ThuyÒn Rång s¬ cÊp (9) 
441	1	1	1	1	1	1	1	1	1	1	1	1	1	1	1	1	ThuyÒn Rång s¬ cÊp (10) 
442	1	1	1	1	1	1	1	1	1	1	1	1	1	1	1	1	ThuyÒn Rång s¬ cÊp (11) 
443	1	1	1	1	1	1	1	1	1	1	1	1	1	1	1	1	ThuyÒn Rång s¬ cÊp (12) 
444	1	1	1	1	1	1	1	1	1	1	1	1	1	1	1	1	ThuyÒn Rång s¬ cÊp (13) 
445	1	1	1	1	1	1	1	1	1	1	1	1	1	1	1	1	ThuyÒn Rång s¬ cÊp (14) 
446	1	1	1	1	1	1	1	1	1	1	1	1	1	1	1	1	ThuyÒn Rång s¬ cÊp (15) 
447	1	1	1	1	1	1	1	1	1	1	1	1	1	1	1	1	ThuyÒn Rång s¬ cÊp (16) 
448	1	1	1	1	1	1	1	1	1	1	1	1	1	1	1	1	ThuyÒn Rång cao cÊp (17) 
449	1	1	1	1	1	1	1	1	1	1	1	1	1	1	1	1	ThuyÒn Rång cao cÊp (18) 
450	1	1	1	1	1	1	1	1	1	1	1	1	1	1	1	1	ThuyÒn Rång cao cÊp (19) 
451	1	1	1	1	1	1	1	1	1	1	1	1	1	1	1	1	ThuyÒn Rång cao cÊp (20) 
452	1	1	1	1	1	1	1	1	1	1	1	1	1	1	1	1	ThuyÒn Rång cao cÊp (21) 
453	1	1	1	1	1	1	1	1	1	1	1	1	1	1	1	1	ThuyÒn Rång cao cÊp (22) 
454	1	1	1	1	1	1	1	1	1	1	1	1	1	1	1	1	ThuyÒn Rång cao cÊp (23) 
455	1	1	1	1	1	1	1	1	1	1	1	1	1	1	1	1	ThuyÒn Rång cao cÊp (24) 
456	1	1	1	1	1	1	1	1	1	1	1	1	1	1	1	1	ThuyÒn Rång cao cÊp (25) 
457	1	1	1	1	1	1	1	1	1	1	1	1	1	1	1	1	ThuyÒn Rång cao cÊp (26) 
458	1	1	1	1	1	1	1	1	1	1	1	1	1	1	1	1	ThuyÒn Rång cao cÊp (27) 
459	1	1	1	1	1	1	1	1	1	1	1	1	1	1	1	1	ThuyÒn Rång cao cÊp (28) 
460	1	1	1	1	1	1	1	1	1	1	1	1	1	1	1	1	ThuyÒn Rång cao cÊp (29) 
461	1	1	1	1	1	1	1	1	1	1	1	1	1	1	1	1	ThuyÒn Rång cao cÊp (30) 
462	1	1	1	1	1	1	1	1	1	1	1	1	1	1	1	1	ThuyÒn Rång cao cÊp (31) 
463	1	1	1	1	1	1	1	1	1	1	1	1	1	1	1	1	ThuyÒn Rång cao cÊp (32) 
464	1	1	1	1	1	1	1	1	1	1	1	1	1	1	1	1	Th¸ch thøc thêi gian (S¬ cÊp 1) 
465	1	1	1	1	1	1	1	1	1	1	1	1	1	1	1	1	Th¸ch thøc thêi gian (S¬ cÊp 2) 
466	1	1	1	1	1	1	1	1	1	1	1	1	1	1	1	1	Th¸ch thøc thêi gian (S¬ cÊp 3) 
467	1	1	1	1	1	1	1	1	1	1	1	1	1	1	1	1	Th¸ch thøc thêi gian (S¬ cÊp 4) 
468	1	1	1	1	1	1	1	1	1	1	1	1	1	1	1	1	Th¸ch thøc thêi gian (S¬ cÊp 5) 
469	1	1	1	1	1	1	1	1	1	1	1	1	1	1	1	1	Th¸ch thøc thêi gian (S¬ cÊp 6) 
470	1	1	1	1	1	1	1	1	1	1	1	1	1	1	1	1	Th¸ch thøc thêi gian (S¬ cÊp 7) 
471	1	1	1	1	1	1	1	1	1	1	1	1	1	1	1	1	Th¸ch thøc thêi gian (S¬ cÊp 8) 
472	1	1	1	1	1	1	1	1	1	1	1	1	1	1	1	1	Thö luyÖn tµi nghÖ (S¬ cÊp 1) 
473	1	1	1	1	1	1	1	1	1	1	1	1	1	1	1	1	Thö luyÖn tµi nghÖ (S¬ cÊp 2) 
474	1	1	1	1	1	1	1	1	1	1	1	1	1	1	1	1	Thö luyÖn tµi nghÖ (S¬ cÊp 3) 
475	1	1	1	1	1	1	1	1	1	1	1	1	1	1	1	1	Thö luyÖn tµi nghÖ (S¬ cÊp 4) 
476	1	1	1	1	1	1	1	1	1	1	1	1	1	1	1	1	Thö luyÖn tµi nghÖ (S¬ cÊp 5) 
477	1	1	1	1	1	1	1	1	1	1	1	1	1	1	1	1	Thö luyÖn tµi nghÖ (S¬ cÊp 6) 
478	1	1	1	1	1	1	1	1	1	1	1	1	1	1	1	1	Thö luyÖn tµi nghÖ (S¬ cÊp 7) 
479	1	1	1	1	1	1	1	1	1	1	1	1	1	1	1	1	Thö luyÖn tµi nghÖ (S¬ cÊp 8) 
480	1	1	1	1	1	1	1	1	1	1	1	1	1	1	1	1	Th¸ch thøc thêi gian (Cao cÊp 1) 
481	1	1	1	1	1	1	1	1	1	1	1	1	1	1	1	1	Th¸ch thøc thêi gian (Cao cÊp 2) 
482	1	1	1	1	1	1	1	1	1	1	1	1	1	1	1	1	Th¸ch thøc thêi gian (Cao cÊp 3) 
483	1	1	1	1	1	1	1	1	1	1	1	1	1	1	1	1	Th¸ch thøc thêi gian (Cao cÊp 4) 
484	1	1	1	1	1	1	1	1	1	1	1	1	1	1	1	1	Th¸ch thøc thêi gian (Cao cÊp 5) 
485	1	1	1	1	1	1	1	1	1	1	1	1	1	1	1	1	Th¸ch thøc thêi gian (Cao cÊp 6) 
486	1	1	1	1	1	1	1	1	1	1	1	1	1	1	1	1	Th¸ch thøc thêi gian (Cao cÊp 7) 
487	1	1	1	1	1	1	1	1	1	1	1	1	1	1	1	1	Th¸ch thøc thêi gian (Cao cÊp 8) 
488	1	1	1	1	1	1	1	1	1	1	1	1	1	1	1	1	Th¸ch thøc thêi gian (Cao cÊp 9) 
489	1	1	1	1	1	1	1	1	1	1	1	1	1	1	1	1	Th¸ch thøc thêi gian (Cao cÊp 10) 
490	1	1	1	1	1	1	1	1	1	1	1	1	1	1	1	1	Th¸ch thøc thêi gian (Cao cÊp 11) 
491	1	1	1	1	1	1	1	1	1	1	1	1	1	1	1	1	Th¸ch thøc thêi gian (Cao cÊp 12) 
492	1	1	1	1	1	1	1	1	1	1	1	1	1	1	1	1	Th¸ch thøc thêi gian (Cao cÊp 13) 
493	1	1	1	1	1	1	1	1	1	1	1	1	1	1	1	1	Th¸ch thøc thêi gian (Cao cÊp 14) 
494	1	1	1	1	1	1	1	1	1	1	1	1	1	1	1	1	Th¸ch thøc thêi gian (Cao cÊp 15) 
495	1	1	1	1	1	1	1	1	1	1	1	1	1	1	1	1	Th¸ch thøc thêi gian (Cao cÊp 16) 
496	1	1	1	1	1	1	1	1	1	1	1	1	1	1	1	1	Thö luyÖn tµi nghÖ (Cao cÊp 1) 
497	1	1	1	1	1	1	1	1	1	1	1	1	1	1	1	1	Thö luyÖn tµi nghÖ (Cao cÊp 2) 
498	1	1	1	1	1	1	1	1	1	1	1	1	1	1	1	1	Thö luyÖn tµi nghÖ (Cao cÊp 3) 
499	1	1	1	1	1	1	1	1	1	1	1	1	1	1	1	1	Thö luyÖn tµi nghÖ (Cao cÊp 4) 
500	1	1	1	1	1	1	1	1	1	1	1	1	1	1	1	1	Thö luyÖn tµi nghÖ (Cao cÊp 5) 
501	1	1	1	1	1	1	1	1	1	1	1	1	1	1	1	1	Thö luyÖn tµi nghÖ (Cao cÊp 6) 
502	1	1	1	1	1	1	1	1	1	1	1	1	1	1	1	1	Thö luyÖn tµi nghÖ (Cao cÊp 7) 
503	1	1	1	1	1	1	1	1	1	1	1	1	1	1	1	1	Thö luyÖn tµi nghÖ (Cao cÊp 8) 
504	1	1	1	1	1	1	1	1	1	1	1	1	1	1	1	1	Thö luyÖn tµi nghÖ (Cao cÊp 9) 
505	1	1	1	1	1	1	1	1	1	1	1	1	1	1	1	1	Thö luyÖn tµi nghÖ (Cao cÊp 10) 
506	1	1	1	1	1	1	1	1	1	1	1	1	1	1	1	1	Thö luyÖn tµi nghÖ (Cao cÊp 11) 
507	1	1	1	1	1	1	1	1	1	1	1	1	1	1	1	1	Thö luyÖn tµi nghÖ (Cao cÊp 12) 
508	1	1	1	1	1	1	1	1	1	1	1	1	1	1	1	1	Thö luyÖn tµi nghÖ (Cao cÊp 13) 
509	1	1	1	1	1	1	1	1	1	1	1	1	1	1	1	1	Thö luyÖn tµi nghÖ (Cao cÊp 14) 
510	1	1	1	1	1	1	1	1	1	1	1	1	1	1	1	1	Thö luyÖn tµi nghÖ (Cao cÊp 15) 
511	1	1	1	1	1	1	1	1	1	1	1	1	1	1	1	1	Thö luyÖn tµi nghÖ (Cao cÊp 16) 
512	1	1	1	1	1	1	1	1	1	1	1	1	1	1	1	1	V©n Trung §¹o
513	1	1	1	1	1	1	1	1	1	1	1	1	1	1	1	1	B¸ch Hoa Cèc
514	1	1	1	1	1	1	1	1	1	1	1	1	1	1	1	1	S¬n TÆc ®éng
515	1	1	1	1	1	1	1	1	1	1	1	1	1	1	1	1	Tö Hµ LÜnh
516	1	1	1	1	1	1	1	1	1	1	1	1	1	1	1	1	Thñ thµnh phe Tèng
517	1	1	1	1	1	1	1	1	1	1	1	1	1	1	1	1	Thñ thµnh phe Kim
518	1	1	1	1	1	1	1	1	1	1	1	1	1	1	1	1	B¸o danh thñ thµnh phe Tèng
519	1	1	1	1	1	1	1	1	1	1	1	1	1	1	1	1	B¸o danh thñ thµnh phe Kim
520	1	1	1	1	1	1	1	1	1	1	1	1	1	1	1	1	Minh NguyÖt trÊn (Ph­îng T­êng) 
521	1	1	1	1	1	1	1	1	1	1	1	1	1	1	1	1	Minh NguyÖt trÊn (Thµnh §«) 
522	1	1	1	1	1	1	1	1	1	1	1	1	1	1	1	1	Minh NguyÖt trÊn (BiÖn Kinh) 
523	1	1	1	1	1	1	1	1	1	1	1	1	1	1	1	1	Minh NguyÖt trÊn (T­¬ng D­¬ng) 
524	1	1	1	1	1	1	1	1	1	1	1	1	1	1	1	1	Minh NguyÖt trÊn (D­¬ng Ch©u) 
525	1	1	1	1	1	1	1	1	1	1	1	1	1	1	1	1	Minh NguyÖt trÊn (§¹i Lý) 
526	1	1	1	1	1	1	1	1	1	1	1	1	1	1	1	1	Minh NguyÖt trÊn (L©m An) 
527	1	1	1	1	1	1	1	1	1	1	1	1	1	1	1	1	Khu vùc liªn ®Êu (1) 
528	1	1	1	1	1	1	1	1	1	1	1	1	1	1	1	1	Khu vùc liªn ®Êu (2) 
529	1	1	1	1	1	1	1	1	1	1	1	1	1	1	1	1	Khu vùc liªn ®Êu kiÖt xuÊt (1) 
530	1	1	1	1	1	1	1	1	1	1	1	1	1	1	1	1	Khu vùc liªn ®Êu kiÖt xuÊt (2) 
531	1	1	1	1	1	1	1	1	1	1	1	1	1	1	1	1	ChuÈn bÞ liªn ®Êu (1) 
532	1	1	1	1	1	1	1	1	1	1	1	1	1	1	1	1	ChuÈn bÞ liªn ®Êu (2) 
533	1	1	1	1	1	1	1	1	1	1	1	1	1	1	1	1	ChuÈn bÞ liªn ®Êu kiÖt xuÊt (1) 
534	1	1	1	1	1	1	1	1	1	1	1	1	1	1	1	1	ChuÈn bÞ liªn ®Êu kiÖt xuÊt (2) 
535	1	1	1	1	1	1	1	1	1	1	1	1	1	1	1	1	§Êu tr­êng liªn ®Êu (1) 
536	1	1	1	1	1	1	1	1	1	1	1	1	1	1	1	1	§Êu tr­êng liªn ®Êu (2) 
537	1	1	1	1	1	1	1	1	1	1	1	1	1	1	1	1	§Êu tr­êng liªn ®Êu kiÖt xuÊt (1) 
538	1	1	1	1	1	1	1	1	1	1	1	1	1	1	1	1	§Êu tr­êng liªn ®Êu kiÖt xuÊt (2) 
539	1	1	1	1	1	1	1	1	1	1	1	1	1	1	1	1	Tr­êng Ca M«n cÊm ®Þa
540	1	1	1	1	1	1	1	1	1	1	1	1	1	1	1	1	Héi tr­êng liªn ®Êu (1)
541	1	1	1	1	1	1	1	1	1	1	1	1	1	1	1	1	§Êu tr­êng liªn ®Êu (1)
542	1	1	1	1	1	1	1	1	1	1	1	1	1	1	1	1	Héi tr­êng liªn ®Êu (2)
543	1	1	1	1	1	1	1	1	1	1	1	1	1	1	1	1	§Êu tr­êng liªn ®Êu (2)
544	1	1	1	1	1	1	1	1	1	1	1	1	1	1	1	1	Héi tr­êng liªn ®Êu (3)
545	1	1	1	1	1	1	1	1	1	1	1	1	1	1	1	1	§Êu tr­êng liªn ®Êu (3)
546	1	1	1	1	1	1	1	1	1	1	1	1	1	1	1	1	Héi tr­êng liªn ®Êu (4)
547	1	1	1	1	1	1	1	1	1	1	1	1	1	1	1	1	§Êu tr­êng liªn ®Êu (4)
548	1	1	1	1	1	1	1	1	1	1	1	1	1	1	1	1	Héi tr­êng liªn ®Êu (5)
549	1	1	1	1	1	1	1	1	1	1	1	1	1	1	1	1	§Êu tr­êng liªn ®Êu (5)
550	1	1	1	1	1	1	1	1	1	1	1	1	1	1	1	1	Héi tr­êng liªn ®Êu (6)
551	1	1	1	1	1	1	1	1	1	1	1	1	1	1	1	1	§Êu tr­êng liªn ®Êu (6)
552	1	1	1	1	1	1	1	1	1	1	1	1	1	1	1	1	Héi tr­êng liªn ®Êu (7)
553	1	1	1	1	1	1	1	1	1	1	1	1	1	1	1	1	§Êu tr­êng liªn ®Êu (7)
554	1	1	1	1	1	1	1	1	1	1	1	1	1	1	1	1	Héi tr­êng liªn ®Êu (8)
555	1	1	1	1	1	1	1	1	1	1	1	1	1	1	1	1	§Êu tr­êng liªn ®Êu (8)
556	1	1	1	1	1	1	1	1	1	1	1	1	1	1	1	1	Héi tr­êng liªn ®Êu (9)
557	1	1	1	1	1	1	1	1	1	1	1	1	1	1	1	1	§Êu tr­êng liªn ®Êu (9)
558	1	1	1	1	1	1	1	1	1	1	1	1	1	1	1	1	Héi tr­êng liªn ®Êu (10)
559	1	1	1	1	1	1	1	1	1	1	1	1	1	1	1	1	§Êu tr­êng liªn ®Êu (10)
560	1	1	1	1	1	1	1	1	1	1	1	1	1	1	1	1	HËu tr­êng liªn ®Êu KiÖt xuÊt (1)
561	1	1	1	1	1	1	1	1	1	1	1	1	1	1	1	1	HËu tr­êng liªn ®Êu KiÖt xuÊt (2)
562	1	1	1	1	1	1	1	1	1	1	1	1	1	1	1	1	HËu tr­êng liªn ®Êu KiÖt xuÊt (3)
563	1	1	1	1	1	1	1	1	1	1	1	1	1	1	1	1	HËu tr­êng liªn ®Êu KiÖt xuÊt (4)
564	1	1	1	1	1	1	1	1	1	1	1	1	1	1	1	1	HËu tr­êng liªn ®Êu KiÖt xuÊt (5)
565	1	1	1	1	1	1	1	1	1	1	1	1	1	1	1	1	HËu tr­êng liªn ®Êu KiÖt xuÊt (6)
566	1	1	1	1	1	1	1	1	1	1	1	1	1	1	1	1	HËu tr­êng liªn ®Êu KiÖt xuÊt (7)
567	1	1	1	1	1	1	1	1	1	1	1	1	1	1	1	1	HËu tr­êng liªn ®Êu KiÖt xuÊt (8)
568	1	1	1	1	1	1	1	1	1	1	1	1	1	1	1	1	HËu tr­êng liªn ®Êu KiÖt xuÊt (9)
569	1	1	1	1	1	1	1	1	1	1	1	1	1	1	1	1	HËu tr­êng liªn ®Êu KiÖt xuÊt (10)
570	1	1	1	1	1	1	1	1	1	1	1	1	1	1	1	1	HËu tr­êng liªn ®Êu (1)
571	1	1	1	1	1	1	1	1	1	1	1	1	1	1	1	1	HËu tr­êng liªn ®Êu (2)
572	1	1	1	1	1	1	1	1	1	1	1	1	1	1	1	1	HËu tr­êng liªn ®Êu (3)
573	1	1	1	1	1	1	1	1	1	1	1	1	1	1	1	1	HËu tr­êng liªn ®Êu (4)
574	1	1	1	1	1	1	1	1	1	1	1	1	1	1	1	1	HËu tr­êng liªn ®Êu (5)
575	1	1	1	1	1	1	1	1	1	1	1	1	1	1	1	1	HËu tr­êng liªn ®Êu (6)
576	1	1	1	1	1	1	1	1	1	1	1	1	1	1	1	1	HËu tr­êng liªn ®Êu (7)
577	1	1	1	1	1	1	1	1	1	1	1	1	1	1	1	1	HËu tr­êng liªn ®Êu (8)
578	1	1	1	1	1	1	1	1	1	1	1	1	1	1	1	1	HËu tr­êng liªn ®Êu (9)
579	1	1	1	1	1	1	1	1	1	1	1	1	1	1	1	1	HËu tr­êng liªn ®Êu (10)
580	1	1	1	1	1	1	1	1	1	1	1	1	1	1	1	1	ChiÕn tr­êng phe Tèng
581	1	1	1	1	1	1	1	1	1	1	1	1	1	1	1	1	ChiÕn tr­êng phe Kim
582	1	1	1	1	1	1	1	1	1	1	1	1	1	1	1	1	Khu vùc chuÈn bÞ
583	1	1	1	1	1	1	1	1	1	1	1	1	1	1	1	1	Hang Gi¸ng Sinh
584	1	1	1	1	1	1	1	1	1	1	1	1	1	1	1	1	N¬i chuÈn bÞ nh÷ng ho¹t ®éng dÞp xu©n
585	1	1	1	1	1	1	1	1	1	1	1	1	1	1	1	1	Khu vùc ho¹t ®éng dÞp xu©n
586	1	1	1	1	1	1	1	1	1	1	1	1	1	1	1	1	Khu vùc bang héi chung 1
587	1	1	1	1	1	1	1	1	1	1	1	1	1	1	1	1	Khu vùc bang héi S¬n Thµnh
588	1	1	1	1	1	1	1	1	1	1	1	1	1	1	1	1	Khu vùc bang héi Miªu C­¬ng
589	1	1	1	1	1	1	1	1	1	1	1	1	1	1	1	1	Khu vùc bang héi Sa M¹c
590	1	1	1	1	1	1	1	1	1	1	1	1	1	1	1	1	Khu vùc bang héi Kinh S­
591	1	1	1	1	1	1	1	1	1	1	1	1	1	1	1	1	Khu vùc bang héi Biªn Tr¹i
593	1	1	1	1	1	1	1	1	1	1	1	1	1	1	1	1	Khu vùc bang héi Giang Nam
594	1	1	1	1	1	1	1	1	1	1	1	1	1	1	1	1	Khu vùc bang héi TuyÕt L·nh
595	1	1	1	1	1	1	1	1	1	1	1	1	1	1	1	1	Khu vùc bang héi chung 2
596	1	1	1	1	1	1	1	1	1	1	1	1	1	1	1	1	Khu vùc bang héi chung 3
597	1	1	1	1	1	1	1	1	1	1	1	1	1	1	1	1	Khu vùc bang héi chung 4
605	1	1	1	1	1	1	1	1	1	1	1	1	1	1	1	1	Vâ L©m §Ö NhÊt Bang
606	1	1	1	1	1	1	1	1	1	1	1	1	1	1	1	1	Vâ L©m §Ö NhÊt Bang
607	1	1	1	1	1	1	1	1	1	1	1	1	1	1	1	1	Vâ L©m §Ö NhÊt Bang
608	1	1	1	1	1	1	1	1	1	1	1	1	1	1	1	1	Khu vùc chuÈn bÞ
609	1	1	1	1	1	1	1	1	1	1	1	1	1	1	1	1	Khu vùc chuÈn bÞ
610	1	1	1	1	1	1	1	1	1	1	1	1	1	1	1	1	Khu vùc chuÈn bÞ
611	1	1	1	1	1	1	1	1	1	1	1	1	1	1	1	1	Khu vùc chuÈn bÞ
612	1	1	1	1	1	1	1	1	1	1	1	1	1	1	1	1	Khu vùc chuÈn bÞ
613	1	1	1	1	1	1	1	1	1	1	1	1	1	1	1	1	Khu vùc chuÈn bÞ
614	1	1	1	1	1	1	1	1	1	1	1	1	1	1	1	1	Khu vùc (1)
615	1	1	1	1	1	1	1	1	1	1	1	1	1	1	1	1	Khu vùc (2)
616	1	1	1	1	1	1	1	1	1	1	1	1	1	1	1	1	Khu vùc (3)
617	1	1	1	1	1	1	1	1	1	1	1	1	1	1	1	1	Khu vùc (4)
618	1	1	1	1	1	1	1	1	1	1	1	1	1	1	1	1	Khu vùc (5)
619	1	1	1	1	1	1	1	1	1	1	1	1	1	1	1	1	Khu vùc (6)
620	1	1	1	1	1	1	1	1	1	1	1	1	1	1	1	1	Khu vùc (7)
621	1	1	1	1	1	1	1	1	1	1	1	1	1	1	1	1	Khu vùc (8)
622	1	1	1	1	1	1	1	1	1	1	1	1	1	1	1	1	Khu vùc (9)
623	1	1	1	1	1	1	1	1	1	1	1	1	1	1	1	1	Khu vùc (10)
624	1	1	1	1	1	1	1	1	1	1	1	1	1	1	1	1	Khu vùc (11)
625	1	1	1	1	1	1	1	1	1	1	1	1	1	1	1	1	Khu vùc (12)
626	1	1	1	1	1	1	1	1	1	1	1	1	1	1	1	1	Khu vùc (13)
627	1	1	1	1	1	1	1	1	1	1	1	1	1	1	1	1	Khu vùc (14)
628	1	1	1	1	1	1	1	1	1	1	1	1	1	1	1	1	Khu vùc (15)
629	1	1	1	1	1	1	1	1	1	1	1	1	1	1	1	1	Khu vùc (16)
630	1	1	1	1	1	1	1	1	1	1	1	1	1	1	1	1	Khu vùc (17)
631	1	1	1	1	1	1	1	1	1	1	1	1	1	1	1	1	Khu vùc (18)
632	1	1	1	1	1	1	1	1	1	1	1	1	1	1	1	1	Khu vùc (19)
633	1	1	1	1	1	1	1	1	1	1	1	1	1	1	1	1	Khu vùc (20)
634	1	1	1	1	1	1	1	1	1	1	1	1	1	1	1	1	Khu vùc (21)
635	1	1	1	1	1	1	1	1	1	1	1	1	1	1	1	1	Khu vùc (22)
636	1	1	1	1	1	1	1	1	1	1	1	1	1	1	1	1	Khu vùc (23)
637	1	1	1	1	1	1	1	1	1	1	1	1	1	1	1	1	Khu vùc (24)
638	1	1	1	1	1	1	1	1	1	1	1	1	1	1	1	1	Khu vùc (25)
639	1	1	1	1	1	1	1	1	1	1	1	1	1	1	1	1	Khu vùc (26)
640	1	1	1	1	1	1	1	1	1	1	1	1	1	1	1	1	Khu vùc (27)
641	1	1	1	1	1	1	1	1	1	1	1	1	1	1	1	1	Khu vùc (28)
642	1	1	1	1	1	1	1	1	1	1	1	1	1	1	1	1	Khu vùc (29)
643	1	1	1	1	1	1	1	1	1	1	1	1	1	1	1	1	Khu vùc (30)
644	1	1	1	1	1	1	1	1	1	1	1	1	1	1	1	1	Khu vùc (31)
645	1	1	1	1	1	1	1	1	1	1	1	1	1	1	1	1	Khu vùc (32)
646	1	1	1	1	1	1	1	1	1	1	1	1	1	1	1	1	Khu vùc (33)
647	1	1	1	1	1	1	1	1	1	1	1	1	1	1	1	1	Khu vùc (34)
648	1	1	1	1	1	1	1	1	1	1	1	1	1	1	1	1	Khu vùc (35)
649	1	1	1	1	1	1	1	1	1	1	1	1	1	1	1	1	Khu vùc (36)
650	1	1	1	1	1	1	1	1	1	1	1	1	1	1	1	1	Khu vùc (37)
651	1	1	1	1	1	1	1	1	1	1	1	1	1	1	1	1	Quan s¸t tr­êng (1)
652	1	1	1	1	1	1	1	1	1	1	1	1	1	1	1	1	Quan s¸t tr­êng (2)
653	1	1	1	1	1	1	1	1	1	1	1	1	1	1	1	1	Quan s¸t tr­êng (3)
654	1	1	1	1	1	1	1	1	1	1	1	1	1	1	1	1	Quan s¸t tr­êng (4)
655	1	1	1	1	1	1	1	1	1	1	1	1	1	1	1	1	Quan s¸t tr­êng (5)
656	1	1	1	1	1	1	1	1	1	1	1	1	1	1	1	1	Quan s¸t tr­êng (6)
657	1	1	1	1	1	1	1	1	1	1	1	1	1	1	1	1	Quan s¸t tr­êng (7)
658	1	1	1	1	1	1	1	1	1	1	1	1	1	1	1	1	Quan s¸t tr­êng (8)
659	1	1	1	1	1	1	1	1	1	1	1	1	1	1	1	1	Quan s¸t tr­êng (9)
660	1	1	1	1	1	1	1	1	1	1	1	1	1	1	1	1	Quan s¸t tr­êng (10)
661	1	1	1	1	1	1	1	1	1	1	1	1	1	1	1	1	Héi tr­êng vâ l©m ®¹i héi (1)
662	1	1	1	1	1	1	1	1	1	1	1	1	1	1	1	1	Héi tr­êng vâ l©m ®¹i héi (2)
663	1	1	1	1	1	1	1	1	1	1	1	1	1	1	1	1	Héi tr­êng vâ l©m ®¹i héi (3)
664	1	1	1	1	1	1	1	1	1	1	1	1	1	1	1	1	Héi tr­êng vâ l©m ®¹i héi (4)
665	1	1	1	1	1	1	1	1	1	1	1	1	1	1	1	1	Héi tr­êng vâ l©m ®¹i héi (5)
666	1	1	1	1	1	1	1	1	1	1	1	1	1	1	1	1	Héi tr­êng vâ l©m ®¹i héi (6)
667	1	1	1	1	1	1	1	1	1	1	1	1	1	1	1	1	Héi tr­êng vâ l©m ®¹i héi (7)
668	1	1	1	1	1	1	1	1	1	1	1	1	1	1	1	1	Héi tr­êng vâ l©m ®¹i héi (8)
669	1	1	1	1	1	1	1	1	1	1	1	1	1	1	1	1	Héi tr­êng vâ l©m ®¹i héi (9)
670	1	1	1	1	1	1	1	1	1	1	1	1	1	1	1	1	Héi tr­êng vâ l©m ®¹i héi (10)
671	1	1	1	1	1	1	1	1	1	1	1	1	1	1	1	1	Héi tr­êng vâ l©m ®¹i héi (11)
672	1	1	1	1	1	1	1	1	1	1	1	1	1	1	1	1	Héi tr­êng vâ l©m ®¹i héi (12)
673	1	1	1	1	1	1	1	1	1	1	1	1	1	1	1	1	Khu vùc chuÈn bÞ (1)
674	1	1	1	1	1	1	1	1	1	1	1	1	1	1	1	1	Khu vùc chuÈn bÞ (2)
675	1	1	1	1	1	1	1	1	1	1	1	1	1	1	1	1	Khu vùc chuÈn bÞ (3)
676	1	1	1	1	1	1	1	1	1	1	1	1	1	1	1	1	Khu vùc chuÈn bÞ (4)
677	1	1	1	1	1	1	1	1	1	1	1	1	1	1	1	1	Khu vùc chuÈn bÞ (5)
678	1	1	1	1	1	1	1	1	1	1	1	1	1	1	1	1	Khu vùc chuÈn bÞ (6)
679	1	1	1	1	1	1	1	1	1	1	1	1	1	1	1	1	Khu vùc chuÈn bÞ (7)
680	1	1	1	1	1	1	1	1	1	1	1	1	1	1	1	1	Khu vùc chuÈn bÞ (8)
681	1	1	1	1	1	1	1	1	1	1	1	1	1	1	1	1	Khu vùc chuÈn bÞ (9)
682	1	1	1	1	1	1	1	1	1	1	1	1	1	1	1	1	Khu vùc chuÈn bÞ (10)
683	1	1	1	1	1	1	1	1	1	1	1	1	1	1	1	1	Khu vùc chuÈn bÞ (11)
684	1	1	1	1	1	1	1	1	1	1	1	1	1	1	1	1	Khu vùc chuÈn bÞ (12)
685	1	1	1	1	1	1	1	1	1	1	1	1	1	1	1	1	§Êu tr­êng (1)
686	1	1	1	1	1	1	1	1	1	1	1	1	1	1	1	1	§Êu tr­êng (2)
687	1	1	1	1	1	1	1	1	1	1	1	1	1	1	1	1	§Êu tr­êng (3)
688	1	1	1	1	1	1	1	1	1	1	1	1	1	1	1	1	§Êu tr­êng (4)
689	1	1	1	1	1	1	1	1	1	1	1	1	1	1	1	1	§Êu tr­êng (5)
690	1	1	1	1	1	1	1	1	1	1	1	1	1	1	1	1	§Êu tr­êng (6)
691	1	1	1	1	1	1	1	1	1	1	1	1	1	1	1	1	§Êu tr­êng (7)
692	1	1	1	1	1	1	1	1	1	1	1	1	1	1	1	1	§Êu tr­êng (8)
693	1	1	1	1	1	1	1	1	1	1	1	1	1	1	1	1	§Êu tr­êng (9)
694	1	1	1	1	1	1	1	1	1	1	1	1	1	1	1	1	§Êu tr­êng (10)
695	1	1	1	1	1	1	1	1	1	1	1	1	1	1	1	1	§Êu tr­êng (11)
696	1	1	1	1	1	1	1	1	1	1	1	1	1	1	1	1	§Êu tr­êng (12)
697	1	1	1	1	1	1	1	1	1	1	1	1	1	1	1	1	§Êu tr­êng (13)
698	1	1	1	1	1	1	1	1	1	1	1	1	1	1	1	1	§Êu tr­êng (14)
699	1	1	1	1	1	1	1	1	1	1	1	1	1	1	1	1	§Êu tr­êng (15)
700	1	1	1	1	1	1	1	1	1	1	1	1	1	1	1	1	§Êu tr­êng (16)
701	1	1	1	1	1	1	1	1	1	1	1	1	1	1	1	1	§Êu tr­êng (17)
702	1	1	1	1	1	1	1	1	1	1	1	1	1	1	1	1	§Êu tr­êng (18)
703	1	1	1	1	1	1	1	1	1	1	1	1	1	1	1	1	§Êu tr­êng (19)
704	1	1	1	1	1	1	1	1	1	1	1	1	1	1	1	1	§Êu tr­êng (20)
705	1	1	1	1	1	1	1	1	1	1	1	1	1	1	1	1	§Êu tr­êng (21)
706	1	1	1	1	1	1	1	1	1	1	1	1	1	1	1	1	§Êu tr­êng (22)
707	1	1	1	1	1	1	1	1	1	1	1	1	1	1	1	1	§Êu tr­êng (23)
708	1	1	1	1	1	1	1	1	1	1	1	1	1	1	1	1	§Êu tr­êng (24)
709	1	1	1	1	1	1	1	1	1	1	1	1	1	1	1	1	Khu vùc thi ®Êu (1)
710	1	1	1	1	1	1	1	1	1	1	1	1	1	1	1	1	Khu vùc thi ®Êu (2)
711	1	1	1	1	1	1	1	1	1	1	1	1	1	1	1	1	Khu vùc thi ®Êu (3)
712	1	1	1	1	1	1	1	1	1	1	1	1	1	1	1	1	Khu vùc thi ®Êu (4)
713	1	1	1	1	1	1	1	1	1	1	1	1	1	1	1	1	Khu vùc thi ®Êu (5)
714	1	1	1	1	1	1	1	1	1	1	1	1	1	1	1	1	Khu vùc thi ®Êu (6)
715	1	1	1	1	1	1	1	1	1	1	1	1	1	1	1	1	Khu vùc thi ®Êu (7)
716	1	1	1	1	1	1	1	1	1	1	1	1	1	1	1	1	Khu vùc thi ®Êu (8)
717	1	1	1	1	1	1	1	1	1	1	1	1	1	1	1	1	Khu vùc thi ®Êu (9)
718	1	1	1	1	1	1	1	1	1	1	1	1	1	1	1	1	Khu vùc thi ®Êu (10)
719	1	1	1	1	1	1	1	1	1	1	1	1	1	1	1	1	Khu vùc thi ®Êu (11)
720	1	1	1	1	1	1	1	1	1	1	1	1	1	1	1	1	Khu vùc thi ®Êu (12)
721	1	1	1	1	1	1	1	1	1	1	1	1	1	1	1	1	Khu vùc thi ®Êu (13)
722	1	1	1	1	1	1	1	1	1	1	1	1	1	1	1	1	Khu vùc thi ®Êu (14)
723	1	1	1	1	1	1	1	1	1	1	1	1	1	1	1	1	Khu vùc thi ®Êu (15)
724	1	1	1	1	1	1	1	1	1	1	1	1	1	1	1	1	Khu vùc thi ®Êu (16)
725	1	1	1	1	1	1	1	1	1	1	1	1	1	1	1	1	Khu vùc thi ®Êu (17)
726	1	1	1	1	1	1	1	1	1	1	1	1	1	1	1	1	Khu vùc thi ®Êu (18)
727	1	1	1	1	1	1	1	1	1	1	1	1	1	1	1	1	Khu vùc thi ®Êu (19)
728	1	1	1	1	1	1	1	1	1	1	1	1	1	1	1	1	Khu vùc thi ®Êu (20)
729	1	1	1	1	1	1	1	1	1	1	1	1	1	1	1	1	Khu vùc thi ®Êu (21)
730	1	1	1	1	1	1	1	1	1	1	1	1	1	1	1	1	Khu vùc thi ®Êu (22)
731	1	1	1	1	1	1	1	1	1	1	1	1	1	1	1	1	Khu vùc thi ®Êu (23)
732	1	1	1	1	1	1	1	1	1	1	1	1	1	1	1	1	Khu vùc thi ®Êu (24)
733	1	1	1	1	1	1	1	1	1	1	1	1	1	1	1	1	Khu vùc thi ®Êu (25)
734	1	1	1	1	1	1	1	1	1	1	1	1	1	1	1	1	Khu vùc thi ®Êu (26)
735	1	1	1	1	1	1	1	1	1	1	1	1	1	1	1	1	Khu vùc thi ®Êu (27)
736	1	1	1	1	1	1	1	1	1	1	1	1	1	1	1	1	Khu vùc thi ®Êu (28)
737	1	1	1	1	1	1	1	1	1	1	1	1	1	1	1	1	Khu vùc thi ®Êu (29)
738	1	1	1	1	1	1	1	1	1	1	1	1	1	1	1	1	Khu vùc thi ®Êu (30)
739	1	1	1	1	1	1	1	1	1	1	1	1	1	1	1	1	Khu vùc thi ®Êu (31)
740	1	1	1	1	1	1	1	1	1	1	1	1	1	1	1	1	Khu vùc thi ®Êu (32)
741	1	1	1	1	1	1	1	1	1	1	1	1	1	1	1	1	Khu vùc thi ®Êu (33)
742	1	1	1	1	1	1	1	1	1	1	1	1	1	1	1	1	Khu vùc thi ®Êu (34)
743	1	1	1	1	1	1	1	1	1	1	1	1	1	1	1	1	Khu vùc thi ®Êu (35)
744	1	1	1	1	1	1	1	1	1	1	1	1	1	1	1	1	Khu vùc thi ®Êu (36)
745	1	1	1	1	1	1	1	1	1	1	1	1	1	1	1	1	Khu vùc thi ®Êu (37)
746	1	1	1	1	1	1	1	1	1	1	1	1	1	1	1	1	Khu vùc thi ®Êu (38)
747	1	1	1	1	1	1	1	1	1	1	1	1	1	1	1	1	Khu vùc thi ®Êu (39)
748	1	1	1	1	1	1	1	1	1	1	1	1	1	1	1	1	Khu vùc thi ®Êu (40)
749	1	1	1	1	1	1	1	1	1	1	1	1	1	1	1	1	Khu vùc thi ®Êu (41)
750	1	1	1	1	1	1	1	1	1	1	1	1	1	1	1	1	Khu vùc thi ®Êu (42)
751	1	1	1	1	1	1	1	1	1	1	1	1	1	1	1	1	Khu vùc thi ®Êu (43)
752	1	1	1	1	1	1	1	1	1	1	1	1	1	1	1	1	Khu vùc thi ®Êu (44)
753	1	1	1	1	1	1	1	1	1	1	1	1	1	1	1	1	Khu vùc thi ®Êu (45)
754	1	1	1	1	1	1	1	1	1	1	1	1	1	1	1	1	Khu vùc thi ®Êu (46)
755	1	1	1	1	1	1	1	1	1	1	1	1	1	1	1	1	Khu vùc thi ®Êu (47)
756	1	1	1	1	1	1	1	1	1	1	1	1	1	1	1	1	Khu vùc thi ®Êu (48)
757	1	1	1	1	1	1	1	1	1	1	1	1	1	1	1	1	Khu vùc thi ®Êu (49)
758	1	1	1	1	1	1	1	1	1	1	1	1	1	1	1	1	Khu vùc thi ®Êu (50)
759	1	1	1	1	1	1	1	1	1	1	1	1	1	1	1	1	Khu vùc thi ®Êu (51)
760	1	1	1	1	1	1	1	1	1	1	1	1	1	1	1	1	Khu vùc thi ®Êu (52)
761	1	1	1	1	1	1	1	1	1	1	1	1	1	1	1	1	Khu vùc thi ®Êu (53)
762	1	1	1	1	1	1	1	1	1	1	1	1	1	1	1	1	Khu vùc thi ®Êu (54)
763	1	1	1	1	1	1	1	1	1	1	1	1	1	1	1	1	Khu vùc thi ®Êu (55)
764	1	1	1	1	1	1	1	1	1	1	1	1	1	1	1	1	Khu vùc thi ®Êu (56)
765	1	1	1	1	1	1	1	1	1	1	1	1	1	1	1	1	Khu vùc thi ®Êu (57)
766	1	1	1	1	1	1	1	1	1	1	1	1	1	1	1	1	Khu vùc thi ®Êu (58)
767	1	1	1	1	1	1	1	1	1	1	1	1	1	1	1	1	Khu vùc thi ®Êu (59)
768	1	1	1	1	1	1	1	1	1	1	1	1	1	1	1	1	Khu vùc thi ®Êu (60)
769	1	1	1	1	1	1	1	1	1	1	1	1	1	1	1	1	Khu vùc thi ®Êu (61)
770	1	1	1	1	1	1	1	1	1	1	1	1	1	1	1	1	Khu vùc thi ®Êu (62)
771	1	1	1	1	1	1	1	1	1	1	1	1	1	1	1	1	Khu vùc thi ®Êu (63)
772	1	1	1	1	1	1	1	1	1	1	1	1	1	1	1	1	Khu vùc thi ®Êu (64)
773	1	1	1	1	1	1	1	1	1	1	1	1	1	1	1	1	Khu vùc thi ®Êu (65)
774	1	1	1	1	1	1	1	1	1	1	1	1	1	1	1	1	Khu vùc thi ®Êu (66)
775	1	1	1	1	1	1	1	1	1	1	1	1	1	1	1	1	Khu vùc thi ®Êu (67)
776	1	1	1	1	1	1	1	1	1	1	1	1	1	1	1	1	Khu vùc thi ®Êu (68)
777	1	1	1	1	1	1	1	1	1	1	1	1	1	1	1	1	Khu vùc thi ®Êu (69)
778	1	1	1	1	1	1	1	1	1	1	1	1	1	1	1	1	Khu vùc thi ®Êu (70)
779	1	1	1	1	1	1	1	1	1	1	1	1	1	1	1	1	Khu vùc thi ®Êu (71)
780	1	1	1	1	1	1	1	1	1	1	1	1	1	1	1	1	Khu vùc thi ®Êu (72)
781	1	1	1	1	1	1	1	1	1	1	1	1	1	1	1	1	Khu vùc thi ®Êu (73)
782	1	1	1	1	1	1	1	1	1	1	1	1	1	1	1	1	Khu vùc thi ®Êu (74)
783	1	1	1	1	1	1	1	1	1	1	1	1	1	1	1	1	Khu vùc thi ®Êu (75)
784	1	1	1	1	1	1	1	1	1	1	1	1	1	1	1	1	Khu vùc thi ®Êu (76)
785	1	1	1	1	1	1	1	1	1	1	1	1	1	1	1	1	Khu vùc thi ®Êu (77)
786	1	1	1	1	1	1	1	1	1	1	1	1	1	1	1	1	Khu vùc thi ®Êu (78)
787	1	1	1	1	1	1	1	1	1	1	1	1	1	1	1	1	Khu vùc thi ®Êu (79)
788	1	1	1	1	1	1	1	1	1	1	1	1	1	1	1	1	Khu vùc thi ®Êu (80)
789	1	1	1	1	1	1	1	1	1	1	1	1	1	1	1	1	Khu vùc thi ®Êu (81)
790	1	1	1	1	1	1	1	1	1	1	1	1	1	1	1	1	Khu vùc thi ®Êu (82)
791	1	1	1	1	1	1	1	1	1	1	1	1	1	1	1	1	Khu vùc thi ®Êu (83)
792	1	1	1	1	1	1	1	1	1	1	1	1	1	1	1	1	Khu vùc thi ®Êu (84)
793	1	1	1	1	1	1	1	1	1	1	1	1	1	1	1	1	Khu vùc thi ®Êu (85)
794	1	1	1	1	1	1	1	1	1	1	1	1	1	1	1	1	Khu vùc thi ®Êu (86)
795	1	1	1	1	1	1	1	1	1	1	1	1	1	1	1	1	Khu vùc thi ®Êu (87)
796	1	1	1	1	1	1	1	1	1	1	1	1	1	1	1	1	Khu vùc thi ®Êu (88)
797	1	1	1	1	1	1	1	1	1	1	1	1	1	1	1	1	Khu vùc thi ®Êu (89)
798	1	1	1	1	1	1	1	1	1	1	1	1	1	1	1	1	Khu vùc thi ®Êu (90)
799	1	1	1	1	1	1	1	1	1	1	1	1	1	1	1	1	Khu vùc thi ®Êu (91)
800	1	1	1	1	1	1	1	1	1	1	1	1	1	1	1	1	Khu vùc thi ®Êu (92)
801	1	1	1	1	1	1	1	1	1	1	1	1	1	1	1	1	Khu vùc thi ®Êu (93)
802	1	1	1	1	1	1	1	1	1	1	1	1	1	1	1	1	Khu vùc thi ®Êu (94)
803	1	1	1	1	1	1	1	1	1	1	1	1	1	1	1	1	§¹i ®Êu tr­êng (1)
804	1	1	1	1	1	1	1	1	1	1	1	1	1	1	1	1	§¹i ®Êu tr­êng (2)
805	1	1	1	1	1	1	1	1	1	1	1	1	1	1	1	1	§¹i ®Êu tr­êng (3)
806	1	1	1	1	1	1	1	1	1	1	1	1	1	1	1	1	§¹i ®Êu tr­êng (4)
807	1	1	1	1	1	1	1	1	1	1	1	1	1	1	1	1	§¹i ®Êu tr­êng (5)
808	1	1	1	1	1	1	1	1	1	1	1	1	1	1	1	1	§¹i ®Êu tr­êng (6)
809	1	1	1	1	1	1	1	1	1	1	1	1	1	1	1	1	§¹i ®Êu tr­êng (7)
810	1	1	1	1	1	1	1	1	1	1	1	1	1	1	1	1	§¹i ®Êu tr­êng (8)
811	1	1	1	1	1	1	1	1	1	1	1	1	1	1	1	1	§¹i ®Êu tr­êng (9)
812	1	1	1	1	1	1	1	1	1	1	1	1	1	1	1	1	§¹i ®Êu tr­êng (10)
813	1	1	1	1	1	1	1	1	1	1	1	1	1	1	1	1	§¹i ®Êu tr­êng (11)
814	1	1	1	1	1	1	1	1	1	1	1	1	1	1	1	1	§¹i ®Êu tr­êng (12)
815	1	1	1	1	1	1	1	1	1	1	1	1	1	1	1	1	§¹i ®Êu tr­êng (13)
816	1	1	1	1	1	1	1	1	1	1	1	1	1	1	1	1	§¹i ®Êu tr­êng (14)
817	1	1	1	1	1	1	1	1	1	1	1	1	1	1	1	1	§¹i ®Êu tr­êng (15)
818	1	1	1	1	1	1	1	1	1	1	1	1	1	1	1	1	§¹i ®Êu tr­êng (16)
819	1	1	1	1	1	1	1	1	1	1	1	1	1	1	1	1	§¹i ®Êu tr­êng (17)
820	1	1	1	1	1	1	1	1	1	1	1	1	1	1	1	1	§¹i ®Êu tr­êng (18)
821	1	1	1	1	1	1	1	1	1	1	1	1	1	1	1	1	Khu vùc chuÈn bÞ chiªu mé ®Ö tö
822	1	1	1	1	1	1	1	1	1	1	1	1	1	1	1	1	Khu vùc chiªu mé ®Ö tö
823	1	1	1	1	1	1	1	1	1	1	1	1	1	1	1	1	Khu vùc chuÈn bÞ ®¸nh qu¸i thó
824	1	1	1	1	1	1	1	1	1	1	1	1	1	1	1	1	Khu vùc ®¸nh qu¸i thó
825	1	1	1	1	1	1	1	1	1	1	1	1	1	1	1	1	Khu vùc chuÈn bÞ - TÕt §oan Ngä
826	1	1	1	1	1	1	1	1	1	1	1	1	1	1	1	1	Khu vùc TÕt §oan Ngä
827	1	1	1	1	1	1	1	1	1	1	1	1	1	1	1	1	Khu vùc chuÈn bÞ - Thu thËp vËt phÈm
828	1	1	1	1	1	1	1	1	1	1	1	1	1	1	1	1	Khu vùc thu thËp vËt phÈm
829	1	1	1	1	1	1	1	1	1	1	1	1	1	1	1	1	Tr­êng Ca M«n cÊm ®Þa
830	1	1	1	1	1	1	1	1	1	1	1	1	1	1	1	1	Tr­êng Ca M«n cÊm ®Þa
831	1	1	1	1	1	1	1	1	1	1	1	1	1	1	1	1	Tr­êng Ca M«n cÊm ®Þa
832	1	1	1	1	1	1	1	1	1	1	1	1	1	1	1	1	Tr­êng Ca M«n cÊm ®Þa
833	1	1	1	1	1	1	1	1	1	1	1	1	1	1	1	1	Tr­êng Ca M«n cÊm ®Þa
834	1	1	1	1	1	1	1	1	1	1	1	1	1	1	1	1	Tr­êng Ca M«n cÊm ®Þa
835	1	1	1	1	1	1	1	1	1	1	1	1	1	1	1	1	V« Danh Cèc (1)
836	1	1	1	1	1	1	1	1	1	1	1	1	1	1	1	1	V« Danh Cèc (2)
837	1	1	1	1	1	1	1	1	1	1	1	1	1	1	1	1	V« Danh Cèc (3)
838	1	1	1	1	1	1	1	1	1	1	1	1	1	1	1	1	V« Danh Cèc (4)
839	1	1	1	1	1	1	1	1	1	1	1	1	1	1	1	1	V« Danh Cèc (5)
840	1	1	1	1	1	1	1	1	1	1	1	1	1	1	1	1	V« Danh Cèc (6)
841	1	1	1	1	1	1	1	1	1	1	1	1	1	1	1	1	L«i ®µi hµo kiÖt 1
842	1	1	1	1	1	1	1	1	1	1	1	1	1	1	1	1	L«i ®µi hµo kiÖt 2
843	1	1	1	1	1	1	1	1	1	1	1	1	1	1	1	1	L«i ®µi hµo kiÖt 3
844	1	1	1	1	1	1	1	1	1	1	1	1	1	1	1	1	L«i ®µi hµo kiÖt 4
845	1	1	1	1	1	1	1	1	1	1	1	1	1	1	1	1	L«i ®µi hµo kiÖt 5
846	1	1	1	1	1	1	1	1	1	1	1	1	1	1	1	1	L«i ®µi hµo kiÖt 6
847	1	1	1	1	1	1	1	1	1	1	1	1	1	1	1	1	L«i ®µi hµo kiÖt 7
848	1	1	1	1	1	1	1	1	1	1	1	1	1	1	1	1	L«i ®µi hµo kiÖt 8
849	1	1	1	1	1	1	1	1	1	1	1	1	1	1	1	1	Khu vùc chuÈn bÞ - TÕt §oan Ngä
850	1	1	1	1	1	1	1	1	1	1	1	1	1	1	1	1	Khu vùc TÕt §oan Ngä
851	1	1	1	1	1	1	1	1	1	1	1	1	1	1	1	1	Cöa vµo b¶o tang Viªm §Õ
852	1	1	1	1	1	1	1	1	1	1	1	1	1	1	1	1	Cöa vµo b¶o tang Viªm §Õ
853	1	1	1	1	1	1	1	1	1	1	1	1	1	1	1	1	B¶o tµng Viªm §Õ (1)
854	1	1	1	1	1	1	1	1	1	1	1	1	1	1	1	1	B¶o tµng Viªm §Õ (2)
855	1	1	1	1	1	1	1	1	1	1	1	1	1	1	1	1	B¶o tµng Viªm §Õ (3)
856	1	1	1	1	1	1	1	1	1	1	1	1	1	1	1	1	B¶o tµng Viªm §Õ (4)
857	1	1	1	1	1	1	1	1	1	1	1	1	1	1	1	1	B¶o tµng Viªm §Õ (5)
858	1	1	1	1	1	1	1	1	1	1	1	1	1	1	1	1	B¶o tµng Viªm §Õ (6)
859	1	1	1	1	1	1	1	1	1	1	1	1	1	1	1	1	B¶o tµng Viªm §Õ (7)
860	1	1	1	1	1	1	1	1	1	1	1	1	1	1	1	1	B¶o tµng Viªm §Õ (8)
861	1	1	1	1	1	1	1	1	1	1	1	1	1	1	1	1	B¶o tµng Viªm §Õ (9)
862	1	1	1	1	1	1	1	1	1	1	1	1	1	1	1	1	B¶o tµng Viªm §Õ (10)
863	1	1	1	1	1	1	1	1	1	1	1	1	1	1	1	1	Khu vùc ®­êng ®ua
864	1	1	1	1	1	1	1	1	1	1	1	1	1	1	1	1	L«i ®µi Hoa S¬n (Trung cÊp)
865	1	1	1	1	1	1	1	1	1	1	1	1	1	1	1	1	L«i ®µi Hoa S¬n (Cao cÊp)
866	1	1	1	1	1	1	1	1	1	1	1	1	1	1	1	1	Ch©n nói Hoa S¬n (Trung cÊp)
867	1	1	1	1	1	1	1	1	1	1	1	1	1	1	1	1	Ch©n nói Hoa S¬n (Cao cÊp)
868	1	1	1	1	1	1	1	1	1	1	1	1	1	1	1	1	ChiÕn tr­êng Hoang M¹c (s¬)
869	1	1	1	1	1	1	1	1	1	1	1	1	1	1	1	1	ChiÕn tr­êng Hoang M¹c (trung)
870	1	1	1	1	1	1	1	1	1	1	1	1	1	1	1	1	ChiÕn tr­êng Hoang M¹c (cao)
871	1	1	1	1	1	1	1	1	1	1	1	1	1	1	1	1	Thanh ¢m §éng (1)
872	1	1	1	1	1	1	1	1	1	1	1	1	1	1	1	1	Thanh ¢m §éng (2)
873	1	1	1	1	1	1	1	1	1	1	1	1	1	1	1	1	An Kú Liªn §¬n §éng (1)
874	1	1	1	1	1	1	1	1	1	1	1	1	1	1	1	1	An Kú Liªn §¬n §éng (2)
875	1	1	1	1	1	1	1	1	1	1	1	1	1	1	1	1	H¾c Sa ®éng
876	1	1	1	1	1	1	1	1	1	1	1	1	1	1	1	1	Cæ thµnh (s¬ cÊp)
877	1	1	1	1	1	1	1	1	1	1	1	1	1	1	1	1	Cæ thµnh (trung cÊp)
878	1	1	1	1	1	1	1	1	1	1	1	1	1	1	1	1	Cæ thµnh (cao cÊp)
879	1	1	1	1	1	1	1	1	1	1	1	1	1	1	1	1	Kim Th¹ch s¬n (s¬ cÊp)
880	1	1	1	1	1	1	1	1	1	1	1	1	1	1	1	1	Kim Th¹ch s¬n (trung cÊp)
881	1	1	1	1	1	1	1	1	1	1	1	1	1	1	1	1	Kim Th¹ch s¬n (cao cÊp)
882	1	1	1	1	1	1	1	1	1	1	1	1	1	1	1	1	Khu vùc chuÈn bÞ
883	1	1	1	1	1	1	1	1	1	1	1	1	1	1	1	1	ChiÕn tr­êng Th¸p tiÔn (S¬ cÊp)
884	1	1	1	1	1	1	1	1	1	1	1	1	1	1	1	1	ChiÕn tr­êng Th¸p tiÔn (Trung cÊp)
885	1	1	1	1	1	1	1	1	1	1	1	1	1	1	1	1	ChiÕn tr­êng Th¸p tiÔn (Cao cÊp)
895	1	1	1	1	1	1	1	1	1	1	1	1	1	1	1	1	Xu©n Phong §¶o
896	1	1	1	1	1	1	1	1	1	1	1	1	1	1	1	1	Cöu Ch©u Cèc
897	1	1	1	1	1	1	1	1	1	1	1	1	1	1	1	1	Danh nh©n ®­êng
898	1	1	1	1	1	1	1	1	1	1	1	1	1	1	1	1	Quèc chiÕn Giíi KiÒu chiÕn
899	1	1	1	1	1	1	1	1	1	1	1	1	1	1	1	1	Quèc chiÕn MËt L©m chiÕn
900	1	1	1	1	1	1	1	1	1	1	1	1	1	1	1	1	Quèc chiÕn Tèng Kim chiÕn tr­êng Phong V©n
902	1	1	1	1	1	1	1	1	1	1	1	1	1	1	1	1	ChiÕn tr­êng tïng l©m (s¬)
903	1	1	1	1	1	1	1	1	1	1	1	1	1	1	1	1	ChiÕn tr­êng tïng l©m (trung)
904	1	1	1	1	1	1	1	1	1	1	1	1	1	1	1	1	ChiÕn tr­êng tïng l©m (cao)
905	1	1	1	1	1	1	1	1	1	1	1	1	1	1	1	1	Tr­êng Ca S¬n Trang
906	1	1	1	1	1	1	1	1	1	1	1	1	1	1	1	1	Mïa an lµnh (chuÈn bÞ)
907	1	1	1	1	1	1	1	1	1	1	1	1	1	1	1	1	Mïa an lµnh (1)
908	1	1	1	1	1	1	1	1	1	1	1	1	1	1	1	1	Mïa an lµnh(2)
909	1	1	1	1	1	1	1	1	1	1	1	1	1	1	1	1	Mïa an lµnh(3)
910	1	1	1	1	1	1	1	1	1	1	1	1	1	1	1	1	Mïa an lµnh(4)
911	1	1	1	1	1	1	1	1	1	1	1	1	1	1	1	1	Mïa an lµnh(5)
912	1	1	1	1	1	1	1	1	1	1	1	1	1	1	1	1	Mïa an lµnh(6)
913	1	1	1	1	1	1	1	1	1	1	1	1	1	1	1	1	Mïa an lµnh(7)
914	1	1	1	1	1	1	1	1	1	1	1	1	1	1	1	1	Mïa an lµnh(8)
915	1	1	1	1	1	1	1	1	1	1	1	1	1	1	1	1	Mïa an lµnh(9)
916	1	1	1	1	1	1	1	1	1	1	1	1	1	1	1	1	Mïa an lµnh(10)
917	1	1	1	1	1	1	1	1	1	1	1	1	1	1	1	1	TÝch HuyÕt Cèc
918	1	1	1	1	1	1	1	1	1	1	1	1	1	1	1	1	¸c Nh©n Cèc
919	1	1	1	1	1	1	1	1	1	1	1	1	1	1	1	1	Thùc Cèt Nhai
920	1	1	1	1	1	1	1	1	1	1	1	1	1	1	1	1	H¾c Méc Nhai
921	1	1	1	1	1	1	1	1	1	1	1	1	1	1	1	1	Thiªn Phô S¬n
922	1	1	1	1	1	1	1	1	1	1	1	1	1	1	1	1	Bµn Long S¬n
923	1	1	1	1	1	1	1	1	1	1	1	1	1	1	1	1	§Þa MÉu S¬n
924	1	1	1	1	1	1	1	1	1	1	1	1	1	1	1	1	UyÓn Phông S¬n
925	1	1	1	1	1	1	1	1	1	1	1	1	1	1	1	1	ThÝ LuyÖn §­êng
926	1	1	1	1	1	1	1	1	1	1	1	1	1	1	1	1	ChiÕn tr­êng Thµnh §«
927	1	1	1	1	1	1	1	1	1	1	1	1	1	1	1	1	ChiÕn tr­êng BiÖn Kinh
928	1	1	1	1	1	1	1	1	1	1	1	1	1	1	1	1	ChiÕn tr­êng §¹i Lý
929	1	1	1	1	1	1	1	1	1	1	1	1	1	1	1	1	ChiÕn tr­êng Ph­îng T­êng
930	1	1	1	1	1	1	1	1	1	1	1	1	1	1	1	1	ChiÕn tr­êng L©m An
931	1	1	1	1	1	1	1	1	1	1	1	1	1	1	1	1	ChiÕn tr­êng T­¬ng D­¬ng
932	1	1	1	1	1	1	1	1	1	1	1	1	1	1	1	1	ChiÕn tr­êng D­¬ng Ch©u
934	1	1	1	1	1	1	1	1	1	1	1	1	1	1	1	1	Ngän nói Tr­êng B¹ch
935	1	1	1	1	1	1	1	1	1	1	1	1	1	1	1	1	Thiªn Tr×  TÇng 1
936	1	1	1	1	1	1	1	1	1	1	1	1	1	1	1	1	Thiªn Tr×  TÇng 2
937	1	1	1	1	1	1	1	1	1	1	1	1	1	1	1	1	Thiªn Tr×  TÇng 3 (1)
938	1	1	1	1	1	1	1	1	1	1	1	1	1	1	1	1	Thiªn Tr× TÇng 3 (2)
939	1	1	1	1	1	1	1	1	1	1	1	1	1	1	1	1	Thiªn Tr×  TÇng 3 (3)
940	1	1	1	1	1	1	1	1	1	1	1	1	1	1	1	1	Thiªn Tr×  TÇng 3 (4)
941	1	1	1	1	1	1	1	1	1	1	1	1	1	1	1	1	Thiªn Tr×  TÇng 3 (5)
942	1	1	1	1	1	1	1	1	1	1	1	1	1	1	1	1	Thiªn Tr×  TÇng 3 (6)
943	1	1	1	1	1	1	1	1	1	1	1	1	1	1	1	1	Thiªn Tr×  TÇng 3 (7)
944	1	1	1	1	1	1	1	1	1	1	1	1	1	1	1	1	Thiªn Tr×  TÇng 3 (8)
945	1	1	1	1	1	1	1	1	1	1	1	1	1	1	1	1	Thiªn Tr× TÇng 3 (9)
946	1	1	1	1	1	1	1	1	1	1	1	1	1	1	1	1	Thiªn Tr×  TÇng 3 (10)
947	1	1	1	1	1	1	1	1	1	1	1	1	1	1	1	1	Thiªn Tr× tÇng thø 4
948	1	1	1	1	1	1	1	1	1	1	1	1	1	1	1	1	KiÕm Gia Mª Cung.
949	1	1	1	1	1	1	1	1	1	1	1	1	1	1	1	1	ThÝ KiÕm Cèc
950	1	1	1	1	1	1	1	1	1	1	1	1	1	1	1	1	Ác Lang Cèc
951	1	1	1	1	1	1	1	1	1	1	1	1	1	1	1	1	Ác Lang Cèc
952	1	1	1	1	1	1	1	1	1	1	1	1	1	1	1	1	Ác Lang Cèc
953	1	1	1	1	1	1	1	1	1	1	1	1	1	1	1	1	Ác Lang Cèc
954	1	1	1	1	1	1	1	1	1	1	1	1	1	1	1	1	Ác Lang Cèc
955	1	1	1	1	1	1	1	1	1	1	1	1	1	1	1	1	Ác Lang Cèc
956	1	1	1	1	1	1	1	1	1	1	1	1	1	1	1	1	Ác Lang Cèc
957	1	1	1	1	1	1	1	1	1	1	1	1	1	1	1	1	MËt Phßng cöa ¶i
958	1	1	1	1	1	1	1	1	1	1	1	1	1	1	1	1	§Êu tr­êng
959	1	1	1	1	1	1	1	1	1	1	1	1	1	1	1	1	ChiÕn Long §éng
960	1	1	1	1	1	1	1	1	1	1	1	1	1	1	1	1	L«i §µi Hoµng Thµnh T­
961	1	1	1	1	1	1	1	1	1	1	1	1	1	1	1	1	§Êu tr­êng chuÈn bÞ ho¹t ®éng Méc Nh©n
962	1	1	1	1	1	1	1	1	1	1	1	1	1	1	1	1	Cöa vµo b¶o tang Viªm §Õ
963	1	1	1	1	1	1	1	1	1	1	1	1	1	1	1	1	Khu vùc chuÈn bÞ 
964	1	1	1	1	1	1	1	1	1	1	1	1	1	1	1	1	§Êu tr­êng (1)
965	1	1	1	1	1	1	1	1	1	1	1	1	1	1	1	1	§Êu tr­êng (2)
966	1	1	1	1	1	1	1	1	1	1	1	1	1	1	1	1	§Êu tr­êng (3)
967	1	1	1	1	1	1	1	1	1	1	1	1	1	1	1	1	V« Danh MËt C¶nh
968	1	1	1	1	1	1	1	1	1	1	1	1	1	1	1	1	NguyÖt Ca §¶o
969	1	1	1	1	1	1	1	1	1	1	1	1	1	1	1	1	NguyÖt Ca MËt Cèc
970	1	1	1	1	1	1	1	1	1	1	1	1	1	1	1	1	ChiÕn tr­êng liªn kÕt MËt L©m
971	1	1	1	1	1	1	1	1	1	1	1	1	1	1	1	1	ChiÕn tr­êng Phong V©n liªn server
972	1	1	1	1	1	1	1	1	1	1	1	1	1	1	1	1	§iÓm b¸o danh Tèng Kim liªn server
973	1	1	1	1	1	1	1	1	1	1	1	1	1	1	1	1	§iÓm b¸o danh liªn server 2
974	1	1	1	1	1	1	1	1	1	1	1	1	1	1	1	1	§iÓm b¸o danh liªn server 3
975	1	1	1	1	1	1	1	1	1	1	1	1	1	1	1	1	C¶nh Kü Tr­êng
976	1	1	1	1	1	1	1	1	1	1	1	1	1	1	1	1	Thiªn Trïng L©u
977	1	1	1	1	1	1	1	1	1	1	1	1	1	1	1	1	thu nhÆt lóa n­íc
978	1	1	1	1	1	1	1	1	1	1	1	1	1	1	1	1	Bang héi thµnh b¶o 
979	1	1	1	1	1	1	1	1	1	1	1	1	1	1	1	1	Bang héi thµnh b¶o 
980	1	1	1	1	1	1	1	1	1	1	1	1	1	1	1	1	Bang héi thµnh b¶o 
981	1	1	1	1	1	1	1	1	1	1	1	1	1	1	1	1	Bang héi thµnh b¶o 
982	1	1	1	1	1	1	1	1	1	1	1	1	1	1	1	1	Bang héi thµnh b¶o 
983	1	1	1	1	1	1	1	1	1	1	1	1	1	1	1	1	Bang héi thµnh b¶o 
984	1	1	1	1	1	1	1	1	1	1	1	1	1	1	1	1	Bang héi thµnh b¶o 
985	1	1	1	1	1	1	1	1	1	1	1	1	1	1	1	1	§Þa Cung Biªn Kinh
986	1	1	1	1	1	1	1	1	1	1	1	1	1	1	1	1	TuyÕt Nh©n §¹i ChiÕn
987	1	1	1	1	1	1	1	1	1	1	1	1	1	1	1	1	Hoa S¬n ph¸i
988	1	1	1	1	1	1	1	1	1	1	1	1	1	1	1	1	ChiÕn tr­êng Phï Li Xung §ét ChiÕn
991	1	1	1	1	1	1	1	1	1	1	1	1	1	1	1	1	Héi tr­êng liªn ®Êu (11)
992	1	1	1	1	1	1	1	1	1	1	1	1	1	1	1	1	§Êu tr­êng liªn ®Êu (11)
993	1	1	1	1	1	1	1	1	1	1	1	1	1	1	1	1	N¬i chuÈn bÞ liªn ®Êu (11)
994	1	1	1	1	1	1	1	1	1	1	1	1	1	1	1	1	T­ Qu¸ Nhai
995	1	1	1	1	1	1	1	1	1	1	1	1	1	1	1	1	MËt Phßng cöa ¶i
996	1	1	1	1	1	1	1	1	1	1	1	1	1	1	1	1	Cæ Th¸p Bang Héi
997	1	1	1	1	1	1	1	1	1	1	1	1	1	1	1	1	§¹i T¶n Quan
998	1	1	1	1	1	1	1	1	1	1	1	1	1	1	1	1	Anh Hïng Th¸p
1001	1	1	1	1	1	1	1	1	1	1	1	1	1	1	1	1	B¹ch Hæ §­êng tÇng 1 (Thiªn) 
1002	1	1	1	1	1	1	1	1	1	1	1	1	1	1	1	1	B¹ch Hæ §­êng tÇng 1 (§Þa) 
1003	1	1	1	1	1	1	1	1	1	1	1	1	1	1	1	1	B¹ch Hæ §­êng tÇng 1 (NhËt) 
1004	1	1	1	1	1	1	1	1	1	1	1	1	1	1	1	1	B¹ch Hæ §­êng tÇng 1 (NguyÖt) 
1005	1	1	1	1	1	1	1	1	1	1	1	1	1	1	1	1	B¹ch Hæ §­êng tÇng 2 (¢m) 
1006	1	1	1	1	1	1	1	1	1	1	1	1	1	1	1	1	B¹ch Hæ §­êng tÇng 2 (D­¬ng) 
1007	1	1	1	1	1	1	1	1	1	1	1	1	1	1	1	1	B¹ch Hæ §­êng tÇng 3
1008	1	1	1	1	1	1	1	1	1	1	1	1	1	1	1	1	Th«ng Thiªn Th¸p
1009	1	1	1	1	1	1	1	1	1	1	1	1	1	1	1	1	MËt §éng Sa M¹c
1010	1	1	1	1	1	1	1	1	1	1	1	1	1	1	1	1	MËt §éng Sa M¹c
1011	1	1	1	1	1	1	1	1	1	1	1	1	1	1	1	1	MËt §éng Sa M¹c
1012	1	1	1	1	1	1	1	1	1	1	1	1	1	1	1	1	QuyÕt ChiÕn §Ønh Phong
1013	1	1	1	1	1	1	1	1	1	1	1	1	1	1	1	1	QuyÕt ChiÕn §Ønh Phong
1014	1	1	1	1	1	1	1	1	1	1	1	1	1	1	1	1	Hoa S¬n Kh¸nh §iÓn 1
1015	1	1	1	1	1	1	1	1	1	1	1	1	1	1	1	1	Hoa S¬n Kh¸nh §iÓn 2
1042	1	1	1	1	1	1	1	1	1	1	1	1	1	1	1	1	Vò Hån 
1043	1	1	1	1	1	1	1	1	1	1	1	1	1	1	1	1	Vò Hån (LuyÖn Vâ Tr­êng)
1044	1	1	1	1	1	1	1	1	1	1	1	1	1	1	1	1	Vò Hån (LuyÖn Vâ Tr­êng)
1045	1	1	1	1	1	1	1	1	1	1	1	1	1	1	1	1	Vò Hån (LuyÖn Vâ Tr­êng)
1046	1	1	1	1	1	1	1	1	1	1	1	1	1	1	1	1	Vò Hån (LuyÖn Vâ Tr­êng)
1047	1	1	1	1	1	1	1	1	1	1	1	1	1	1	1	1	Khu ChuÈn BÞ
1048	1	1	1	1	1	1	1	1	1	1	1	1	1	1	1	1	Khu Thi §Êu
1049	1	1	1	1	1	1	1	1	1	1	1	1	1	1	1	1	Héi Tr­êng Liªn §Êu (12)
1050	1	1	1	1	1	1	1	1	1	1	1	1	1	1	1	1	§Êu Tr­êng Liªn §Êu (12)
1051	1	1	1	1	1	1	1	1	1	1	1	1	1	1	1	1	Khu ChuÈn BÞ Liªn ®Êu (12)
1052	1	1	1	1	1	1	1	1	1	1	1	1	1	1	1	1	T­¬ng D­¬ng Thñ VÖ ChiÕn
1053	1	1	1	1	1	1	1	1	1	1	1	1	1	1	1	1	Liªn ®Êu 3v3
1054	1	1	1	1	1	1	1	1	1	1	1	1	1	1	1	1	Ngò hµnh trËn
1055	1	1	1	1	1	1	1	1	1	1	1	1	1	1	1	1	Linh Lung Th¸p-Khu vùc chuÈn bÞ
1056	1	1	1	1	1	1	1	1	1	1	1	1	1	1	1	1	Linh Lung Th¸p
1057	1	1	1	1	1	1	1	1	1	1	1	1	1	1	1	1	Ph¸i Tiªu Dao
