ID	DESC	COUNT	SECT1	SECT2	SECT3	SECT4
1	Ph­îng T­êng Phñ 	4	1, 1557, 3112	1, 1537, 3237	1, 1649, 3287	1, 1656, 3167
2	Thµnh §« Phñ 	4	11, 3193, 5192	11, 3266, 5004	11, 3011, 5101	11, 3031, 4969
3	§¹i Lý	3	162, 1669, 3129	162, 1696, 3280	162, 1472, 3273
4	BiÖn Kinh Phñ 	4	37, 1598, 3000	37, 1866, 2930	37, 1701, 3224	37, 1636, 3191
5	T­¬ng D­¬ng Phñ 	4	78, 1592, 3377	78, 1704, 3225	78, 1508, 3147	78, 1440, 3219
6	D­¬ng Ch©u Phñ 	4	80, 1670, 2996	80, 1598, 3201	80, 1722, 3210	80, 1834, 3063
7	L©m An Phñ 	4	176, 1603, 2917	176, 1692, 3296	176, 1375, 3337	176, 1356, 3017
8	Giang T©n Th«n	1	20, 3450, 6106
9	Long M«n trÊn	1	121, 1924, 4435
10	Ba L¨ng huyÖn	1	53, 1582, 3237
11	Nam Nh¹c trÊn	1	54, 1588, 3098
12	Long TuyÒn th«n	1	174, 1632, 3199
13	§¹o H­¬ng th«n	1	101, 1621, 3104
14	VÜnh L¹c trÊn	1	99, 1606, 3165		
15	Chu Tiªn trÊn	1	100, 1615, 3100
16	Th¹ch Cæ trÊn	1	153, 1632, 3182