EqName	FreeStand1	FreeStand2	FreeStand3	MeleeWStand	RangeWStand	DoubleWStand	FreeWalk	NormalWalk	MeleeWWalk	RangeWWalk	DoubleWWalk	FreeRun	NormalRun	MeleeWRun	RangeWRun	DoubleWRun	FreeWound	MeleeWWound	RangeWWound	DoubleWWound	FreeDie	MeleeWDie	RangeWDie	DoubleWDie	FreeAttack	MeleeWPuncture	MeleeWCut	RangeWPuncture	RangeWCut	DoubleWPull	DoubleWPound	DartThrow	FreeMagic	MeleeWMagic	RangeWMagic	DoubleWMagic	SitDown	Jump	RideStand	RideWalk	RideRun	RideCut	RidePuncture	RideMagic	RideWound	RideDie	RideStand1	RideStand2
头部01	120,8,1	120,8,1	120,8,1	88,8,1	88,8,1	88,8,1	88,8,1	88,8,1	88,8,1	88,8,1	88,8,1	88,8,1	88,8,1	88,8,1	88,8,1	88,8,1	72,8,1	64,8,1	56,8,1	96,8,1	20,1,1	20,1,1	20,1,1	20,1,1	144,8,1	112,8,1	112,8,1	96,8,1	96,8,1	96,8,1	96,8,1	128,8,1	144,8,1	112,8,1	96,8,1	96,8,1	72,8,1	160,8,1	112,8,1	80,8,1	80,8,1	96,8,1	96,8,1	96,8,1	48,8,1	20,1,1	112,8,1	112,8,1
头部02	120,8,1	120,8,1	120,8,1	88,8,1	88,8,1	88,8,1	88,8,1	88,8,1	88,8,1	88,8,1	88,8,1	88,8,1	88,8,1	88,8,1	88,8,1	88,8,1	72,8,1	64,8,1	56,8,1	96,8,1	20,1,1	20,1,1	20,1,1	20,1,1	144,8,1	112,8,1	112,8,1	96,8,1	96,8,1	96,8,1	96,8,1	128,8,1	144,8,1	112,8,1	96,8,1	96,8,1	72,8,1	160,8,1	112,8,1	80,8,1	80,8,1	96,8,1	96,8,1	96,8,1	48,8,1	20,1,1	112,8,1	112,8,1
头部03	120,8,1	120,8,1	120,8,1	88,8,1	88,8,1	88,8,1	88,8,1	88,8,1	88,8,1	88,8,1	88,8,1	88,8,1	88,8,1	88,8,1	88,8,1	88,8,1	72,8,1	64,8,1	56,8,1	96,8,1	20,1,1	20,1,1	20,1,1	20,1,1	144,8,1	112,8,1	112,8,1	96,8,1	96,8,1	96,8,1	96,8,1	128,8,1	144,8,1	112,8,1	96,8,1	96,8,1	72,8,1	160,8,1	112,8,1	80,8,1	80,8,1	96,8,1	96,8,1	96,8,1	48,8,1	20,1,1	112,8,1	112,8,1
头部04	120,8,1	120,8,1	120,8,1	88,8,1	88,8,1	88,8,1	88,8,1	88,8,1	88,8,1	88,8,1	88,8,1	88,8,1	88,8,1	88,8,1	88,8,1	88,8,1	72,8,1	64,8,1	56,8,1	96,8,1	20,1,1	20,1,1	20,1,1	20,1,1	144,8,1	112,8,1	112,8,1	96,8,1	96,8,1	96,8,1	96,8,1	128,8,1	144,8,1	112,8,1	96,8,1	96,8,1	72,8,1	160,8,1	112,8,1	80,8,1	80,8,1	96,8,1	96,8,1	96,8,1	48,8,1	20,1,1	112,8,1	112,8,1
头部05	120,8,1	120,8,1	120,8,1	88,8,1	88,8,1	88,8,1	88,8,1	88,8,1	88,8,1	88,8,1	88,8,1	88,8,1	88,8,1	88,8,1	88,8,1	88,8,1	72,8,1	64,8,1	56,8,1	96,8,1	20,1,1	20,1,1	20,1,1	20,1,1	144,8,1	112,8,1	112,8,1	96,8,1	96,8,1	96,8,1	96,8,1	128,8,1	144,8,1	112,8,1	96,8,1	96,8,1	72,8,1	160,8,1	112,8,1	80,8,1	80,8,1	96,8,1	96,8,1	96,8,1	48,8,1	20,1,1	112,8,1	112,8,1
头部06	120,8,1	120,8,1	120,8,1	88,8,1	88,8,1	88,8,1	88,8,1	88,8,1	88,8,1	88,8,1	88,8,1	88,8,1	88,8,1	88,8,1	88,8,1	88,8,1	72,8,1	64,8,1	56,8,1	96,8,1	20,1,1	20,1,1	20,1,1	20,1,1	144,8,1	112,8,1	112,8,1	96,8,1	96,8,1	96,8,1	96,8,1	128,8,1	144,8,1	112,8,1	96,8,1	96,8,1	72,8,1	160,8,1	112,8,1	80,8,1	80,8,1	96,8,1	96,8,1	96,8,1	48,8,1	20,1,1	112,8,1	112,8,1
头部07	120,8,1	120,8,1	120,8,1	88,8,1	88,8,1	88,8,1	88,8,1	88,8,1	88,8,1	88,8,1	88,8,1	88,8,1	88,8,1	88,8,1	88,8,1	88,8,1	72,8,1	64,8,1	56,8,1	96,8,1	20,1,1	20,1,1	20,1,1	20,1,1	144,8,1	112,8,1	112,8,1	96,8,1	96,8,1	96,8,1	96,8,1	128,8,1	144,8,1	112,8,1	96,8,1	96,8,1	72,8,1	160,8,1	112,8,1	80,8,1	80,8,1	96,8,1	96,8,1	96,8,1	48,8,1	20,1,1	112,8,1	112,8,1
头部08	120,8,1	120,8,1	120,8,1	88,8,1	88,8,1	88,8,1	88,8,1	88,8,1	88,8,1	88,8,1	88,8,1	88,8,1	88,8,1	88,8,1	88,8,1	88,8,1	72,8,1	64,8,1	56,8,1	96,8,1	20,1,1	20,1,1	20,1,1	20,1,1	144,8,1	112,8,1	112,8,1	96,8,1	96,8,1	96,8,1	96,8,1	128,8,1	144,8,1	112,8,1	96,8,1	96,8,1	72,8,1	160,8,1	112,8,1	80,8,1	80,8,1	96,8,1	96,8,1	96,8,1	48,8,1	20,1,1	112,8,1	112,8,1
头部09	120,8,1	120,8,1	120,8,1	88,8,1	88,8,1	88,8,1	88,8,1	88,8,1	88,8,1	88,8,1	88,8,1	88,8,1	88,8,1	88,8,1	88,8,1	88,8,1	72,8,1	64,8,1	56,8,1	96,8,1	20,1,1	20,1,1	20,1,1	20,1,1	144,8,1	112,8,1	112,8,1	96,8,1	96,8,1	96,8,1	96,8,1	128,8,1	144,8,1	112,8,1	96,8,1	96,8,1	72,8,1	160,8,1	112,8,1	80,8,1	80,8,1	96,8,1	96,8,1	96,8,1	48,8,1	20,1,1	112,8,1	112,8,1
头部10	120,8,1	120,8,1	120,8,1	88,8,1	88,8,1	88,8,1	88,8,1	88,8,1	88,8,1	88,8,1	88,8,1	88,8,1	88,8,1	88,8,1	88,8,1	88,8,1	72,8,1	64,8,1	56,8,1	96,8,1	20,1,1	20,1,1	20,1,1	20,1,1	144,8,1	112,8,1	112,8,1	96,8,1	96,8,1	96,8,1	96,8,1	128,8,1	144,8,1	112,8,1	96,8,1	96,8,1	72,8,1	160,8,1	112,8,1	80,8,1	80,8,1	96,8,1	96,8,1	96,8,1	48,8,1	20,1,1	112,8,1	112,8,1
头部11	120,8,1	120,8,1	120,8,1	88,8,1	88,8,1	88,8,1	88,8,1	88,8,1	88,8,1	88,8,1	88,8,1	88,8,1	88,8,1	88,8,1	88,8,1	88,8,1	72,8,1	64,8,1	56,8,1	96,8,1	20,1,1	20,1,1	20,1,1	20,1,1	144,8,1	112,8,1	112,8,1	96,8,1	96,8,1	96,8,1	96,8,1	128,8,1	144,8,1	112,8,1	96,8,1	96,8,1	72,8,1	160,8,1	112,8,1	80,8,1	80,8,1	96,8,1	96,8,1	96,8,1	48,8,1	20,1,1	112,8,1	112,8,1
头部12	120,8,1	120,8,1	120,8,1	88,8,1	88,8,1	88,8,1	88,8,1	88,8,1	88,8,1	88,8,1	88,8,1	88,8,1	88,8,1	88,8,1	88,8,1	88,8,1	72,8,1	64,8,1	56,8,1	96,8,1	20,1,1	20,1,1	20,1,1	20,1,1	144,8,1	112,8,1	112,8,1	96,8,1	96,8,1	96,8,1	96,8,1	128,8,1	144,8,1	112,8,1	96,8,1	96,8,1	72,8,1	160,8,1	112,8,1	80,8,1	80,8,1	96,8,1	96,8,1	96,8,1	48,8,1	20,1,1	112,8,1	112,8,1
头部13	120,8,1	120,8,1	120,8,1	88,8,1	88,8,1	88,8,1	88,8,1	88,8,1	88,8,1	88,8,1	88,8,1	88,8,1	88,8,1	88,8,1	88,8,1	88,8,1	72,8,1	64,8,1	56,8,1	96,8,1	20,1,1	20,1,1	20,1,1	20,1,1	144,8,1	112,8,1	112,8,1	96,8,1	96,8,1	96,8,1	96,8,1	128,8,1	144,8,1	112,8,1	96,8,1	96,8,1	72,8,1	160,8,1	112,8,1	80,8,1	80,8,1	96,8,1	96,8,1	96,8,1	48,8,1	20,1,1	112,8,1	112,8,1
头部14	120,8,1	120,8,1	120,8,1	88,8,1	88,8,1	88,8,1	88,8,1	88,8,1	88,8,1	88,8,1	88,8,1	88,8,1	88,8,1	88,8,1	88,8,1	88,8,1	72,8,1	64,8,1	56,8,1	96,8,1	20,1,1	20,1,1	20,1,1	20,1,1	144,8,1	112,8,1	112,8,1	96,8,1	96,8,1	96,8,1	96,8,1	128,8,1	144,8,1	112,8,1	96,8,1	96,8,1	72,8,1	160,8,1	112,8,1	80,8,1	80,8,1	96,8,1	96,8,1	96,8,1	48,8,1	20,1,1	112,8,1	112,8,1
头部15	120,8,1	120,8,1	120,8,1	88,8,1	88,8,1	88,8,1	88,8,1	88,8,1	88,8,1	88,8,1	88,8,1	88,8,1	88,8,1	88,8,1	88,8,1	88,8,1	72,8,1	64,8,1	56,8,1	96,8,1	20,1,1	20,1,1	20,1,1	20,1,1	144,8,1	112,8,1	112,8,1	96,8,1	96,8,1	96,8,1	96,8,1	128,8,1	144,8,1	112,8,1	96,8,1	96,8,1	72,8,1	160,8,1	112,8,1	80,8,1	80,8,1	96,8,1	96,8,1	96,8,1	48,8,1	20,1,1	112,8,1	112,8,1
头部16	120,8,1	120,8,1	120,8,1	88,8,1	88,8,1	88,8,1	88,8,1	88,8,1	88,8,1	88,8,1	88,8,1	88,8,1	88,8,1	88,8,1	88,8,1	88,8,1	72,8,1	64,8,1	56,8,1	96,8,1	20,1,1	20,1,1	20,1,1	20,1,1	144,8,1	112,8,1	112,8,1	96,8,1	96,8,1	96,8,1	96,8,1	128,8,1	144,8,1	112,8,1	96,8,1	96,8,1	72,8,1	160,8,1	112,8,1	80,8,1	80,8,1	96,8,1	96,8,1	96,8,1	48,8,1	20,1,1	112,8,1	112,8,1
头部17	120,8,1	120,8,1	120,8,1	88,8,1	88,8,1	88,8,1	88,8,1	88,8,1	88,8,1	88,8,1	88,8,1	88,8,1	88,8,1	88,8,1	88,8,1	88,8,1	72,8,1	64,8,1	56,8,1	96,8,1	20,1,1	20,1,1	20,1,1	20,1,1	144,8,1	112,8,1	112,8,1	96,8,1	96,8,1	96,8,1	96,8,1	128,8,1	144,8,1	112,8,1	96,8,1	96,8,1	72,8,1	160,8,1	112,8,1	80,8,1	80,8,1	96,8,1	96,8,1	96,8,1	48,8,1	20,1,1	112,8,1	112,8,1
头部18	120,8,1	120,8,1	120,8,1	88,8,1	88,8,1	88,8,1	88,8,1	88,8,1	88,8,1	88,8,1	88,8,1	88,8,1	88,8,1	88,8,1	88,8,1	88,8,1	72,8,1	64,8,1	56,8,1	96,8,1	20,1,1	20,1,1	20,1,1	20,1,1	144,8,1	112,8,1	112,8,1	96,8,1	96,8,1	96,8,1	96,8,1	128,8,1	144,8,1	112,8,1	96,8,1	96,8,1	72,8,1	160,8,1	112,8,1	80,8,1	80,8,1	96,8,1	96,8,1	96,8,1	48,8,1	20,1,1	112,8,1	112,8,1
头部19	120,8,1	120,8,1	120,8,1	88,8,1	88,8,1	88,8,1	88,8,1	88,8,1	88,8,1	88,8,1	88,8,1	88,8,1	88,8,1	88,8,1	88,8,1	88,8,1	72,8,1	64,8,1	56,8,1	96,8,1	20,1,1	20,1,1	20,1,1	20,1,1	144,8,1	112,8,1	112,8,1	96,8,1	96,8,1	96,8,1	96,8,1	128,8,1	144,8,1	112,8,1	96,8,1	96,8,1	72,8,1	160,8,1	112,8,1	80,8,1	80,8,1	96,8,1	96,8,1	96,8,1	48,8,1	20,1,1	112,8,1	112,8,1
头部20	120,8,1	120,8,1	120,8,1	88,8,1	88,8,1	88,8,1	88,8,1	88,8,1	88,8,1	88,8,1	88,8,1	88,8,1	88,8,1	88,8,1	88,8,1	88,8,1	72,8,1	64,8,1	56,8,1	96,8,1	20,1,1	20,1,1	20,1,1	20,1,1	144,8,1	112,8,1	112,8,1	96,8,1	96,8,1	96,8,1	96,8,1	128,8,1	144,8,1	112,8,1	96,8,1	96,8,1	72,8,1	160,8,1	112,8,1	80,8,1	80,8,1	96,8,1	96,8,1	96,8,1	48,8,1	20,1,1	112,8,1	112,8,1
头部21	120,8,1	120,8,1	120,8,1	88,8,1	88,8,1	88,8,1	88,8,1	88,8,1	88,8,1	88,8,1	88,8,1	88,8,1	88,8,1	88,8,1	88,8,1	88,8,1	72,8,1	64,8,1	56,8,1	96,8,1	20,1,1	20,1,1	20,1,1	20,1,1	144,8,1	112,8,1	112,8,1	96,8,1	96,8,1	96,8,1	96,8,1	128,8,1	144,8,1	112,8,1	96,8,1	96,8,1	72,8,1	160,8,1	112,8,1	80,8,1	80,8,1	96,8,1	96,8,1	96,8,1	48,8,1	20,1,1	112,8,1	112,8,1
头部22少林	120,8,1	120,8,1	120,8,1	88,8,1	88,8,1	88,8,1	88,8,1	88,8,1	88,8,1	88,8,1	88,8,1	88,8,1	88,8,1	88,8,1	88,8,1	88,8,1	72,8,1	64,8,1	56,8,1	96,8,1	20,1,1	20,1,1	20,1,1	20,1,1	144,8,1	112,8,1	112,8,1	96,8,1	96,8,1	96,8,1	96,8,1	128,8,1	144,8,1	112,8,1	96,8,1	96,8,1	72,8,1	160,8,1	112,8,1	80,8,1	80,8,1	96,8,1	96,8,1	96,8,1	48,8,1	20,1,1	112,8,1	112,8,1
头部23天王	120,8,1	120,8,1	120,8,1	88,8,1	88,8,1	88,8,1	88,8,1	88,8,1	88,8,1	88,8,1	88,8,1	88,8,1	88,8,1	88,8,1	88,8,1	88,8,1	72,8,1	64,8,1	56,8,1	96,8,1	20,1,1	20,1,1	20,1,1	20,1,1	144,8,1	112,8,1	112,8,1	96,8,1	96,8,1	96,8,1	96,8,1	128,8,1	144,8,1	112,8,1	96,8,1	96,8,1	72,8,1	160,8,1	112,8,1	80,8,1	80,8,1	96,8,1	96,8,1	96,8,1	48,8,1	20,1,1	112,8,1	112,8,1
头部24峨眉翠烟	120,8,1	120,8,1	120,8,1	88,8,1	88,8,1	88,8,1	88,8,1	88,8,1	88,8,1	88,8,1	88,8,1	88,8,1	88,8,1	88,8,1	88,8,1	88,8,1	72,8,1	64,8,1	56,8,1	96,8,1	20,1,1	20,1,1	20,1,1	20,1,1	144,8,1	112,8,1	112,8,1	96,8,1	96,8,1	96,8,1	96,8,1	128,8,1	144,8,1	112,8,1	96,8,1	96,8,1	72,8,1	160,8,1	112,8,1	80,8,1	80,8,1	96,8,1	96,8,1	96,8,1	48,8,1	20,1,1	112,8,1	112,8,1
头部25五毒唐门	120,8,1	120,8,1	120,8,1	88,8,1	88,8,1	88,8,1	88,8,1	88,8,1	88,8,1	88,8,1	88,8,1	88,8,1	88,8,1	88,8,1	88,8,1	88,8,1	72,8,1	64,8,1	56,8,1	96,8,1	20,1,1	20,1,1	20,1,1	20,1,1	144,8,1	112,8,1	112,8,1	96,8,1	96,8,1	96,8,1	96,8,1	128,8,1	144,8,1	112,8,1	96,8,1	96,8,1	72,8,1	160,8,1	112,8,1	80,8,1	80,8,1	96,8,1	96,8,1	96,8,1	48,8,1	20,1,1	112,8,1	112,8,1
头部26丐帮	120,8,1	120,8,1	120,8,1	88,8,1	88,8,1	88,8,1	88,8,1	88,8,1	88,8,1	88,8,1	88,8,1	88,8,1	88,8,1	88,8,1	88,8,1	88,8,1	72,8,1	64,8,1	56,8,1	96,8,1	20,1,1	20,1,1	20,1,1	20,1,1	144,8,1	112,8,1	112,8,1	96,8,1	96,8,1	96,8,1	96,8,1	128,8,1	144,8,1	112,8,1	96,8,1	96,8,1	72,8,1	160,8,1	112,8,1	80,8,1	80,8,1	96,8,1	96,8,1	96,8,1	48,8,1	20,1,1	112,8,1	112,8,1
头部27天忍	120,8,1	120,8,1	120,8,1	88,8,1	88,8,1	88,8,1	88,8,1	88,8,1	88,8,1	88,8,1	88,8,1	88,8,1	88,8,1	88,8,1	88,8,1	88,8,1	72,8,1	64,8,1	56,8,1	96,8,1	20,1,1	20,1,1	20,1,1	20,1,1	144,8,1	112,8,1	112,8,1	96,8,1	96,8,1	96,8,1	96,8,1	128,8,1	144,8,1	112,8,1	96,8,1	96,8,1	72,8,1	160,8,1	112,8,1	80,8,1	80,8,1	96,8,1	96,8,1	96,8,1	48,8,1	20,1,1	112,8,1	112,8,1
头部28武当昆仑	120,8,1	120,8,1	120,8,1	88,8,1	88,8,1	88,8,1	88,8,1	88,8,1	88,8,1	88,8,1	88,8,1	88,8,1	88,8,1	88,8,1	88,8,1	88,8,1	72,8,1	64,8,1	56,8,1	96,8,1	20,1,1	20,1,1	20,1,1	20,1,1	144,8,1	112,8,1	112,8,1	96,8,1	96,8,1	96,8,1	96,8,1	128,8,1	144,8,1	112,8,1	96,8,1	96,8,1	72,8,1	160,8,1	112,8,1	80,8,1	80,8,1	96,8,1	96,8,1	96,8,1	48,8,1	20,1,1	112,8,1	112,8,1
头部29	120,8,1	120,8,1	88,8,1	88,8,1	88,8,1	88,8,1	120,8,1	120,8,1	120,8,1	120,8,1	120,8,1	88,8,1	88,8,1	88,8,1	88,8,1	88,8,1	72,8,1	64,8,1	48,8,1	104,8,1	96,8,1	88,8,1	120,8,1	144,8,1	144,8,1	128,8,1	112,8,1	96,8,1	104,8,1	136,8,1	96,8,1	128,8,1	96,8,1	96,8,1	104,8,1	128,8,1	64,8,1	160,8,1	112,8,1	96,8,1	80,8,1	96,8,1	112,8,1	104,8,1	48,8,1	112,8,1	112,8,1	112,8,1
头部30	120,8,1	120,8,1	88,8,1	88,8,1	88,8,1	88,8,1	120,8,1	120,8,1	120,8,1	120,8,1	120,8,1	88,8,1	88,8,1	88,8,1	88,8,1	88,8,1	72,8,1	64,8,1	48,8,1	104,8,1	96,8,1	88,8,1	120,8,1	144,8,1	144,8,1	128,8,1	112,8,1	96,8,1	96,8,1	128,8,1	96,8,1	128,8,1	96,8,1	96,8,1	104,8,1	128,8,1	64,8,1	160,8,1	112,8,1	96,8,1	80,8,1	96,8,1	112,8,1	104,8,1	48,8,1	112,8,1	112,8,1	112,8,1
头部31																																																
头部32																																																
头部33	120,8,1	120,8,1	88,8,1	88,8,1	88,8,1	88,8,1	120,8,1	120,8,1	120,8,1	120,8,1	120,8,1	88,8,1	88,8,1	88,8,1	88,8,1	88,8,1	72,8,1	64,8,1	48,8,1	104,8,1	96,8,1	88,8,1	120,8,1	144,8,1	144,8,1	128,8,1	112,8,1	96,8,1	104,8,1	136,8,1	96,8,1	128,8,1	96,8,1	96,8,1	104,8,1	128,8,1	64,8,1	160,8,1	112,8,1	96,8,1	80,8,1	96,8,1	112,8,1	104,8,1	48,8,1	112,8,1	112,8,1	112,8,1
头部34	120,8,1	120,8,1	88,8,1	88,8,1	88,8,1	88,8,1	120,8,1	120,8,1	120,8,1	120,8,1	120,8,1	88,8,1	88,8,1	88,8,1	88,8,1	88,8,1	72,8,1	64,8,1	48,8,1	104,8,1	96,8,1	88,8,1	120,8,1	144,8,1	144,8,1	128,8,1	112,8,1	96,8,1	104,8,1	136,8,1	96,8,1	128,8,1	96,8,1	96,8,1	104,8,1	128,8,1	72,8,1	160,8,1	112,8,1	96,8,1	80,8,1	96,8,1	112,8,1	104,8,1	48,8,1	112,8,1	112,8,1	112,8,1
头部35	120,8,1	120,8,1	88,8,1	88,8,1	88,8,1	88,8,1	120,8,1	120,8,1	120,8,1	120,8,1	120,8,1	88,8,1	88,8,1	88,8,1	88,8,1	88,8,1	72,8,1	64,8,1	48,8,1	104,8,1	96,8,1	88,8,1	120,8,1	144,8,1	144,8,1	128,8,1	112,8,1	96,8,1	96,8,1	128,8,1	96,8,1	128,8,1	96,8,1	96,8,1	104,8,1	128,8,1	64,8,1	160,8,1	112,8,1	96,8,1	80,8,1	96,8,1	112,8,1	104,8,1	48,8,1	112,8,1	112,8,1	112,8,1
头部36	120,8,1	120,8,1	88,8,1	88,8,1	88,8,1	88,8,1	120,8,1	120,8,1	120,8,1	120,8,1	120,8,1	88,8,1	88,8,1	88,8,1	88,8,1	88,8,1	72,8,1	64,8,1	48,8,1	104,8,1	96,8,1	88,8,1	120,8,1	144,8,1	144,8,1	128,8,1	112,8,1	96,8,1	104,8,1	136,8,1	96,8,1	128,8,1	96,8,1	96,8,1	104,8,1	128,8,1	72,8,1	160,8,1	112,8,1	96,8,1	80,8,1	96,8,1	112,8,1	104,8,1	48,8,1	112,8,1	112,8,1	112,8,1
头部37	120,8,1	120,8,1	88,8,1	88,8,1	88,8,1	88,8,1	120,8,1	120,8,1	120,8,1	120,8,1	120,8,1	88,8,1	88,8,1	88,8,1	88,8,1	88,8,1	72,8,1	64,8,1	48,8,1	104,8,1	96,8,1	88,8,1	120,8,1	144,8,1	144,8,1	128,8,1	112,8,1	96,8,1	104,8,1	136,8,1	96,8,1	128,8,1	96,8,1	96,8,1	104,8,1	128,8,1	72,8,1	160,8,1	112,8,1	96,8,1	80,8,1	96,8,1	112,8,1	104,8,1	48,8,1	112,8,1	112,8,1	112,8,1
头部38	120,8,1	120,8,1	88,8,1	88,8,1	88,8,1	88,8,1	120,8,1	120,8,1	120,8,1	120,8,1	120,8,1	88,8,1	88,8,1	88,8,1	88,8,1	88,8,1	72,8,1	64,8,1	48,8,1	104,8,1	96,8,1	88,8,1	120,8,1	144,8,1	144,8,1	128,8,1	112,8,1	96,8,1	104,8,1	136,8,1	96,8,1	128,8,1	96,8,1	96,8,1	104,8,1	128,8,1	72,8,1	160,8,1	112,8,1	96,8,1	80,8,1	96,8,1	112,8,1	104,8,1	48,8,1	112,8,1	112,8,1	112,8,1
头部39	120,8,1	120,8,1	88,8,1	88,8,1	88,8,1	88,8,1	120,8,1	120,8,1	120,8,1	120,8,1	120,8,1	88,8,1	88,8,1	88,8,1	88,8,1	88,8,1	72,8,1	64,8,1	48,8,1	104,8,1	96,8,1	88,8,1	120,8,1	144,8,1	144,8,1	128,8,1	112,8,1	96,8,1	104,8,1	136,8,1	96,8,1	128,8,1	96,8,1	96,8,1	104,8,1	128,8,1	72,8,1	160,8,1	112,8,1	96,8,1	80,8,1	96,8,1	112,8,1	96,8,1	48,8,1	112,8,1	112,8,1	112,8,1
