EqName	FreeStand1	FreeStand2	FreeStand3	MeleeWStand	RangeWStand	DoubleWStand	FreeWalk	NormalWalk	MeleeWWalk	RangeWWalk	DoubleWWalk	FreeRun	NormalRun	MeleeWRun	RangeWRun	DoubleWRun	FreeWound	MeleeWWound	RangeWWound	DoubleWWound	FreeDie	MeleeWDie	RangeWDie	DoubleWDie	FreeAttack	MeleeWPuncture	MeleeWCut	RangeWPuncture	RangeWCut	DoubleWPull	DoubleWPound	DartThrow	FreeMagic	MeleeWMagic	RangeWMagic	DoubleWMagic	SitDown	Jump	RideStand	RideWalk	RideRun	RideCut	RidePuncture	RideMagic	RideWound	RideDie	RideStand1	RideStand2
头部01																																																
头部02																																																
头部03																																																
头部04																																																
头部05																																																
头部06																																																
头部07																																																
头部08																																																
头部09																																																
头部10																																																
头部11																																																
头部12	120,8,1	120,8,1	120,8,1	88,8,1	88,8,1	88,8,1	88,8,1	88,8,1	88,8,1	88,8,1	88,8,1	88,8,1	88,8,1	88,8,1	88,8,1	88,8,1	72,8,1	64,8,1	56,8,1	96,8,1	20,1,1	20,1,1	20,1,1	20,1,1	144,8,1	112,8,1	112,8,1	96,8,1	96,8,1	96,8,1	96,8,1	128,8,1	144,8,1	112,8,1	96,8,1	96,8,1	72,8,1	160,8,1	112,8,1	80,8,1	80,8,1	96,8,1	96,8,1	96,8,1	48,8,1		20,1,1	112,8,1
头部13																																																
头部14																																																
头部15																																																
头部16																																					72,8,1											
头部17																																																
头部18																																																
头部19	120,8,1	120,8,1	120,8,1	88,8,1	88,8,1	88,8,1	88,8,1	88,8,1	88,8,1	88,8,1	88,8,1	88,8,1	88,8,1	88,8,1	88,8,1	88,8,1	72,8,1	64,8,1	56,8,1	96,8,1	20,1,1	20,1,1	20,1,1	20,1,1	144,8,1	112,8,1	112,8,1	96,8,1	96,8,1	96,8,1	96,8,1	128,8,1	144,8,1	112,8,1	96,8,1	96,8,1	72,8,1	160,8,1	112,8,1	80,8,1	80,8,1	96,8,1	96,8,1	96,8,1	48,8,1		20,1,1	112,8,1
头部20																																																
头部21																																																
头部22少林	120,8,1	120,8,1	120,8,1	88,8,1	88,8,1	88,8,1	88,8,1	88,8,1	88,8,1	88,8,1	88,8,1	88,8,1	88,8,1	88,8,1	88,8,1	88,8,1	72,8,1	64,8,1	56,8,1	96,8,1	20,1,1	20,1,1	20,1,1	20,1,1	144,8,1	112,8,1	112,8,1	96,8,1	96,8,1	96,8,1	96,8,1	128,8,1	144,8,1	112,8,1	96,8,1	96,8,1	72,8,1	160,8,1	112,8,1	80,8,1	80,8,1	96,8,1	96,8,1	96,8,1	48,8,1		20,1,1	112,8,1
头部23天王	120,8,1	120,8,1	120,8,1	88,8,1	88,8,1	88,8,1	88,8,1	88,8,1	88,8,1	88,8,1	88,8,1	88,8,1	88,8,1	88,8,1	88,8,1	88,8,1	72,8,1	64,8,1	56,8,1	96,8,1	20,1,1	20,1,1	20,1,1	20,1,1	144,8,1	112,8,1	112,8,1	96,8,1	96,8,1	96,8,1	96,8,1	128,8,1	144,8,1	112,8,1	96,8,1	96,8,1	72,8,1	160,8,1	112,8,1	80,8,1	80,8,1	96,8,1	96,8,1	96,8,1	48,8,1		20,1,1	112,8,1
头部24峨眉翠烟	120,8,1	120,8,1	120,8,1	88,8,1	88,8,1	88,8,1	88,8,1	88,8,1	88,8,1	88,8,1	88,8,1	88,8,1	88,8,1	88,8,1	88,8,1	88,8,1	72,8,1	64,8,1	56,8,1	96,8,1	20,1,1	20,1,1	20,1,1	20,1,1	144,8,1	112,8,1	112,8,1	96,8,1	96,8,1	96,8,1	96,8,1	128,8,1	144,8,1	112,8,1	96,8,1	96,8,1	72,8,1	160,8,1	112,8,1	80,8,1	80,8,1	96,8,1	96,8,1	96,8,1	48,8,1		20,1,1	112,8,1
头部25五毒唐门	120,8,1	120,8,1	120,8,1	88,8,1	88,8,1	88,8,1	88,8,1	88,8,1	88,8,1	88,8,1	88,8,1	88,8,1	88,8,1	88,8,1	88,8,1	88,8,1	72,8,1	64,8,1	56,8,1	96,8,1	20,1,1	20,1,1	20,1,1	20,1,1	144,8,1	112,8,1	112,8,1	96,8,1	96,8,1	96,8,1	96,8,1	128,8,1	144,8,1	112,8,1	96,8,1	96,8,1	72,8,1	160,8,1	112,8,1	80,8,1	80,8,1	96,8,1	96,8,1	96,8,1	48,8,1		20,1,1	112,8,1
头部26丐帮	120,8,1	120,8,1	120,8,1	88,8,1	88,8,1	88,8,1	88,8,1	88,8,1	88,8,1	88,8,1	88,8,1	88,8,1	88,8,1	88,8,1	88,8,1	88,8,1	72,8,1	64,8,1	56,8,1	96,8,1	20,1,1	20,1,1	20,1,1	20,1,1	144,8,1	112,8,1	112,8,1	96,8,1	96,8,1	96,8,1	96,8,1	128,8,1	144,8,1	112,8,1	96,8,1	96,8,1	72,8,1	160,8,1	112,8,1	80,8,1	80,8,1	96,8,1	96,8,1	96,8,1	48,8,1		20,1,1	112,8,1
头部27天忍	120,8,1	120,8,1	120,8,1	88,8,1	88,8,1	88,8,1	88,8,1	88,8,1	88,8,1	88,8,1	88,8,1	88,8,1	88,8,1	88,8,1	88,8,1	88,8,1	72,8,1	64,8,1	56,8,1	96,8,1	20,1,1	20,1,1	20,1,1	20,1,1	144,8,1	112,8,1	112,8,1	96,8,1	96,8,1	96,8,1	96,8,1	128,8,1	144,8,1	112,8,1	96,8,1	96,8,1	72,8,1	160,8,1	112,8,1	80,8,1	80,8,1	96,8,1	96,8,1	96,8,1	48,8,1		20,1,1	112,8,1
头部28武当昆仑	120,8,1	120,8,1	120,8,1	88,8,1	88,8,1	88,8,1	88,8,1	88,8,1	88,8,1	88,8,1	88,8,1	88,8,1	88,8,1	88,8,1	88,8,1	88,8,1	72,8,1	64,8,1	56,8,1	96,8,1	20,1,1	20,1,1	20,1,1	20,1,1	144,8,1	112,8,1	112,8,1	96,8,1	96,8,1	96,8,1	96,8,1	128,8,1	144,8,1	112,8,1	96,8,1	96,8,1	72,8,1	160,8,1	112,8,1	80,8,1	80,8,1	96,8,1	96,8,1	96,8,1	48,8,1		20,1,1	112,8,1
头部29																																																
头部30																																																
头部31																																																
头部32																																																
头部33	120,8,1	120,8,1	88,8,1	88,8,1	88,8,1	88,8,1	120,8,1	120,8,1	120,8,1	120,8,1	120,8,1	88,8,1	88,8,1	88,8,1	88,8,1	88,8,1	72,8,1	64,8,1	48,8,1	104,8,1	96,8,1	88,8,1	120,8,1	144,8,1	144,8,1	128,8,1	112,8,1	96,8,1	104,8,1	136,8,1	96,8,1	128,8,1	96,8,1	96,8,1	104,8,1	128,8,1	64,8,1	160,8,1	112,8,1	104,8,1	80,8,1	96,8,1	112,8,1	104,8,1	48,8,1	112,8,1	112,8,1	112,8,1
头部34	120,8,1	120,8,1	88,8,1	88,8,1	88,8,1	88,8,1	120,8,1	120,8,1	120,8,1	120,8,1	120,8,1	88,8,1	88,8,1	88,8,1	88,8,1	88,8,1	72,8,1	64,8,1	48,8,1	104,8,1	96,8,1	88,8,1	120,8,1	144,8,1	144,8,1	128,8,1	112,8,1	96,8,1	104,8,1	136,8,1	96,8,1	128,8,1	96,8,1	96,8,1	104,8,1	128,8,1	104,8,1	160,8,1	112,8,1	96,8,1	80,8,1	96,8,1	112,8,1	104,8,1	48,8,1	112,8,1	112,8,1	112,8,1
头部35																																																
头部36	120,8,1	120,8,1	88,8,1	88,8,1	88,8,1	88,8,1	120,8,1	120,8,1	120,8,1	120,8,1	120,8,1	88,8,1	88,8,1	88,8,1	88,8,1	88,8,1	72,8,1	64,8,1	48,8,1	104,8,1	96,8,1	88,8,1	120,8,1	144,8,1	144,8,1	128,8,1	112,8,1	96,8,1	104,8,1	136,8,1	96,8,1	128,8,1	96,8,1	96,8,1	104,8,1	128,8,1	72,8,1	160,8,1	112,8,1	96,8,1	80,8,1	96,8,1	112,8,1	104,8,1	48,8,1	112,8,1	112,8,1	112,8,1
头部37	120,8,1	120,8,1	88,8,1	88,8,1	88,8,1	88,8,1	120,8,1	120,8,1	120,8,1	120,8,1	120,8,1	88,8,1	88,8,1	88,8,1	88,8,1	88,8,1	72,8,1	64,8,1	48,8,1	104,8,1	96,8,1	88,8,1	120,8,1	144,8,1	144,8,1	128,8,1	112,8,1	96,8,1	104,8,1	136,8,1	96,8,1	128,8,1	96,8,1	96,8,1	104,8,1	128,8,1	72,8,1	160,8,1	112,8,1	96,8,1	80,8,1	96,8,1	112,8,1	104,8,1	48,8,1	112,8,1	112,8,1	112,8,1
头部38	120,8,1	120,8,1	88,8,1	88,8,1	88,8,1	88,8,1	120,8,1	120,8,1	120,8,1	120,8,1	120,8,1	88,8,1	88,8,1	88,8,1	88,8,1	88,8,1	72,8,1	64,8,1	48,8,1	104,8,1	96,8,1	88,8,1	120,8,1	144,8,1	144,8,1	128,8,1	112,8,1	96,8,1	104,8,1	136,8,1	96,8,1	128,8,1	96,8,1	96,8,1	104,8,1	128,8,1	72,8,1	160,8,1	112,8,1	96,8,1	80,8,1	96,8,1	112,8,1	104,8,1	48,8,1	112,8,1	112,8,1	112,8,1
头部39	120,8,1	120,8,1	88,8,1	88,8,1	88,8,1	88,8,1	120,8,1	120,8,1	120,8,1	120,8,1	120,8,1	88,8,1	88,8,1	88,8,1	88,8,1	88,8,1	72,8,1	64,8,1	48,8,1	104,8,1	96,8,1	88,8,1	120,8,1	144,8,1	144,8,1	128,8,1	112,8,1	96,8,1	104,8,1	136,8,1	96,8,1	128,8,1	96,8,1	96,8,1	104,8,1	128,8,1	72,8,1	160,8,1	112,8,1	96,8,1	80,8,1	96,8,1	112,8,1	96,8,1	48,8,1	112,8,1	112,8,1	112,8,1
