[DEFAULT]
Dir1=-1,14,13,1,4,9,7,5,6,12,8,0,
Dir2=-1,14,13,9,7,4,1,5,12,6,8,0,
Dir3=-1,9,7,12,13,14,5,4,1,0,6,8,
Dir4=-1,9,7,12,13,5,14,4,1,0,8,6,
Dir5=-1,12,13,8,6,5,14,4,1,0,7,9,
Dir6=-1,8,6,12,13,5,14,4,1,0,9,7,
Dir7=-1,8,6,12,13,14,5,4,1,0,9,7,
Dir8=-1,14,13,4,1,8,6,5,12,0,9,7,
Dir9=-1,12,13,14,8,6,9,5,4,0,1,7,
Dir10=-1,12,13,14,8,6,9,5,4,0,1,7,
Dir11=-1,12,13,14,8,6,9,5,4,0,1,7,
Dir12=-1,12,13,14,8,6,5,4,0,1,9,7,
Dir13=-1,12,13,14,8,6,5,4,0,1,9,7,
Dir14=-1,12,13,14,8,6,5,4,1,0,7,9,
Dir15=-1,12,13,14,6,8,5,4,1,0,7,9,
Dir16=-1,12,13,14,5,0,1,6,8,7,9,4,
UnitNum=11
DirNum=18

[RangeWStand]
Dir1=-1,14,13,1,4,7,5,6,8,9,0,12,
Dir2=-1,14,13,7,4,1,5,12,6,8,0,9,
Dir5=-1,12,13,9,8,6,5,14,4,1,0,7,
Dir6=-1,8,6,12,13,9,5,14,4,1,0,7,
Dir7=-1,8,6,12,13,14,1,4,5,0,9,7,

[RangeWWalk]
Dir1=-1,14,13,1,4,7,5,6,8,0,12,9,
Dir2=-1,14,13,7,4,1,5,12,6,8,0,9,
Line1=30,7,12,13,14,5,4,1,0,9,6,8
Line2=31,7,12,13,14,5,4,1,0,9,6,8
Line3=44,7,12,13,14,5,4,1,0,9,6,8
Dir5=-1,12,13,9,8,6,5,14,4,1,0,7,
Dir6=-1,8,6,12,13,9,5,14,4,1,0,7,

[RangeWRun]
Dir1=-1,14,13,1,4,7,5,6,8,0,9,12,
Dir2=-1,14,13,7,4,1,5,12,6,8,0,9,
Dir5=-1,12,13,9,8,6,5,14,4,1,0,7,
Dir6=-1,8,6,12,13,5,14,9,4,1,0,7,

[RangeWWound]
Dir1=-1,14,13,1,4,7,5,6,8,0,12,9,
Dir2=-1,14,13,7,4,1,5,12,6,8,0,9,
Dir5=-1,12,13,9,8,6,5,14,4,1,0,7,
Dir6=-1,8,6,12,13,5,9,14,4,1,0,7,

[RangeWDie]
Dir1=-1,14,13,1,4,7,5,6,8,0,12,9,
Dir2=-1,14,13,7,4,1,5,12,6,8,0,9,
Dir5=-1,12,13,9,8,6,5,14,4,1,0,7,
Dir6=-1,8,6,12,13,9,5,14,4,1,0,7,
Line1=13,14,13,7,5,6,8,0,12,9,4,1
Line2=12,14,13,7,5,6,8,0,12,9,4,1
Line3=14,14,13,7,5,6,8,0,12,9,4,1
Line4=27,14,13,7,5,12,6,8,0,9,4,1
Line5=28,14,13,7,5,12,6,8,0,9,4,1
Line6=29,14,13,7,5,12,6,8,0,9,4,1
Line7=102,8,6,12,13,14,5,0,9,7,4,1
Line8=103,8,6,12,13,14,5,0,9,7,4,1
Line9=104,8,6,12,13,14,5,0,9,7,4,1
Line10=117,14,13,8,6,5,12,0,9,7,4,1
Line11=118,14,13,8,6,5,12,0,9,7,4,1
Line12=119,14,13,8,6,5,12,0,9,7,4,1

[RangeWCut]
Dir1=-1,14,13,1,4,7,5,6,8,0,12,9,
Dir2=-1,14,13,7,4,1,5,12,6,8,0,9,
Line1=18,14,13,9,7,4,1,5,12,6,8,0
Line2=19,14,13,9,7,4,1,5,12,6,8,0
Line3=20,14,13,9,7,4,1,5,12,6,8,0
Line4=21,14,13,9,7,4,1,5,12,6,8,0
Line5=22,14,13,9,7,4,1,5,12,6,8,0
Line6=26,7,12,13,14,5,4,1,0,6,8,9
Line7=27,7,12,13,14,5,4,1,0,6,8,9
Line8=28,7,12,13,14,5,4,1,0,6,8,9
Line9=29,7,12,13,14,5,4,1,0,6,8,9
Line10=39,7,12,13,5,14,4,1,0,8,6,9
Line11=40,7,12,13,5,14,4,1,0,8,6,9
Dir5=-1,12,13,9,8,6,5,14,4,1,0,7,
Line12=52,12,13,8,6,7,5,14,4,1,0,9
Dir6=-1,8,6,12,13,5,14,4,1,9,7,0,
Dir7=-1,8,6,12,13,14,5,4,1,9,7,0,
Line13=42,9,7,12,13,6,5,14,4,1,0,8
Line14=43,9,7,12,13,6,5,14,4,1,0,8
Line15=44,9,7,12,13,6,5,14,4,1,0,8
Line16=50,12,13,9,8,6,7,5,14,4,1,0
Line17=51,12,13,9,8,6,7,5,14,4,1,0
Line18=53,12,13,9,8,6,7,5,14,4,1,0
Line19=90,14,13,4,1,8,5,6,12,0,9,7
Line20=91,14,13,4,1,8,5,6,12,0,9,7
Line21=92,14,13,4,1,8,5,6,12,0,9,7
Line22=93,14,13,4,1,8,5,6,12,0,9,7
Line23=2,14,13,1,4,5,7,6,8,0,12,9
Line24=3,14,13,1,4,5,7,6,8,0,12,9
Line25=4,14,13,1,4,5,7,6,8,0,12,9

[RangeWPuncture]
Dir1=-1,14,13,1,4,7,5,6,8,0,12,9,
Line1=12,14,13,7,4,1,5,12,6,8,0,9
Dir5=-1,12,13,9,8,6,5,14,4,1,0,7,
Dir6=-1,8,6,12,13,5,14,4,1,9,7,0,
Line2=38,9,7,12,13,6,5,14,4,1,0,8
Line3=37,9,7,12,13,6,5,14,4,1,0,8
Line4=39,9,12,13,6,5,7,14,4,1,0,8
Line5=40,9,12,13,6,5,7,14,4,1,0,8
Line6=41,9,7,12,13,6,5,14,4,1,0,8
Line7=87,14,13,4,1,8,5,6,12,0,9,7
Line8=88,14,13,4,1,8,5,6,12,0,9,7
Line9=89,14,13,4,1,8,5,6,12,0,9,7

[RangeWMagic]
Dir1=-1,14,13,1,4,7,5,6,8,0,12,9,
Dir2=-1,14,13,7,4,1,5,12,6,8,0,9,
Line1=32,7,12,13,14,5,4,1,0,6,8,9
Line2=33,7,12,13,14,5,4,1,0,6,8,9
Line3=34,7,12,13,14,5,4,1,0,6,8,9
Line4=35,7,12,13,14,5,4,1,0,6,8,9
Dir5=-1,12,13,9,8,6,5,14,4,1,0,7,
Dir6=-1,9,8,6,12,13,5,14,4,1,0,7,
Dir8=-1,14,13,4,1,8,6,5,12,0,7,9,
Line5=31,7,12,13,14,5,4,1,0,6,8,9
Line6=36,7,12,13,14,5,4,1,0,6,8,9
Line7=71,8,6,12,13,5,14,4,1,0,7,9
Line8=72,8,6,12,13,5,14,4,1,0,7,9
Line9=73,8,6,12,13,5,14,4,1,0,7,9
Line10=74,8,6,12,13,5,14,4,1,0,7,9
Line11=75,8,6,12,13,5,14,4,1,0,7,9

[RideStand]
Dir5=-1,12,13,8,6,5,14,0,7,4,9,1,
Dir1=-1,14,13,1,4,9,7,6,5,12,8,0,
Dir6=-1,8,6,12,13,5,14,0,7,4,9,1,

[RideStand1]
Dir5=-1,12,13,8,6,5,14,0,7,4,9,1,
Dir1=-1,14,13,1,4,9,7,6,5,12,8,0,
Dir6=-1,8,6,12,13,5,14,0,7,4,9,1,

[RideStand2]
Dir5=-1,12,13,8,6,5,14,0,7,4,9,1,
Dir1=-1,14,13,1,4,9,7,6,5,12,8,0,
Dir6=-1,8,6,12,13,5,14,0,7,4,9,1,

[RideRun]
Dir5=-1,12,13,8,6,5,14,0,9,7,4,1,
Dir1=-1,14,13,1,9,4,7,5,6,12,8,0,
Dir6=-1,8,6,12,13,5,14,0,9,7,4,1,
Dir7=-1,8,6,12,13,14,5,0,9,7,4,1,
Dir8=-1,14,13,8,6,5,12,4,1,0,9,7,

[RideWalk]
Dir1=-1,14,13,1,4,9,7,6,5,12,8,0,
Dir5=-1,12,13,8,6,5,14,0,7,4,9,1,
Dir6=-1,8,6,12,13,5,14,0,7,4,9,1,

[RideWound]
Dir5=-1,12,13,8,6,5,14,0,9,7,4,1,
Dir1=-1,14,13,1,4,9,7,6,5,12,8,0,
Line1=2,14,13,1,4,9,7,8,6,5,12,0

[RideMagic]
Line1=8,14,13,1,4,7,5,12,8,0,9,6
Line2=9,14,13,1,4,7,5,12,8,0,9,6
Line3=10,14,13,1,4,7,5,12,8,0,9,6
Dir1=-1,14,13,1,4,9,7,5,12,8,0,6,
Line4=0,14,13,1,4,9,7,6,5,12,8,0
Line5=1,14,13,1,4,9,7,6,5,12,8,0
Line6=2,14,13,1,4,9,7,6,5,12,8,0
Line7=11,14,13,1,4,9,7,6,5,12,8,0
Dir5=-1,12,13,8,5,6,14,0,7,4,9,1,

[RideDie]
Line1=6,14,13,1,4,7,5,6,12,8,0,9
Line2=7,14,13,1,4,7,5,6,12,8,0,9
Line3=8,14,13,1,4,7,5,6,12,8,0,9
Line4=9,14,13,1,4,5,6,12,8,0,7,9
Line5=10,14,13,1,4,5,6,12,8,0,7,9
Line6=11,8,14,13,1,4,5,6,12,0,7,9
Line7=13,8,14,13,1,4,5,6,12,0,7,9
Line8=12,8,14,13,1,4,5,6,12,0,7,9
Line9=23,14,13,4,1,5,12,6,8,0,7,9
Line10=24,14,13,4,1,5,12,6,8,0,7,9
Line11=25,14,13,4,1,5,12,6,8,0,7,9
Line12=26,14,13,4,1,5,12,6,8,0,9,7
Line13=27,14,13,4,1,5,12,6,8,0,9,7
Line14=37,6,12,13,14,5,4,1,0,8,7,9
Line15=38,6,12,13,14,5,4,1,0,8,7,9
Line16=39,6,12,13,14,5,4,1,0,8,7,9
Line17=40,6,12,13,14,5,4,1,0,8,7,9
Line18=41,6,12,13,14,5,4,1,0,8,7,9
Line19=51,6,12,13,5,14,4,1,0,8,7,9
Line20=52,6,12,13,5,14,4,1,0,8,7,9
Line21=53,6,12,13,5,14,4,1,0,8,7,9
Line22=54,6,12,13,5,14,4,1,0,8,7,9
Line23=55,6,12,13,5,14,4,1,0,8,7,9
Dir5=-1,12,13,8,6,5,14,1,0,7,4,9,

[RideCut]
Line1=4,14,13,1,4,7,5,6,12,8,0,9
Line2=7,14,13,1,4,7,9,5,6,12,8,0
Line3=8,14,13,1,4,5,7,12,8,6,0,9
Line4=9,14,13,1,4,5,7,12,9,8,6,0
Line5=10,14,13,1,4,5,12,8,6,0,9,7
Dir5=-1,12,13,8,5,6,14,0,7,4,1,9,
Line6=56,12,13,5,8,6,14,9,7,0,4,1
Line7=88,14,13,4,1,8,6,5,12,0,7,9
Line8=89,14,13,4,1,8,6,5,12,0,7,9
Line9=90,14,13,4,1,8,6,5,12,0,7,9
Line10=11,14,13,1,4,9,7,5,12,8,6,0
Line11=55,12,13,5,8,6,14,0,7,4,1,9
Line12=57,12,13,5,6,8,14,4,1,0,9,7
Line13=58,12,13,5,6,8,14,1,0,9,7,4
Line15=48,12,13,8,5,6,14,0,7,1,4,9

[RidePuncture]
Line1=5,14,13,1,4,5,12,8,6,0,9,7
Line2=6,14,13,1,4,5,6,12,8,0,9,7
Line3=10,14,13,1,4,7,5,12,8,6,0,9
Line4=11,14,13,1,4,5,12,8,6,0,9,7
Line5=12,14,13,1,4,5,12,8,6,0,9,7
Line6=13,14,13,1,4,9,7,5,12,8,6,0
Dir2=-1,14,13,9,7,4,1,5,12,8,6,0,
Dir5=-1,12,13,8,6,5,14,0,7,4,1,9,
Line7=61,12,13,9,5,8,6,14,1,0,7,4
Line8=62,12,13,9,5,8,6,14,1,0,7,4
Line9=66,9,12,13,5,8,6,14,0,7,4,1
Line10=67,9,12,13,5,8,6,14,0,7,4,1
Line11=68,9,12,13,5,8,6,14,0,7,4,1

[DoubleWRun]
Dir1=-1,1,7,6,5,9,0,12,8,14,13,4,
Dir2=-1,14,13,9,7,4,1,5,8,12,6,0,
Dir5=-1,12,13,8,6,9,5,7,14,4,1,0,

[DoubleWStand]
Dir1=-1,14,13,1,4,7,5,6,0,12,9,8,
Dir5=-1,9,12,13,8,6,5,14,4,1,0,7,
Dir8=-1,14,13,4,1,8,6,5,12,0,7,9,
Dir7=-1,8,6,12,13,14,5,4,1,0,7,9,
Line1=8,13,1,4,7,5,6,0,12,9,8,14

[FreeRun]
Dir1=-1,14,13,1,4,9,7,6,5,8,0,12,
Dir5=-1,12,13,8,6,7,5,14,4,1,0,9,
Line1=5,14,13,1,4,9,7,5,6,8,0,12
Line2=6,14,13,1,4,9,7,5,6,8,0,12
Line3=0,14,13,1,4,7,6,5,8,0,12,9
Line4=10,14,13,1,4,7,6,5,8,9,0,12

[DoubleWWalk]
Dir1=-1,14,13,1,4,7,6,5,0,12,8,9,
Dir5=-1,9,7,12,13,8,6,14,4,5,1,0,
Dir2=-1,14,13,7,4,1,12,9,5,6,8,0,

[FreeWalk]
Dir1=-1,14,13,1,4,9,7,6,5,8,0,12,
Dir5=-1,12,13,8,6,7,5,14,4,1,0,9,
Line1=0,14,13,1,4,9,6,7,5,8,0,12
Line2=1,14,13,1,4,9,7,6,5,8,0,12
Line3=2,14,13,1,4,9,7,6,5,8,0,12
Line4=3,14,13,1,4,9,7,6,5,8,0,12
Line5=4,14,13,1,4,9,6,7,5,8,0,12
Line6=11,14,13,1,4,9,7,6,5,8,0,12
Line7=12,14,13,1,4,9,7,6,5,8,0,12
Line8=13,14,13,1,4,9,7,6,5,8,0,12
Line9=14,14,13,1,4,9,7,6,5,8,0,12
Line10=5,14,13,1,4,9,7,6,5,8,0,12
Line11=10,14,13,1,4,9,7,6,5,8,0,12
Line12=9,14,13,1,4,9,7,6,5,8,0,12
Line14=8,14,13,1,4,9,7,6,5,8,0,12

[DoubleWWound]
Dir1=-1,14,13,1,4,7,5,0,6,8,12,9,
Dir2=-1,14,13,7,4,1,5,12,6,8,0,9,
Dir4=-1,9,7,12,13,8,5,14,4,1,0,6,
Dir5=-1,12,13,8,6,5,14,4,9,1,0,7,
Dir7=-1,6,12,13,14,5,4,1,0,7,8,9,
Dir8=-1,14,13,4,1,6,5,12,0,8,7,9,
Dir3=-1,9,7,12,13,14,5,4,1,8,0,6,

[DoubleWDie]
Dir1=-1,14,13,1,4,7,5,6,8,9,0,12,
Dir5=-1,12,13,8,6,9,5,14,4,1,0,7,
Line1=71,8,9,7,12,13,5,14,4,1,0,6

[DoubleWPound]
Dir1=-1,14,13,1,4,7,5,6,8,0,9,12,
Dir2=-1,14,13,9,7,4,1,5,12,6,0,8,
Dir5=-1,12,13,8,6,14,4,1,0,9,5,7,
Line1=57,12,13,8,6,14,4,1,9,0,5,7
Line2=7,14,13,1,4,5,6,8,0,9,7,12
Line3=8,14,13,1,4,5,6,8,0,9,7,12
Line4=55,12,13,8,6,14,4,1,0,9,7,5
Line5=56,12,13,8,14,4,1,0,9,6,5,7
Dir8=-1,14,13,4,1,8,6,5,12,0,7,9,

[DoubleWPull]
Dir1=-1,14,13,1,4,5,6,7,0,8,12,9,
Dir2=-1,14,13,7,4,1,5,12,0,6,8,9,
Dir3=-1,9,7,12,13,14,5,4,1,0,8,6,
Dir5=-1,12,13,9,8,6,5,7,14,4,1,0,
Dir8=-1,14,13,4,1,6,5,12,0,8,7,9,
Dir4=-1,9,7,12,13,5,14,4,8,1,0,6,
Line1=56,9,7,12,13,5,14,4,1,0,8,6
Line2=57,9,7,12,13,5,14,4,1,0,8,6
Line3=58,9,7,12,13,5,14,4,1,0,8,6
Line4=60,9,7,12,13,8,5,14,4,1,0,6
Line5=61,9,7,12,13,8,5,14,4,1,0,6
Line6=62,9,7,12,13,8,5,14,4,1,0,6
Line7=66,12,13,8,9,6,5,7,14,4,1,0
Line8=28,14,13,7,4,1,5,12,0,8,6,9
Line9=29,14,13,7,4,1,5,12,0,8,6,9
Line10=30,14,13,7,4,1,5,12,0,8,6,9
Line11=31,14,13,7,4,1,5,12,0,8,6,9
Line12=40,9,7,12,13,14,5,4,1,0,6,8
Line13=41,9,7,12,13,14,5,4,1,0,6,8
Line14=42,9,7,12,13,14,5,4,1,0,6,8
Line15=69,12,13,9,8,7,5,6,14,4,1,0
Line16=70,12,13,9,8,7,5,6,14,4,1,0
Line17=71,12,13,9,8,7,5,6,14,4,1,0
Line18=72,12,13,9,8,7,5,6,14,4,1,0
Line19=73,12,13,9,8,7,5,6,14,4,1,0
Line20=124,14,13,4,1,5,6,12,0,8,7,9
Line21=125,14,13,4,1,5,6,12,0,8,7,9
Line22=126,14,13,4,1,5,6,12,0,8,7,9

[DoubleWMagic]
Dir5=-1,9,12,13,6,5,8,7,14,4,0,1,
Dir6=-1,8,6,12,13,5,14,4,9,7,0,1,
Dir7=-1,8,6,12,13,14,5,4,9,0,7,1,
Dir1=-1,14,13,1,4,5,6,7,8,9,0,12,
Dir2=-1,14,13,4,1,5,7,12,6,8,0,9,
Dir3=-1,7,12,13,14,5,4,1,0,6,8,9,
Line1=46,9,7,12,13,14,5,4,1,0,6,8
Line2=47,9,7,12,13,14,5,4,1,0,6,8
Line3=4,14,13,1,4,8,6,5,7,0,9,12
Line5=6,14,13,1,4,6,5,7,8,9,0,12
Line4=6,14,13,1,4,6,8,5,7,9,0,12
Line6=5,14,13,1,4,6,8,5,7,9,0,12
Line7=8,14,13,1,4,8,6,5,9,7,0,12
Line8=7,14,13,1,4,8,6,5,7,9,0,12
Line9=9,14,13,1,4,8,6,5,9,7,0,12
Line10=2,14,13,1,4,6,5,7,8,9,0,12
Line11=3,14,13,1,4,6,5,7,8,9,0,12
Line12=10,14,13,1,4,8,5,6,9,7,0,12
Line13=11,14,13,1,4,8,5,6,9,7,0,12
Line14=12,14,13,1,4,8,5,6,9,7,0,12
Line15=13,14,13,1,4,8,5,6,9,7,0,12
Line16=14,14,13,1,4,8,5,6,9,7,0,12
Line17=15,14,13,1,4,5,6,9,7,8,0,12
Line18=24,14,13,4,1,5,9,7,12,6,8,0
Line19=25,14,13,4,1,5,9,7,12,6,8,0
Line20=26,14,13,4,1,5,9,7,12,6,8,0
Line21=27,14,13,4,1,5,9,7,12,6,8,0
Line22=28,14,13,4,1,5,9,7,12,6,8,0
Line23=29,14,13,4,1,5,9,7,12,6,8,0
Line24=30,14,13,4,1,5,9,7,12,6,8,0
Line25=31,14,13,4,1,9,5,7,12,6,8,0
Line26=16,14,13,4,1,9,5,7,12,6,8,0
Line27=41,9,7,12,13,14,5,4,1,0,6,8
Line28=42,9,7,12,13,14,5,4,1,0,6,8
Line29=40,9,7,12,13,14,5,4,1,0,6,8
Line30=43,9,7,12,13,14,5,4,1,0,6,8
Line31=44,9,7,12,13,14,5,4,1,0,6,8
Line32=45,9,7,12,13,14,5,4,1,0,6,8
Line34=64,9,12,13,6,5,7,8,14,4,0,1
Line33=64,9,12,13,8,6,5,7,14,4,0,1
Line35=65,9,12,13,8,6,5,7,14,4,0,1
Dir8=-1,14,13,4,1,8,6,5,12,0,7,9,

[FreeStand3]
Dir8=-1,14,13,4,1,8,6,5,12,0,7,9,
Dir1=-1,14,13,1,4,7,5,9,6,12,8,0,
Dir5=-1,12,13,8,6,5,14,4,1,0,9,7,

[FreeStand2]
Dir6=-1,8,6,12,13,5,14,4,1,0,7,9,
Dir1=-1,14,13,1,4,9,7,5,8,6,12,0,
Dir2=-1,14,13,9,7,4,1,5,12,8,6,0,
Dir3=-1,9,7,12,13,14,5,4,1,0,8,6,

[MeleeWPuncture]
Dir1=-1,14,13,1,4,7,5,6,8,0,12,9,
Line1=86,8,6,12,13,5,14,4,1,0,7,9
Line2=72,12,13,9,8,6,5,14,4,1,0,7
Line3=73,12,13,9,8,6,5,14,4,1,0,7
Line4=74,12,13,9,8,6,5,14,4,1,0,7

[MeleeWCut]
Line1=7,14,13,1,4,8,6,5,0,9,7,12
Line2=8,14,13,1,4,8,6,5,0,9,7,12
Line3=9,14,13,1,4,8,6,5,9,0,12,7
Line4=6,14,13,1,4,7,5,6,8,0,9,12
Line5=5,14,13,1,4,7,5,6,9,8,0,12
Line6=10,14,13,1,4,8,6,5,9,0,7,12
Line7=11,14,13,1,4,6,5,8,7,0,9,12
Line8=12,14,13,1,4,9,7,6,5,8,0,12
Line9=13,14,13,1,4,9,7,6,5,8,0,12
Line10=64,12,13,7,8,5,9,6,14,4,1,0
Line11=65,7,9,12,13,8,5,6,14,4,1,0
Line12=66,12,7,13,8,5,6,9,14,4,1,0
Line13=63,12,7,13,8,5,6,9,14,4,1,0
Line14=62,9,12,13,8,6,5,14,4,1,0,7
Line15=67,9,7,12,13,8,6,5,14,4,1,0

[MeleeWDie]
Dir4=-1,9,7,0,12,13,5,14,4,1,8,6,
Dir5=-1,12,13,8,0,6,5,14,4,1,7,9,
Dir6=-1,0,8,6,12,13,5,14,4,1,9,7,
Dir1=-1,14,13,4,9,7,5,6,1,8,0,12,
Line1=1,14,13,4,9,1,7,5,6,8,0,12
Line2=2,14,13,4,9,1,7,5,6,8,0,12

[MeleeWWound]
Dir7=-1,8,6,1,12,13,14,5,4,0,9,7,

[FreeWound]
Dir1=-1,14,13,1,4,7,5,9,6,12,8,0,

[FreeDie]
Dir1=-1,14,13,1,4,7,5,9,6,12,8,0,
Dir7=-1,8,6,12,13,14,4,1,5,0,9,7,

[FreeAttack]
Dir1=-1,14,13,1,4,7,5,9,6,12,8,0,
Line1=6,14,13,1,4,6,5,7,9,12,8,0
Line2=7,14,13,1,4,6,5,7,9,12,8,0
Line3=8,14,13,1,4,6,5,7,9,12,8,0
Line4=9,14,13,1,4,6,5,7,9,12,8,0
Line5=10,14,13,1,4,6,5,7,9,12,8,0
Line6=11,14,13,1,4,6,5,7,9,12,8,0
Line7=12,14,13,1,4,6,5,7,9,12,8,0
Line8=13,14,13,1,4,6,5,7,9,12,8,0
Line9=68,9,7,12,13,6,8,5,14,4,1,0
Line10=69,9,7,12,13,8,6,5,14,4,1,0
Line11=70,9,7,12,13,8,6,5,14,4,1,0
Line12=71,9,7,12,13,8,6,5,14,4,1,0
Line13=78,12,13,8,9,7,5,6,14,4,1,0
Line14=79,12,13,8,7,9,5,6,14,4,1,0
Line15=80,12,13,8,9,7,5,6,14,4,1,0
Line16=81,12,13,8,9,7,5,6,14,4,1,0
Line17=82,12,13,8,9,7,5,6,14,4,1,0
Line18=83,12,13,8,7,9,5,6,14,4,1,0
Line19=84,12,13,8,9,7,5,6,14,4,1,0
Line20=85,12,13,8,9,7,5,6,14,4,1,0
Dir8=-1,14,13,4,1,8,6,5,12,0,7,9,
Line21=140,14,13,4,1,5,6,12,0,7,9,8
Line22=141,14,13,4,1,5,6,8,12,0,7,9
Line23=142,14,13,4,1,5,6,8,12,0,7,9
Line24=143,14,13,4,1,6,5,8,12,0,7,9

[FreeMagic]
Line1=6,14,13,1,4,5,7,9,6,12,8,0
Line2=7,14,13,1,4,5,7,9,6,12,8,0
Line3=8,14,13,1,4,5,7,9,6,12,8,0
Line4=9,14,13,1,4,5,7,9,6,12,8,0
Dir1=-1,14,13,1,4,7,5,6,12,8,0,9,
Dir4=-1,9,7,12,13,8,6,5,14,4,1,0,
Line5=54,12,13,8,6,9,7,5,14,4,1,0
Line6=55,12,13,8,6,9,7,5,14,4,1,0
Line7=56,12,13,8,6,9,7,5,14,4,1,0
Line8=57,12,13,8,6,7,9,5,14,4,1,0
Line9=58,12,13,8,6,9,7,5,14,4,1,0
Dir8=-1,14,13,4,1,8,6,5,12,0,7,9,

[JumpFly]
Dir7=-1,6,8,12,13,14,5,4,1,0,9,7,
Dir8=-1,14,13,4,1,6,8,5,12,0,7,9,
Dir1=-1,14,13,1,4,7,9,5,6,12,8,0,

[DartThrow]
Dir1=-1,14,13,1,4,7,9,5,6,12,8,0,
Line1=11,14,13,1,4,6,8,5,7,9,12,0
Line2=12,14,13,1,4,6,5,9,7,12,8,0
Line3=13,14,13,1,4,6,5,7,9,12,8,0
Line4=68,12,13,8,6,9,7,5,14,4,1,0
Line5=69,12,13,8,6,9,7,5,14,4,1,0
Line6=70,12,13,8,6,9,7,5,14,4,1,0
Line7=74,12,13,8,9,7,6,5,14,4,1,0
Line8=75,12,13,8,9,7,5,6,14,4,1,0
Dir8=-1,14,13,4,1,8,6,5,12,0,7,9,

[MeleeWRun]
Dir1=-1,14,13,1,4,9,7,6,5,12,8,0,

[FreeStand1]
Dir1=-1,14,13,1,4,9,7,5,8,6,12,0,
Dir2=-1,14,13,9,7,4,1,5,12,8,6,0,
Dir3=-1,9,7,12,13,14,5,4,1,0,8,6,

[SitDown]
Dir5=-1,12,13,8,6,5,14,4,1,0,9,7,
Line1=8,14,13,1,4,7,5,6,12,0,8,9
Line2=17,14,13,7,4,1,5,12,6,0,9,8

