EqName	FreeStand1	FreeStand2	FreeStand3	MeleeWStand	RangeWStand	DoubleWStand	FreeWalk	NormalWalk	MeleeWWalk	RangeWWalk	DoubleWWalk	FreeRun	NormalRun	MeleeWRun	RangeWRun	DoubleWRun	FreeWound	MeleeWWound	RangeWWound	DoubleWWound	FreeDie	MeleeWDie	RangeWDie	DoubleWDie	FreeAttack	MeleeWPuncture	MeleeWCut	RangeWPuncture	RangeWCut	DoubleWPull	DoubleWPound	DartThrow	FreeMagic	MeleeWMagic	RangeWMagic	DoubleWMagic	SitDown	Jump	RideStand	RideWalk	RideRun	RideCut	RidePuncture	RideMagic	RideWound	RideDie	RideStand1	RideStand2
头部01	80,8,1	80,8,1	80,8,1	96,8,1	64,8,1	64,8,1	96,8,1	96,8,1	96,8,1	96,8,1	96,8,1	96,8,1	96,8,1	96,8,1	96,8,1	96,8,1	64,8,1	64,8,1	48,8,1	48,8,1	20,1,1	20,1,1	20,1,1	20,1,1	96,8,1	104,8,1	104,8,1	104,8,1	104,8,1	96,8,1	96,8,1	96,8,1	96,8,1	104,8,1	104,8,1	96,8,1	96,8,1	112,8,1	112,8,1	80,8,1	80,8,1	96,8,1	96,8,1	96,8,1	48,8,1	20,1,1	112,8,1	112,8,1
头部02	80,8,1	80,8,1	80,8,1	96,8,1	64,8,1	64,8,1	96,8,1	96,8,1	96,8,1	96,8,1	96,8,1	96,8,1	96,8,1	96,8,1	96,8,1	96,8,1	64,8,1	64,8,1	48,8,1	48,8,1	20,1,1	20,1,1	20,1,1	20,1,1	96,8,1	104,8,1	104,8,1	104,8,1	104,8,1	96,8,1	96,8,1	96,8,1	96,8,1	104,8,1	104,8,1	96,8,1	96,8,1	112,8,1	112,8,1	80,8,1	80,8,1	96,8,1	96,8,1	96,8,1	48,8,1	20,1,1	112,8,1	112,8,1
头部03	80,8,1	80,8,1	80,8,1	96,8,1	64,8,1	64,8,1	96,8,1	96,8,1	96,8,1	96,8,1	96,8,1	96,8,1	96,8,1	96,8,1	96,8,1	96,8,1	64,8,1	64,8,1	48,8,1	48,8,1	20,1,1	20,1,1	20,1,1	20,1,1	96,8,1	104,8,1	104,8,1	104,8,1	104,8,1	96,8,1	96,8,1	96,8,1	96,8,1	104,8,1	104,8,1	96,8,1	96,8,1	112,8,1	112,8,1	80,8,1	80,8,1	96,8,1	96,8,1	96,8,1	48,8,1	20,1,1	112,8,1	112,8,1
头部04	80,8,1	80,8,1	80,8,1	96,8,1	64,8,1	64,8,1	96,8,1	96,8,1	96,8,1	96,8,1	96,8,1	96,8,1	96,8,1	96,8,1	96,8,1	96,8,1	64,8,1	64,8,1	48,8,1	48,8,1	20,1,1	20,1,1	20,1,1	20,1,1	96,8,1	104,8,1	104,8,1	104,8,1	104,8,1	96,8,1	96,8,1	96,8,1	96,8,1	104,8,1	104,8,1	96,8,1	96,8,1	112,8,1	112,8,1	80,8,1	80,8,1	96,8,1	96,8,1	96,8,1	48,8,1	20,1,1	112,8,1	112,8,1
头部05	80,8,1	80,8,1	80,8,1	96,8,1	64,8,1	64,8,1	96,8,1	96,8,1	96,8,1	96,8,1	96,8,1	96,8,1	96,8,1	96,8,1	96,8,1	96,8,1	64,8,1	64,8,1	48,8,1	48,8,1	20,1,1	20,1,1	20,1,1	20,1,1	96,8,1	104,8,1	104,8,1	104,8,1	104,8,1	96,8,1	96,8,1	96,8,1	96,8,1	104,8,1	104,8,1	96,8,1	96,8,1	112,8,1	112,8,1	80,8,1	80,8,1	96,8,1	96,8,1	96,8,1	48,8,1	20,1,1	112,8,1	112,8,1
头部06	80,8,1	80,8,1	80,8,1	96,8,1	64,8,1	64,8,1	96,8,1	96,8,1	96,8,1	96,8,1	96,8,1	96,8,1	96,8,1	96,8,1	96,8,1	96,8,1	64,8,1	64,8,1	48,8,1	48,8,1	20,1,1	20,1,1	20,1,1	20,1,1	96,8,1	104,8,1	104,8,1	104,8,1	104,8,1	96,8,1	96,8,1	96,8,1	96,8,1	104,8,1	104,8,1	96,8,1	96,8,1	112,8,1	112,8,1	80,8,1	80,8,1	96,8,1	96,8,1	96,8,1	48,8,1	20,1,1	112,8,1	112,8,1
头部07	80,8,1	80,8,1	80,8,1	96,8,1	64,8,1	64,8,1	96,8,1	96,8,1	96,8,1	96,8,1	96,8,1	96,8,1	96,8,1	96,8,1	96,8,1	96,8,1	64,8,1	64,8,1	48,8,1	48,8,1	20,1,1	20,1,1	20,1,1	20,1,1	96,8,1	104,8,1	104,8,1	104,8,1	104,8,1	96,8,1	96,8,1	96,8,1	96,8,1	104,8,1	104,8,1	96,8,1	96,8,1	112,8,1	112,8,1	80,8,1	80,8,1	96,8,1	96,8,1	96,8,1	48,8,1	20,1,1	112,8,1	112,8,1
头部08	80,8,1	80,8,1	80,8,1	96,8,1	64,8,1	64,8,1	96,8,1	96,8,1	96,8,1	96,8,1	96,8,1	96,8,1	96,8,1	96,8,1	96,8,1	96,8,1	64,8,1	64,8,1	48,8,1	48,8,1	20,1,1	20,1,1	20,1,1	20,1,1	96,8,1	104,8,1	104,8,1	104,8,1	104,8,1	96,8,1	96,8,1	96,8,1	96,8,1	104,8,1	104,8,1	96,8,1	96,8,1	112,8,1	112,8,1	80,8,1	80,8,1	96,8,1	96,8,1	96,8,1	48,8,1	20,1,1	112,8,1	112,8,1
头部09	80,8,1	80,8,1	80,8,1	96,8,1	64,8,1	64,8,1	96,8,1	96,8,1	96,8,1	96,8,1	96,8,1	96,8,1	96,8,1	96,8,1	96,8,1	96,8,1	64,8,1	64,8,1	48,8,1	48,8,1	20,1,1	20,1,1	20,1,1	20,1,1	96,8,1	104,8,1	104,8,1	104,8,1	104,8,1	96,8,1	96,8,1	96,8,1	96,8,1	104,8,1	104,8,1	96,8,1	96,8,1	112,8,1	112,8,1	80,8,1	80,8,1	96,8,1	96,8,1	96,8,1	48,8,1	20,1,1	112,8,1	112,8,1
头部10	80,8,1	80,8,1	80,8,1	96,8,1	64,8,1	64,8,1	96,8,1	96,8,1	96,8,1	96,8,1	96,8,1	96,8,1	96,8,1	96,8,1	96,8,1	96,8,1	64,8,1	64,8,1	48,8,1	48,8,1	20,1,1	20,1,1	20,1,1	20,1,1	96,8,1	104,8,1	104,8,1	104,8,1	104,8,1	96,8,1	96,8,1	96,8,1	96,8,1	104,8,1	104,8,1	96,8,1	96,8,1	112,8,1	112,8,1	80,8,1	80,8,1	96,8,1	96,8,1	96,8,1	48,8,1	20,1,1	112,8,1	112,8,1
头部11	80,8,1	80,8,1	80,8,1	96,8,1	64,8,1	64,8,1	96,8,1	96,8,1	96,8,1	96,8,1	96,8,1	96,8,1	96,8,1	96,8,1	96,8,1	96,8,1	64,8,1	64,8,1	48,8,1	48,8,1	20,1,1	20,1,1	20,1,1	20,1,1	96,8,1	104,8,1	104,8,1	104,8,1	104,8,1	96,8,1	96,8,1	96,8,1	96,8,1	104,8,1	104,8,1	96,8,1	96,8,1	112,8,1	112,8,1	80,8,1	80,8,1	96,8,1	96,8,1	96,8,1	48,8,1	20,1,1	112,8,1	112,8,1
头部12	80,8,1	80,8,1	80,8,1	96,8,1	64,8,1	64,8,1	96,8,1	96,8,1	96,8,1	96,8,1	96,8,1	96,8,1	96,8,1	96,8,1	96,8,1	96,8,1	64,8,1	64,8,1	48,8,1	48,8,1	20,1,1	20,1,1	20,1,1	20,1,1	96,8,1	104,8,1	104,8,1	104,8,1	104,8,1	96,8,1	96,8,1	96,8,1	96,8,1	104,8,1	104,8,1	96,8,1	96,8,1	112,8,1	112,8,1	80,8,1	80,8,1	96,8,1	96,8,1	96,8,1	48,8,1	20,1,1	112,8,1	112,8,1
头部13	80,8,1	80,8,1	80,8,1	96,8,1	64,8,1	64,8,1	96,8,1	96,8,1	96,8,1	96,8,1	96,8,1	96,8,1	96,8,1	96,8,1	96,8,1	96,8,1	64,8,1	64,8,1	48,8,1	48,8,1	20,1,1	20,1,1	20,1,1	20,1,1	96,8,1	104,8,1	104,8,1	104,8,1	104,8,1	96,8,1	96,8,1	96,8,1	96,8,1	104,8,1	104,8,1	96,8,1	96,8,1	112,8,1	112,8,1	80,8,1	80,8,1	96,8,1	96,8,1	96,8,1	48,8,1	20,1,1	112,8,1	112,8,1
头部14	80,8,1	80,8,1	80,8,1	96,8,1	64,8,1	64,8,1	96,8,1	96,8,1	96,8,1	96,8,1	96,8,1	96,8,1	96,8,1	96,8,1	96,8,1	96,8,1	64,8,1	64,8,1	48,8,1	48,8,1	20,1,1	20,1,1	20,1,1	20,1,1	96,8,1	104,8,1	104,8,1	104,8,1	104,8,1	96,8,1	96,8,1	96,8,1	96,8,1	104,8,1	104,8,1	96,8,1	96,8,1	112,8,1	112,8,1	80,8,1	80,8,1	96,8,1	96,8,1	96,8,1	48,8,1	20,1,1	112,8,1	112,8,1
头部15	80,8,1	80,8,1	80,8,1	96,8,1	64,8,1	64,8,1	96,8,1	96,8,1	96,8,1	96,8,1	96,8,1	96,8,1	96,8,1	96,8,1	96,8,1	96,8,1	64,8,1	64,8,1	48,8,1	48,8,1	20,1,1	20,1,1	20,1,1	20,1,1	96,8,1	104,8,1	104,8,1	104,8,1	104,8,1	96,8,1	96,8,1	96,8,1	96,8,1	104,8,1	104,8,1	96,8,1	96,8,1	112,8,1	112,8,1	80,8,1	80,8,1	96,8,1	96,8,1	96,8,1	48,8,1	20,1,1	112,8,1	112,8,1
头部16	80,8,1	80,8,1	80,8,1	96,8,1	64,8,1	64,8,1	96,8,1	96,8,1	96,8,1	96,8,1	96,8,1	96,8,1	96,8,1	96,8,1	96,8,1	96,8,1	64,8,1	64,8,1	48,8,1	48,8,1	20,1,1	20,1,1	20,1,1	20,1,1	96,8,1	104,8,1	104,8,1	104,8,1	104,8,1	96,8,1	96,8,1	96,8,1	96,8,1	104,8,1	104,8,1	96,8,1	96,8,1	112,8,1	112,8,1	80,8,1	80,8,1	96,8,1	96,8,1	96,8,1	48,8,1	20,1,1	112,8,1	112,8,1
头部17	80,8,1	80,8,1	80,8,1	96,8,1	64,8,1	64,8,1	96,8,1	96,8,1	96,8,1	96,8,1	96,8,1	96,8,1	96,8,1	96,8,1	96,8,1	96,8,1	64,8,1	64,8,1	48,8,1	48,8,1	20,1,1	20,1,1	20,1,1	20,1,1	96,8,1	104,8,1	104,8,1	104,8,1	104,8,1	96,8,1	96,8,1	96,8,1	96,8,1	104,8,1	104,8,1	96,8,1	96,8,1	112,8,1	112,8,1	80,8,1	80,8,1	96,8,1	96,8,1	96,8,1	48,8,1	20,1,1	112,8,1	112,8,1
头部18	80,8,1	80,8,1	80,8,1	96,8,1	64,8,1	64,8,1	96,8,1	96,8,1	96,8,1	96,8,1	96,8,1	96,8,1	96,8,1	96,8,1	96,8,1	96,8,1	64,8,1	64,8,1	48,8,1	48,8,1	20,1,1	20,1,1	20,1,1	20,1,1	96,8,1	104,8,1	104,8,1	104,8,1	104,8,1	96,8,1	96,8,1	96,8,1	96,8,1	104,8,1	104,8,1	96,8,1	96,8,1	112,8,1	112,8,1	80,8,1	80,8,1	96,8,1	96,8,1	96,8,1	48,8,1	20,1,1	112,8,1	112,8,1
头部19	80,8,1	80,8,1	80,8,1	96,8,1	64,8,1	64,8,1	96,8,1	96,8,1	96,8,1	96,8,1	96,8,1	96,8,1	96,8,1	96,8,1	96,8,1	96,8,1	64,8,1	64,8,1	48,8,1	48,8,1	20,1,1	20,1,1	20,1,1	20,1,1	96,8,1	104,8,1	104,8,1	104,8,1	104,8,1	96,8,1	96,8,1	96,8,1	96,8,1	104,8,1	104,8,1	96,8,1	96,8,1	112,8,1	112,8,1	80,8,1	80,8,1	96,8,1	96,8,1	96,8,1	48,8,1	20,1,1	112,8,1	112,8,1
头部20	80,8,1	80,8,1	80,8,1	96,8,1	64,8,1	64,8,1	96,8,1	96,8,1	96,8,1	96,8,1	96,8,1	96,8,1	96,8,1	96,8,1	96,8,1	96,8,1	64,8,1	64,8,1	48,8,1	48,8,1	20,1,1	20,1,1	20,1,1	20,1,1	96,8,1	104,8,1	104,8,1	104,8,1	104,8,1	96,8,1	96,8,1	96,8,1	96,8,1	104,8,1	104,8,1	96,8,1	96,8,1	112,8,1	112,8,1	80,8,1	80,8,1	96,8,1	96,8,1	96,8,1	48,8,1	20,1,1	112,8,1	112,8,1
头部21	80,8,1	80,8,1	80,8,1	96,8,1	64,8,1	64,8,1	96,8,1	96,8,1	96,8,1	96,8,1	96,8,1	96,8,1	96,8,1	96,8,1	96,8,1	96,8,1	64,8,1	64,8,1	48,8,1	48,8,1	20,1,1	20,1,1	20,1,1	20,1,1	96,8,1	104,8,1	104,8,1	104,8,1	104,8,1	96,8,1	96,8,1	96,8,1	96,8,1	104,8,1	104,8,1	96,8,1	96,8,1	112,8,1	112,8,1	80,8,1	80,8,1	96,8,1	96,8,1	96,8,1	48,8,1	20,1,1	112,8,1	112,8,1
头部22少林	80,8,1	80,8,1	80,8,1	96,8,1	64,8,1	64,8,1	96,8,1	96,8,1	96,8,1	96,8,1	96,8,1	96,8,1	96,8,1	96,8,1	96,8,1	96,8,1	64,8,1	64,8,1	48,8,1	48,8,1	20,1,1	20,1,1	20,1,1	20,1,1	96,8,1	104,8,1	104,8,1	104,8,1	104,8,1	96,8,1	96,8,1	96,8,1	96,8,1	104,8,1	104,8,1	96,8,1	96,8,1	112,8,1	112,8,1	80,8,1	80,8,1	96,8,1	96,8,1	96,8,1	48,8,1	20,1,1	112,8,1	112,8,1
头部23天王	80,8,1	80,8,1	80,8,1	96,8,1	64,8,1	64,8,1	96,8,1	96,8,1	96,8,1	96,8,1	96,8,1	96,8,1	96,8,1	96,8,1	96,8,1	96,8,1	64,8,1	64,8,1	48,8,1	48,8,1	20,1,1	20,1,1	20,1,1	20,1,1	96,8,1	104,8,1	104,8,1	104,8,1	104,8,1	96,8,1	96,8,1	96,8,1	96,8,1	104,8,1	104,8,1	96,8,1	96,8,1	112,8,1	112,8,1	80,8,1	80,8,1	96,8,1	96,8,1	96,8,1	48,8,1	20,1,1	112,8,1	112,8,1
头部24峨眉翠烟	80,8,1	80,8,1	80,8,1	96,8,1	64,8,1	64,8,1	96,8,1	96,8,1	96,8,1	96,8,1	96,8,1	96,8,1	96,8,1	96,8,1	96,8,1	96,8,1	64,8,1	64,8,1	48,8,1	48,8,1	20,1,1	20,1,1	20,1,1	20,1,1	96,8,1	104,8,1	104,8,1	104,8,1	104,8,1	96,8,1	96,8,1	96,8,1	96,8,1	104,8,1	104,8,1	96,8,1	96,8,1	112,8,1	112,8,1	80,8,1	80,8,1	96,8,1	96,8,1	96,8,1	48,8,1	20,1,1	112,8,1	112,8,1
头部25五毒唐门	80,8,1	80,8,1	80,8,1	96,8,1	64,8,1	64,8,1	96,8,1	96,8,1	96,8,1	96,8,1	96,8,1	96,8,1	96,8,1	96,8,1	96,8,1	96,8,1	64,8,1	64,8,1	48,8,1	48,8,1	20,1,1	20,1,1	20,1,1	20,1,1	96,8,1	104,8,1	104,8,1	104,8,1	104,8,1	96,8,1	96,8,1	96,8,1	96,8,1	104,8,1	104,8,1	96,8,1	96,8,1	112,8,1	112,8,1	80,8,1	80,8,1	96,8,1	96,8,1	96,8,1	48,8,1	20,1,1	112,8,1	112,8,1
头部26丐帮	80,8,1	80,8,1	80,8,1	96,8,1	64,8,1	64,8,1	96,8,1	96,8,1	96,8,1	96,8,1	96,8,1	96,8,1	96,8,1	96,8,1	96,8,1	96,8,1	64,8,1	64,8,1	48,8,1	48,8,1	20,1,1	20,1,1	20,1,1	20,1,1	96,8,1	104,8,1	104,8,1	104,8,1	104,8,1	96,8,1	96,8,1	96,8,1	96,8,1	104,8,1	104,8,1	96,8,1	96,8,1	112,8,1	112,8,1	80,8,1	80,8,1	96,8,1	96,8,1	96,8,1	48,8,1	20,1,1	112,8,1	112,8,1
头部27天忍	80,8,1	80,8,1	80,8,1	96,8,1	64,8,1	64,8,1	96,8,1	96,8,1	96,8,1	96,8,1	96,8,1	96,8,1	96,8,1	96,8,1	96,8,1	96,8,1	64,8,1	64,8,1	48,8,1	48,8,1	20,1,1	20,1,1	20,1,1	20,1,1	96,8,1	104,8,1	104,8,1	104,8,1	104,8,1	96,8,1	96,8,1	96,8,1	96,8,1	104,8,1	104,8,1	96,8,1	96,8,1	112,8,1	112,8,1	80,8,1	80,8,1	96,8,1	96,8,1	96,8,1	48,8,1	20,1,1	112,8,1	112,8,1
头部28武当昆仑	80,8,1	80,8,1	80,8,1	96,8,1	64,8,1	64,8,1	96,8,1	96,8,1	96,8,1	96,8,1	96,8,1	96,8,1	96,8,1	96,8,1	96,8,1	96,8,1	64,8,1	64,8,1	48,8,1	48,8,1	20,1,1	20,1,1	20,1,1	20,1,1	96,8,1	104,8,1	104,8,1	104,8,1	104,8,1	96,8,1	96,8,1	96,8,1	96,8,1	104,8,1	104,8,1	96,8,1	96,8,1	112,8,1	112,8,1	80,8,1	80,8,1	96,8,1	96,8,1	96,8,1	48,8,1	20,1,1	112,8,1	112,8,1
头部29																																																
头部30	80,8,1	64,8,1	64,8,1	96,8,1	64,8,1	64,8,1	96,8,1	96,8,1	96,8,1	96,8,1	96,8,1	96,8,1	96,8,1	96,8,1	96,8,1	96,8,1	64,8,1	64,8,1	48,8,1	48,8,1	104,8,1	120,8,1	80,8,1	80,8,1	96,8,1	104,8,1	104,8,1	104,8,1	96,8,1	128,8,1	96,8,1	96,8,1	96,8,1	80,8,1	96,8,1	80,8,1	96,8,1	112,8,1	112,8,1	96,8,1	80,8,1	96,8,1	112,8,1	96,8,1	48,8,1	112,8,1	112,8,1	112,8,1
头部31	80,8,1	64,8,1	64,8,1	96,8,1	64,8,1	64,8,1	96,8,1	96,8,1	96,8,1	96,8,1	96,8,1	96,8,1	96,8,1	96,8,1	96,8,1	96,8,1	64,8,1	64,8,1	48,8,1	48,8,1	104,8,1	120,8,1	80,8,1	80,8,1	96,8,1	104,8,1	104,8,1	104,8,1	96,8,1	128,8,1	96,8,1	96,8,1	96,8,1	80,8,1	96,8,1	80,8,1	96,8,1	112,8,1	112,8,1	96,8,1	80,8,1	96,8,1	112,8,1	96,8,1	48,8,1	112,8,1	112,8,1	112,8,1
头部32	80,8,1	64,8,1	64,8,1	96,8,1	64,8,1	64,8,1	96,8,1	96,8,1	96,8,1	96,8,1	96,8,1	96,8,1	96,8,1	96,8,1	96,8,1	96,8,1	64,8,1	64,8,1	48,8,1	48,8,1	104,8,1	120,8,1	80,8,1	80,8,1	96,8,1	104,8,1	104,8,1	104,8,1	96,8,1	128,8,1	96,8,1	96,8,1	96,8,1	80,8,1	96,8,1	80,8,1	96,8,1	112,8,1	112,8,1	96,8,1	80,8,1	96,8,1	112,8,1	96,8,1	48,8,1	112,8,1	112,8,1	112,8,1
头部33	80,8,1	64,8,1	64,8,1	96,8,1	64,8,1	64,8,1	96,8,1	96,8,1	96,8,1	96,8,1	96,8,1	96,8,1	96,8,1	96,8,1	96,8,1	96,8,1	64,8,1	64,8,1	48,8,1	48,8,1	104,8,1	120,8,1	80,8,1	80,8,1	96,8,1	104,8,1	104,8,1	104,8,1	96,8,1	128,8,1	96,8,1	96,8,1	96,8,1	80,8,1	96,8,1	80,8,1	96,8,1	112,8,1	112,8,1	96,8,1	80,8,1	96,8,1	112,8,1	96,8,1	48,8,1	112,8,1	112,8,1	112,8,1
头部34	80,8,1	64,8,1	64,8,1	96,8,1	64,8,1	64,8,1	96,8,1	96,8,1	96,8,1	96,8,1	96,8,1	96,8,1	96,8,1	96,8,1	96,8,1	96,8,1	64,8,1	64,8,1	48,8,1	48,8,1	104,8,1	120,8,1	80,8,1	80,8,1	96,8,1	104,8,1	104,8,1	104,8,1	96,8,1	128,8,1	96,8,1	96,8,1	96,8,1	80,8,1	96,8,1	80,8,1	96,8,1	112,8,1	112,8,1	96,8,1	80,8,1	96,8,1	112,8,1	96,8,1	48,8,1	112,8,1	112,8,1	112,8,1
头部35	80,8,1	64,8,1	64,8,1	96,8,1	64,8,1	64,8,1	96,8,1	96,8,1	96,8,1	96,8,1	96,8,1	96,8,1	96,8,1	96,8,1	96,8,1	96,8,1	64,8,1	64,8,1	48,8,1	48,8,1	104,8,1	120,8,1	80,8,1	80,8,1	96,8,1	104,8,1	104,8,1	104,8,1	96,8,1	128,8,1	96,8,1	96,8,1	96,8,1	80,8,1	96,8,1	80,8,1	96,8,1	112,8,1	112,8,1	96,8,1	80,8,1	96,8,1	112,8,1	96,8,1	48,8,1	112,8,1	112,8,1	112,8,1
头部36	80,8,1	64,8,1	64,8,1	96,8,1	64,8,1	64,8,1	96,8,1	96,8,1	96,8,1	96,8,1	96,8,1	96,8,1	96,8,1	96,8,1	96,8,1	96,8,1	64,8,1	64,8,1	48,8,1	48,8,1	104,8,1	120,8,1	80,8,1	80,8,1	96,8,1	104,8,1	104,8,1	104,8,1	96,8,1	128,8,1	96,8,1	96,8,1	96,8,1	80,8,1	96,8,1	80,8,1	96,8,1	112,8,1	112,8,1	96,8,1	80,8,1	96,8,1	112,8,1	96,8,1	48,8,1	112,8,1	112,8,1	112,8,1
头部37	80,8,1	64,8,1	64,8,1	96,8,1	64,8,1	64,8,1	96,8,1	96,8,1	96,8,1	96,8,1	96,8,1	96,8,1	96,8,1	96,8,1	96,8,1	96,8,1	64,8,1	64,8,1	48,8,1	48,8,1	104,8,1	120,8,1	80,8,1	80,8,1	96,8,1	104,8,1	104,8,1	104,8,1	96,8,1	128,8,1	96,8,1	96,8,1	96,8,1	80,8,1	96,8,1	80,8,1	96,8,1	112,8,1	112,8,1	96,8,1	80,8,1	96,8,1	112,8,1	96,8,1	48,8,1	112,8,1	112,8,1	112,8,1
头部38	80,8,1	64,8,1	64,8,1	96,8,1	64,8,1	64,8,1	96,8,1	96,8,1	96,8,1	96,8,1	96,8,1	96,8,1	96,8,1	96,8,1	96,8,1	96,8,1	64,8,1	64,8,1	48,8,1	48,8,1	104,8,1	120,8,1	80,8,1	80,8,1	96,8,1	104,8,1	104,8,1	104,8,1	96,8,1	128,8,1	96,8,1	96,8,1	96,8,1	80,8,1	96,8,1	80,8,1	96,8,1	112,8,1	112,8,1	96,8,1	80,8,1	96,8,1	112,8,1	96,8,1	48,8,1	112,8,1	112,8,1	112,8,1
头部39	80,8,1	64,8,1	64,8,1	96,8,1	64,8,1	64,8,1	96,8,1	96,8,1	96,8,1	96,8,1	96,8,1	96,8,1	96,8,1	96,8,1	96,8,1	96,8,1	64,8,1	64,8,1	48,8,1	48,8,1	104,8,1	120,8,1	80,8,1	80,8,1	96,8,1	104,8,1	104,8,1	104,8,1	96,8,1	128,8,1	96,8,1	96,8,1	96,8,1	80,8,1	96,8,1	80,8,1	96,8,1	112,8,1	112,8,1	96,8,1	80,8,1	96,8,1	112,8,1	96,8,1	48,8,1	112,8,1	112,8,1	112,8,1
