NAME	PREFIX	SERIES	LEVEL	MAGIC_ID	MAG_P1_MIN	MAG_P1_MAX	MAG_P2_MIN	MAG_P2_MAX	MAG_P3_MIN	MAG_P3_MAX	BASE_VALUE	SWORD	BLADE	WAND	SPEAR	HAMMER	DUALBLADES	DARTS	KNIFE	CROSSBOW	ARMOR	RING	NECKLACE	AMULET	BOOT	BELT	HELM	CUFF	SACHET	PENDANT	METAL	WOOD	WATER	FIRE	EARTH	REMARK
加伤害强化	1		1	126	5	10	-1	-1	6	6	300000	100000	50000	50000	150000	150000	50000	60000	60000	60000	0	0	0	0	0	0	0	0	0	0	80	65	100	30	30	
加伤害强化	1		2	126	11	20	-1	-1	6	6	300000	300000	100000	100000	400000	400000	60000	120000	120000	120000	0	0	0	0	0	0	0	0	0	0	80	65	100	30	30	
加伤害强化	1		3	126	21	30	-1	-1	6	6	400000	500000	300000	300000	800000	800000	70000	240000	240000	240000	0	0	0	0	0	0	0	0	0	0	80	65	100	30	30	
加伤害强化	1		4	126	31	40	-1	-1	6	6	400000	1000000	500000	500000	1500000	1500000	80000	500000	500000	500000	0	0	0	0	0	0	0	0	0	0	80	65	100	30	30	
加伤害强化	1		5	126	41	50	-1	-1	6	6	500000	3000000	1000000	1000000	4000000	4000000	100000	800000	800000	800000	0	0	0	0	0	0	0	0	0	0	80	65	100	30	30	
加伤害强化	1		6	126	51	60	-1	-1	6	6	500000	5000000	3000000	3000000	6000000	6000000	120000	1200000	1200000	1200000	0	0	0	0	0	0	0	0	0	0	80	65	100	30	30	
加伤害强化	1		7	126	61	70	-1	-1	6	6	600000	8000000	5000000	5000000	10000000	10000000	200000	3000000	3000000	3000000	0	0	0	0	0	0	0	0	0	0	80	65	100	30	30	
加伤害强化	1		8	126	71	80	-1	-1	6	6	800000	12000000	8000000	8000000	16000000	16000000	300000	5000000	5000000	5000000	0	0	0	0	0	0	0	0	0	0	80	65	100	30	30	
加伤害强化	1		9	126	81	90	-1	-1	6	6	1500000	20000000	15000000	15000000	24000000	24000000	600000	8000000	8000000	8000000	0	0	0	0	0	0	0	0	0	0	80	65	100	30	30	
加伤害强化	1		10	126	91	100	-1	-1	6	6	3000000	40000000	30000000	30000000	45000000	45000000	1000000	15000000	15000000	15000000	0	0	0	0	0	0	0	0	0	0	80	65	100	30	30	
加命中率	1		1	166	10	30	-1	-1	0	0	300000	60000	30000	30000	60000	60000	30000	30000	30000	30000	0	0	0	0	0	0	0	0	0	0	80	60	100	30	30	
加命中率	1		2	166	31	60	-1	-1	0	0	300000	120000	50000	50000	120000	120000	40000	40000	40000	40000	0	0	0	0	0	0	0	0	0	0	80	60	100	30	30	
加命中率	1		3	166	61	90	-1	-1	0	0	400000	240000	100000	100000	240000	240000	50000	50000	50000	50000	0	0	0	0	0	0	0	0	0	0	80	60	100	30	30	
加命中率	1		4	166	91	120	-1	-1	0	0	400000	500000	240000	240000	500000	500000	80000	80000	80000	80000	0	0	0	0	0	0	0	0	0	0	80	60	100	30	30	
加命中率	1		5	166	121	150	-1	-1	0	0	500000	800000	450000	450000	800000	800000	100000	100000	100000	100000	0	0	0	0	0	0	0	0	0	0	80	60	100	30	30	
加命中率	1		6	166	151	180	-1	-1	0	0	500000	1200000	800000	800000	1200000	1200000	150000	150000	150000	150000	0	0	0	0	0	0	0	0	0	0	80	60	100	30	30
加命中率	1		7	166	181	210	-1	-1	0	0	600000	3000000	1200000	1200000	3000000	3000000	100000	100000	100000	100000	0	0	0	0	0	0	0	0	0	0	80	60	100	30	30
加命中率	1		8	166	211	240	-1	-1	0	0	800000	5000000	2400000	2400000	5000000	5000000	300000	300000	300000	300000	0	0	0	0	0	0	0	0	0	0	80	60	100	30	30
加命中率	1		9	166	241	270	-1	-1	0	0	1500000	8000000	4500000	4500000	8000000	8000000	500000	500000	500000	500000	0	0	0	0	0	0	0	0	0	0	80	60	100	30	30
加命中率	1		10	166	271	300	-1	-1	0	0	3000000	15000000	8000000	8000000	15000000	15000000	1000000	1000000	1000000	1000000	0	0	0	0	0	0	0	0	0	0	80	60	100	30	30
加攻击速度	1		1	115	10	10	-1	-1	0	0	1000000	1000000	1000000	1000000	1000000	200000	200000	500000	500000	500000	0	0	0	0	0	0	0	0	0	0	100	65	100	40	40
加攻击速度	1		2	115	10	10	-1	-1	0	0	1000000	1000000	1000000	1000000	1000000	200000	200000	500000	500000	500000	0	0	0	0	0	0	0	0	0	0	100	65	100	40	40
加攻击速度	1		3	115	10	10	-1	-1	0	0	1000000	1000000	1000000	1000000	1000000	200000	200000	500000	500000	500000	0	0	0	0	0	0	0	0	0	0	100	65	100	40	40
加攻击速度	1		4	115	20	20	-1	-1	0	0	3000000	30000000	20000000	20000000	2000000	500000	500000	1000000	1000000	1000000	0	0	0	0	0	0	0	0	0	0	100	65	100	40	40
加攻击速度	1		5	115	20	20	-1	-1	0	0	3000000	30000000	20000000	20000000	2000000	500000	500000	1000000	1000000	1000000	0	0	0	0	0	0	0	0	0	0	100	65	100	40	40
加攻击速度	1		6	115	20	20	-1	-1	0	0	3000000	30000000	20000000	20000000	2000000	500000	500000	1000000	1000000	1000000	0	0	0	0	0	0	0	0	0	0	100	65	100	40	40
加攻击速度	1		7	115	30	30	-1	-1	0	0	8000000	50000000	35000000	40000000	40000000	1000000	1000000	12000000	12000000	50000000	0	0	0	0	0	0	0	0	0	0	100	65	100	40	40
加攻击速度	1		8	115	30	30	-1	-1	0	0	8000000	50000000	35000000	40000000	40000000	1000000	1000000	12000000	12000000	50000000	0	0	0	0	0	0	0	0	0	0	100	65	100	40	40
加攻击速度	1		9	115	30	30	-1	-1	0	0	8000000	50000000	35000000	40000000	40000000	1000000	1000000	12000000	12000000	50000000	0	0	0	0	0	0	0	0	0	0	100	65	100	40	40
加攻击速度	1		10	115	30	30	-1	-1	0	0	8000000	50000000	35000000	40000000	40000000	1000000	1000000	12000000	12000000	50000000	0	0	0	0	0	0	0	0	0	0	100	65	100	40	40
忽略对手防御	1		1	58	1	1	-1	-1	0	0	20000000	10000000	10000000	10000000	10000000	100000000	10000000	10000000	10000000	10000000	0	0	0	0	0	0	0	0	0	0	50	40	100	30	30
忽略对手防御	1		2	58	1	1	-1	-1	0	0	20000000	10000000	10000000	10000000	10000000	100000000	10000000	10000000	10000000	10000000	0	0	0	0	0	0	0	0	0	0	50	40	100	30	30
忽略对手防御	1		3	58	1	1	-1	-1	0	0	20000000	10000000	10000000	10000000	10000000	100000000	10000000	10000000	10000000	10000000	0	0	0	0	0	0	0	0	0	0	50	40	100	30	30
忽略对手防御	1		4	58	1	1	-1	-1	0	0	20000000	10000000	10000000	10000000	10000000	100000000	10000000	10000000	10000000	10000000	0	0	0	0	0	0	0	0	0	0	50	40	100	30	30
忽略对手防御	1		5	58	1	1	-1	-1	0	0	20000000	10000000	10000000	10000000	10000000	100000000	10000000	10000000	10000000	10000000	0	0	0	0	0	0	0	0	0	0	50	40	100	30	30
忽略对手防御	1		6	58	1	1	-1	-1	0	0	20000000	10000000	10000000	10000000	10000000	100000000	10000000	10000000	10000000	10000000	0	0	0	0	0	0	0	0	0	0	50	40	100	30	30
忽略对手防御	1		7	58	1	1	-1	-1	0	0	20000000	10000000	10000000	10000000	10000000	100000000	10000000	10000000	10000000	10000000	0	0	0	0	0	0	0	0	0	0	50	40	100	30	30
忽略对手防御	1		8	58	1	1	-1	-1	0	0	20000000	10000000	10000000	10000000	10000000	100000000	10000000	10000000	10000000	10000000	0	0	0	0	0	0	0	0	0	0	50	40	100	30	30
忽略对手防御	1		9	58	1	1	-1	-1	0	0	20000000	10000000	10000000	10000000	10000000	100000000	10000000	10000000	10000000	10000000	0	0	0	0	0	0	0	0	0	0	50	40	100	30	30
忽略对手防御	1		10	58	1	1	-1	-1	0	0	20000000	10000000	10000000	10000000	10000000	100000000	10000000	10000000	10000000	10000000	0	0	0	0	0	0	0	0	0	0	50	40	100	30	30
永不磨损	1		1	43	1	1	-1	-1	0	0	0	0	0	0	0	0	0	0	0	0	0	0	0	0	0	0	0	0	0	0	0	0	0	0	0
永不磨损	1		2	43	1	1	-1	-1	0	0	0	0	0	0	0	0	0	0	0	0	0	0	0	0	0	0	0	0	0	0	0	0	0	0	0
永不磨损	1		3	43	1	1	-1	-1	0	0	0	0	0	0	0	0	0	0	0	0	0	0	0	0	0	0	0	0	0	0	0	0	0	0	0
永不磨损	1		4	43	1	1	-1	-1	0	0	0	0	0	0	0	0	0	0	0	0	0	0	0	0	0	0	0	0	0	0	0	0	0	0	0
永不磨损	1		5	43	1	1	-1	-1	0	0	0	0	0	0	0	0	0	0	0	0	0	0	0	0	0	0	0	0	0	0	0	0	0	0	0
永不磨损	1		6	43	1	1	-1	-1	0	0	0	0	0	0	0	0	0	0	0	0	0	0	0	0	0	0	0	0	0	0	0	0	0	0	0
永不磨损	1		7	43	1	1	-1	-1	0	0	0	0	0	0	0	0	0	0	0	0	0	0	0	0	0	0	0	0	0	0	0	0	0	0	0
永不磨损	1		8	43	1	1	-1	-1	0	0	0	0	0	0	0	0	0	0	0	0	0	0	0	0	0	0	0	0	0	0	0	0	0	0	0
永不磨损	1		9	43	1	1	-1	-1	0	0	0	0	0	0	0	0	0	0	0	0	0	0	0	0	0	0	0	0	0	0	0	0	0	0	0
永不磨损	1		10	43	1	1	-1	-1	0	0	0	0	0	0	0	0	0	0	0	0	0	0	0	0	0	0	0	0	0	0	0	0	0	0	0
加防御强化	1		1	150	20	30	-1	-1	0	0	0	0	0	0	0	0	0	0	0	0	0	0	0	0	0	0	0	0	0	0	0	0	0	0	0
加防御强化	1		2	150	30	40	-1	-1	0	0	0	0	0	0	0	0	0	0	0	0	0	0	0	0	0	0	0	0	0	0	0	0	0	0	0
加防御强化	1		3	150	40	50	-1	-1	0	0	0	0	0	0	0	0	0	0	0	0	0	0	0	0	0	0	0	0	0	0	0	0	0	0	0
加防御强化	1		4	150	50	60	-1	-1	0	0	0	0	0	0	0	0	0	0	0	0	0	0	0	0	0	0	0	0	0	0	0	0	0	0	0
加防御强化	1		5	150	60	70	-1	-1	0	0	0	0	0	0	0	0	0	0	0	0	0	0	0	0	0	0	0	0	0	0	0	0	0	0	0
加防御强化	1		6	150	70	85	-1	-1	0	0	0	0	0	0	0	0	0	0	0	0	0	0	0	0	0	0	0	0	0	0	0	0	0	0	0
加防御强化	1		7	150	85	110	-1	-1	0	0	0	0	0	0	0	0	0	0	0	0	0	0	0	0	0	0	0	0	0	0	0	0	0	0	0
加防御强化	1		8	150	110	150	-1	-1	0	0	0	0	0	0	0	0	0	0	0	0	0	0	0	0	0	0	0	0	0	0	0	0	0	0	0
加防御强化	1		9	150	150	200	-1	-1	0	0	0	0	0	0	0	0	0	0	0	0	0	0	0	0	0	0	0	0	0	0	0	0	0	0	0
加防御强化	1		10	150	200	250	-1	-1	0	0	0	0	0	0	0	0	0	0	0	0	0	0	0	0	0	0	0	0	0	0	0	0	0	0	0
加快走路/跑步速度	1		1	111	10	15	-1	-1	0	0	200000	0	0	0	0	0	0	0	0	0	0	0	0	0	50000	0	0	0	0	0	60	50	100	60	70
加快走路/跑步速度	1		2	111	16	18	-1	-1	0	0	300000	0	0	0	0	0	0	0	0	0	0	0	0	0	150000	0	0	0	0	0	60	50	100	60	70
加快走路/跑步速度	1		3	111	19	21	-1	-1	0	0	500000	0	0	0	0	0	0	0	0	0	0	0	0	0	450000	0	0	0	0	0	60	50	100	60	70
加快走路/跑步速度	1		4	111	22	24	-1	-1	0	0	1000000	0	0	0	0	0	0	0	0	0	0	0	0	0	1000000	0	0	0	0	0	60	50	100	60	70
加快走路/跑步速度	1		4	111	25	27	-1	-1	0	0	2000000	0	0	0	0	0	0	0	0	0	0	0	0	0	3000000	0	0	0	0	0	60	50	100	60	70
加快走路/跑步速度	1		6	111	28	30	-1	-1	0	0	3500000	0	0	0	0	0	0	0	0	0	0	0	0	0	6000000	0	0	0	0	0	60	50	100	60	70
加快走路/跑步速度	1		5	111	31	33	-1	-1	0	0	5000000	0	0	0	0	0	0	0	0	0	0	0	0	0	12000000	0	0	0	0	0	60	50	100	60	70
加快走路/跑步速度	1		8	111	34	36	-1	-1	0	0	8000000	0	0	0	0	0	0	0	0	0	0	0	0	0	24000000	0	0	0	0	0	60	50	100	60	70
加快走路/跑步速度	1		9	111	37	39	-1	-1	0	0	12000000	0	0	0	0	0	0	0	0	0	0	0	0	0	35000000	0	0	0	0	0	60	50	100	60	70
加快走路/跑步速度	1		10	111	40	40	-1	-1	0	0	18000000	0	0	0	0	0	0	0	0	0	0	0	0	0	60000000	0	0	0	0	0	60	100	100	90	70
反弹物理攻击	1		1	117	1	2	-1	-1	0	0	3000000	0	0	0	0	0	0	0	0	0	100000	0	0	0	0	0	0	0	0	0	60	100	90	100	70
反弹物理攻击	1		2	117	3	4	-1	-1	0	0	3000000	0	0	0	0	0	0	0	0	0	300000	0	0	0	0	0	0	0	0	0	60	100	90	100	70
反弹物理攻击	1		3	117	5	6	-1	-1	0	0	4000000	0	0	0	0	0	0	0	0	0	500000	0	0	0	0	0	0	0	0	0	60	100	90	100	70
反弹物理攻击	1		4	117	7	8	-1	-1	0	0	4000000	0	0	0	0	0	0	0	0	0	1000000	0	0	0	0	0	0	0	0	0	60	100	90	100	70
反弹物理攻击	1		5	117	9	10	-1	-1	0	0	5000000	0	0	0	0	0	0	0	0	0	2400000	0	0	0	0	0	0	0	0	0	60	100	90	100	70
反弹物理攻击	1		6	117	11	12	-1	-1	0	0	5000000	0	0	0	0	0	0	0	0	0	4500000	0	0	0	0	0	0	0	0	0	60	100	90	100	70
反弹物理攻击	1		7	117	13	14	-1	-1	0	0	6000000	0	0	0	0	0	0	0	0	0	8000000	0	0	0	0	0	0	0	0	0	60	100	90	100	70
反弹物理攻击	1		8	117	15	16	-1	-1	0	0	8000000	0	0	0	0	0	0	0	0	0	15000000	0	0	0	0	0	0	0	0	0	60	100	90	100	70
反弹物理攻击	1		9	117	17	18	-1	-1	0	0	12000000	0	0	0	0	0	0	0	0	0	30000000	0	0	0	0	0	0	0	0	0	60	100	90	100	70
反弹物理攻击	1		10	117	19	20	-1	-1	0	0	24000000	0	0	0	0	0	0	0	0	0	50000000	0	0	0	0	0	0	0	0	0	60	100	90	100	70
快速打击回复	1		1	113	20	20	-1	-1	0	0	3000000	0	0	0	0	0	0	0	0	0	300000	0	0	0	0	0	0	0	0	0	60	100	90	100	70
快速打击回复	1		2	113	20	20	-1	-1	0	0	3000000	0	0	0	0	0	0	0	0	0	300000	0	0	0	0	0	0	0	0	0	60	100	90	100	70
快速打击回复	1		3	113	20	20	-1	-1	0	0	3000000	0	0	0	0	0	0	0	0	0	300000	0	0	0	0	0	0	0	0	0	60	100	90	100	70
快速打击回复	1		4	113	30	30	-1	-1	0	0	8000000	0	0	0	0	0	0	0	0	0	1000000	0	0	0	0	0	0	0	0	0	60	100	90	100	70
快速打击回复	1		5	113	30	30	-1	-1	0	0	8000000	0	0	0	0	0	0	0	0	0	1000000	0	0	0	0	0	0	0	0	0	60	100	90	100	70
快速打击回复	1		6	113	30	30	-1	-1	0	0	8000000	0	0	0	0	0	0	0	0	0	1000000	0	0	0	0	0	0	0	0	0	60	100	90	100	70
快速打击回复	1		7	113	40	40	-1	-1	0	0	20000000	0	0	0	0	0	0	0	0	0	60000000	0	0	0	0	0	0	0	0	0	60	100	90	100	70
快速打击回复	1		8	113	40	40	-1	-1	0	0	20000000	0	0	0	0	0	0	0	0	0	60000000	0	0	0	0	0	0	0	0	0	60	100	90	100	70
快速打击回复	1		9	113	40	40	-1	-1	0	0	20000000	0	0	0	0	0	0	0	0	0	60000000	0	0	0	0	0	0	0	0	0	60	100	90	100	70
快速打击回复	1		10	113	40	40	-1	-1	0	0	20000000	0	0	0	0	0	0	0	0	0	60000000	0	0	0	0	0	0	0	0	0	60	100	90	100	70
加黑暗处视野范围	1		1	112	1	1	-1	-1	0	0	0	0	0	0	0	0	0	0	0	0	0	0	0	0	0	0	0	0	0	0	0	0	0	0	0
加黑暗处视野范围	1		2	112	2	2	-1	-1	0	0	0	0	0	0	0	0	0	0	0	0	0	0	0	0	0	0	0	0	0	0	0	0	0	0	0
加黑暗处视野范围	1		3	112	3	3	-1	-1	0	0	0	0	0	0	0	0	0	0	0	0	0	0	0	0	0	0	0	0	0	0	0	0	0	0	0
加黑暗处视野范围	1		4	112	4	4	-1	-1	0	0	0	0	0	0	0	0	0	0	0	0	0	0	0	0	0	0	0	0	0	0	0	0	0	0	0
加黑暗处视野范围	1		5	112	5	5	-1	-1	0	0	0	0	0	0	0	0	0	0	0	0	0	0	0	0	0	0	0	0	0	0	0	0	0	0	0
加黑暗处视野范围	1		6	112	6	6	-1	-1	0	0	0	0	0	0	0	0	0	0	0	0	0	0	0	0	0	0	0	0	0	0	0	0	0	0	0
加黑暗处视野范围	1		7	112	6	6	-1	-1	0	0	0	0	0	0	0	0	0	0	0	0	0	0	0	0	0	0	0	0	0	0	0	0	0	0	0
加黑暗处视野范围	1		8	112	6	6	-1	-1	0	0	0	0	0	0	0	0	0	0	0	0	0	0	0	0	0	0	0	0	0	0	0	0	0	0	0
加黑暗处视野范围	1		9	112	6	6	-1	-1	0	0	0	0	0	0	0	0	0	0	0	0	0	0	0	0	0	0	0	0	0	0	0	0	0	0	0
加黑暗处视野范围	1		10	112	6	6	-1	-1	0	0	0	0	0	0	0	0	0	0	0	0	0	0	0	0	0	0	0	0	0	0	0	0	0	0	0
加技能	1		1	139	1	1	-1	-1	0	0	1000000000	0	0	0	0	0	0	0	0	0	0	0	0	0	0	0	0	0	0	0	100	100	100	100	100
加技能	1		2	139	1	1	-1	-1	0	0	1000000000	0	0	0	0	0	0	0	0	0	0	0	0	0	0	0	0	0	0	0	100	100	100	100	100
加技能	1		3	139	1	1	-1	-1	0	0	1000000000	0	0	0	0	0	0	0	0	0	0	0	0	0	0	0	0	0	0	0	100	100	100	100	100
加技能	1		4	139	1	1	-1	-1	0	0	1000000000	0	0	0	0	0	0	0	0	0	0	0	0	0	0	0	0	0	0	0	100	100	100	100	100
加技能	1		5	139	1	1	-1	-1	0	0	1000000000	0	0	0	0	0	0	0	0	0	0	0	0	0	0	0	0	0	0	0	100	100	100	100	100
加技能	1		6	139	2	2	-1	-1	0	0	5000000000	0	0	0	0	0	0	0	0	0	0	0	0	0	0	0	0	0	0	0	100	100	100	100	100
加技能	1		7	139	2	2	-1	-1	0	0	5000000000	0	0	0	0	0	0	0	0	0	0	0	0	0	0	0	0	0	0	0	100	100	100	100	100
加技能	1		8	139	2	2	-1	-1	0	0	5000000000	0	0	0	0	0	0	0	0	0	0	0	0	0	0	0	0	0	0	0	100	100	100	100	100
加技能	1		9	139	2	2	-1	-1	0	0	5000000000	0	0	0	0	0	0	0	0	0	0	0	0	0	0	0	0	0	0	0	100	100	100	100	100
加技能	1		10	139	2	2	-1	-1	0	0	5000000000	0	0	0	0	0	0	0	0	0	0	0	0	0	0	0	0	0	0	0	100	100	100	100	100
加四防	1		1	114	1	3	-1	-1	0	0	2000000	0	0	0	0	0	0	0	0	0	0	0	0	0	0	0	0	0	0	0	90	100	40	40	50
加四防	1		2	114	4	6	-1	-1	0	0	5000000	0	0	0	0	0	0	0	0	0	0	0	0	0	0	0	0	0	0	0	90	100	40	40	50
加四防	1		3	114	7	9	-1	-1	0	0	20000000	0	0	0	0	0	0	0	0	0	0	0	0	0	0	0	0	0	0	0	90	100	40	40	50
加四防	1		4	114	10	12	-1	-1	0	0	30000000	0	0	0	0	0	0	0	0	0	0	0	0	0	0	0	0	0	0	0	90	100	40	40	50
加四防	1		5	114	13	14	-1	-1	0	0	50000000	0	0	0	0	0	0	0	0	0	0	0	0	0	0	0	0	0	0	0	90	100	40	40	50
加四防	1		6	114	15	16	-1	-1	0	0	80000000	0	0	0	0	0	0	0	0	0	0	0	0	0	0	0	0	0	0	0	90	100	40	40	50
加四防	1		7	114	17	17	-1	-1	0	0	150000000	0	0	0	0	0	0	0	0	0	0	0	0	0	0	0	0	0	0	0	90	100	40	40	50
加四防	1		8	114	18	18	-1	-1	0	0	240000000	0	0	0	0	0	0	0	0	0	0	0	0	0	0	0	0	0	0	0	90	100	40	40	50
加四防	1		9	114	19	19	-1	-1	0	0	300000000	0	0	0	0	0	0	0	0	0	0	0	0	0	0	0	0	0	0	0	90	100	40	40	50
加四防	1		10	114	20	20	-1	-1	0	0	400000000	0	0	0	0	0	0	0	0	0	0	0	0	0	0	0	0	0	0	0	90	100	40	40	50
偷血	1		1	136	1	1	-1	-1	0	0	3000000	5000000	5000000	5000000	12000000	12000000	500000	5000000	5000000	5000000	0	0	0	0	0	0	0	0	0	0	60	60	100	50	50
偷血	1		2	136	2	2	-1	-1	0	0	10000000	12000000	12000000	12000000	30000000	30000000	800000	8000000	8000000	8000000	0	0	0	0	0	0	0	0	0	0	60	60	100	50	50
偷血	1		3	136	3	3	-1	-1	0	0	15000000	20000000	20000000	20000000	100000000	100000000	1200000	15000000	15000000	15000000	0	0	0	0	0	0	0	0	0	0	60	60	100	50	50
偷血	1		4	136	4	4	-1	-1	0	0	30000000	40000000	40000000	40000000	200000000	200000000	1800000	30000000	30000000	30000000	0	0	0	0	0	0	0	0	0	0	60	60	100	50	50
偷血	1		5	136	5	5	-1	-1	0	0	40000000	60000000	60000000	60000000	300000000	300000000	2400000	45000000	45000000	45000000	0	0	0	0	0	0	0	0	0	0	60	60	100	50	50
偷血	1		6	136	6	6	-1	-1	0	0	50000000	80000000	80000000	80000000	350000000	350000000	3200000	50000000	50000000	50000000	0	0	0	0	0	0	0	0	0	0	60	60	100	50	50
偷血	1		7	136	7	7	-1	-1	0	0	80000000	100000000	100000000	100000000	400000000	400000000	4000000	60000000	60000000	60000000	0	0	0	0	0	0	0	0	0	0	60	60	100	50	50
偷血	1		8	136	8	8	-1	-1	0	0	100000000	120000000	120000000	120000000	450000000	450000000	5000000	70000000	70000000	70000000	0	0	0	0	0	0	0	0	0	0	60	60	100	50	50
偷血	1		9	136	9	9	-1	-1	0	0	120000000	140000000	140000000	140000000	500000000	500000000	6500000	80000000	80000000	80000000	0	0	0	0	0	0	0	0	0	0	60	60	100	50	50
偷血	1		10	136	10	10	-1	-1	0	0	150000000	300000000	300000000	300000000	800000000	800000000	9000000	150000000	150000000	150000000	0	0	0	0	0	0	0	0	0	0	60	60	100	50	50
偷内力	1		1	137	1	1	-1	-1	0	0	3000000	8000000	8000000	8000000	5000000	600000	600000	800000	800000	800000	0	0	0	0	0	0	0	0	0	0	80	80	100	50	50
偷内力	1		2	137	2	2	-1	-1	0	0	10000000	18000000	18000000	18000000	10000000	1000000	1000000	1800000	1800000	1800000	0	0	0	0	0	0	0	0	0	0	80	80	100	50	50
偷内力	1		3	137	3	3	-1	-1	0	0	15000000	40000000	40000000	40000000	15000000	1500000	1500000	4000000	4000000	4000000	0	0	0	0	0	0	0	0	0	0	80	80	100	50	50
偷内力	1		4	137	4	4	-1	-1	0	0	30000000	90000000	90000000	90000000	24000000	2200000	2200000	9000000	9000000	9000000	0	0	0	0	0	0	0	0	0	0	80	80	100	50	50
偷内力	1		5	137	5	5	-1	-1	0	0	40000000	150000000	150000000	150000000	35000000	2800000	2800000	15000000	15000000	15000000	0	0	0	0	0	0	0	0	0	0	80	80	100	50	50
偷内力	1		6	137	6	6	-1	-1	0	0	50000000	180000000	180000000	180000000	40000000	3600000	3600000	18000000	18000000	18000000	0	0	0	0	0	0	0	0	0	0	80	80	100	50	50
偷内力	1		7	137	7	7	-1	-1	0	0	80000000	200000000	200000000	200000000	45000000	4800000	4800000	20000000	20000000	20000000	0	0	0	0	0	0	0	0	0	0	80	80	100	50	50
偷内力	1		8	137	8	8	-1	-1	0	0	100000000	220000000	220000000	220000000	50000000	6000000	6000000	22000000	22000000	22000000	0	0	0	0	0	0	0	0	0	0	80	80	100	50	50
偷内力	1		9	137	9	9	-1	-1	0	0	120000000	240000000	240000000	240000000	55000000	8000000	8000000	24000000	24000000	24000000	0	0	0	0	0	0	0	0	0	0	80	80	100	50	50
偷内力	1		10	137	10	10	-1	-1	0	0	150000000	500000000	500000000	500000000	100000000	12000000	12000000	50000000	50000000	50000000	0	0	0	0	0	0	0	0	0	0	80	80	100	50	50
加生命最大值上限	1		1	85	5	20	-1	-1	0	0	300000	80000	50000	50000	80000	80000	30000	50000	50000	50000	80000	0	0	0	80000	100000	80000	100000	0	0	100	100	100	100	100
加生命最大值上限	1		2	85	20	40	-1	-1	0	0	300000	100000	80000	80000	100000	100000	40000	80000	80000	80000	100000	0	0	0	100000	150000	100000	150000	0	0	100	100	100	100	100
加生命最大值上限	1		3	85	40	60	-1	-1	0	0	400000	150000	120000	120000	150000	150000	50000	120000	120000	120000	150000	0	0	0	150000	200000	150000	200000	0	0	100	100	100	100	100
加生命最大值上限	1		4	85	60	80	-1	-1	0	0	500000	200000	160000	160000	200000	200000	60000	160000	160000	160000	200000	0	0	0	200000	300000	200000	300000	0	0	100	100	100	100	100
加生命最大值上限	1		5	85	80	100	-1	-1	0	0	800000	300000	200000	200000	300000	300000	80000	200000	200000	200000	300000	0	0	0	400000	500000	400000	500000	0	0	100	100	100	100	100
加生命最大值上限	1		6	85	100	120	-1	-1	0	0	1200000	800000	600000	600000	800000	800000	120000	500000	500000	500000	800000	0	0	0	1000000	1200000	1000000	1500000	0	0	100	100	100	100	100
加生命最大值上限	1		7	85	120	140	-1	-1	0	0	3000000	2400000	1500000	1500000	2400000	2400000	300000	1000000	1000000	1000000	2000000	0	0	0	2000000	3000000	2000000	3000000	0	0	100	100	100	100	100
加生命最大值上限	1		8	85	140	160	-1	-1	0	0	5000000	5000000	3000000	3000000	5000000	5000000	500000	2400000	2400000	2400000	4500000	0	0	0	4500000	6000000	4500000	6000000	0	0	100	100	100	100	100
加生命最大值上限	1		9	85	160	180	-1	-1	0	0	9000000	8000000	6000000	6000000	8000000	8000000	1000000	5000000	5000000	5000000	7500000	0	0	0	7500000	10000000	7500000	10000000	0	0	100	100	100	100	100
加生命最大值上限	1		10	85	180	200	-1	-1	0	0	15000000	12000000	10000000	10000000	12000000	12000000	1800000	10000000	10000000	10000000	15000000	0	0	0	18000000	30000000	18000000	30000000	0	0	100	100	100	100	100
加内力上限	1		1	89	5	20	-1	-1	0	0	300000	80000	80000	80000	80000	30000	30000	50000	50000	50000	80000	0	0	0	80000	100000	80000	100000	0	0	100	100	100	100	100
加内力上限	1		2	89	20	40	-1	-1	0	0	300000	100000	100000	100000	100000	40000	40000	80000	80000	80000	100000	0	0	0	100000	150000	100000	150000	0	0	100	100	100	100	100
加内力上限	1		3	89	40	60	-1	-1	0	0	400000	150000	150000	150000	150000	50000	50000	120000	120000	120000	150000	0	0	0	150000	200000	150000	200000	0	0	100	100	100	100	100
加内力上限	1		4	89	60	80	-1	-1	0	0	500000	200000	200000	200000	200000	60000	60000	160000	160000	160000	200000	0	0	0	200000	300000	200000	300000	0	0	100	100	100	100	100
加内力上限	1		5	89	80	100	-1	-1	0	0	800000	300000	300000	300000	300000	80000	80000	200000	200000	200000	300000	0	0	0	300000	500000	300000	500000	0	0	100	100	100	100	100
加内力上限	1		6	89	100	120	-1	-1	0	0	1200000	900000	900000	900000	900000	150000	150000	600000	600000	600000	900000	0	0	0	900000	1000000	900000	1000000	0	0	100	100	100	100	100
加内力上限	1		7	89	120	140	-1	-1	0	0	3000000	1800000	1800000	1800000	1800000	300000	300000	1500000	1500000	1500000	1800000	0	0	0	1800000	2400000	1800000	2400000	0	0	100	100	100	100	100
加内力上限	1		8	89	140	160	-1	-1	0	0	5000000	3500000	3500000	3500000	3500000	500000	500000	3000000	3000000	3000000	3500000	0	0	0	3500000	4500000	3500000	4500000	0	0	100	100	100	100	100
加内力上限	1		9	89	160	180	-1	-1	0	0	9000000	6000000	6000000	6000000	6000000	1000000	1000000	5000000	5000000	5000000	6000000	0	0	0	6000000	9000000	6000000	9000000	0	0	100	100	100	100	100
加内力上限	1		10	89	180	200	-1	-1	0	0	15000000	9000000	9000000	9000000	9000000	3000000	3000000	8000000	8000000	8000000	9000000	0	0	0	12000000	15000000	12000000	15000000	0	0	100	100	100	100	100
加体力上限	1		1	93	5	20	-1	-1	0	0	200000	50000	50000	50000	50000	50000	50000	50000	50000	50000	50000	0	0	0	50000	50000	50000	50000	0	0	100	100	100	100	100
加体力上限	1		2	93	20	40	-1	-1	0	0	200000	80000	80000	80000	80000	80000	80000	80000	80000	80000	80000	0	0	0	80000	80000	80000	80000	0	0	100	100	100	100	100
加体力上限	1		3	93	40	60	-1	-1	0	0	300000	100000	100000	100000	100000	100000	100000	100000	100000	100000	100000	0	0	0	100000	120000	100000	120000	0	0	100	100	100	100	100
加体力上限	1		4	93	60	80	-1	-1	0	0	400000	120000	120000	120000	120000	120000	120000	120000	120000	120000	120000	0	0	0	120000	150000	120000	150000	0	0	100	100	100	100	100
加体力上限	1		5	93	80	100	-1	-1	0	0	600000	160000	160000	160000	160000	160000	160000	160000	160000	160000	160000	0	0	0	160000	240000	160000	240000	0	0	100	100	100	100	100
加体力上限	1		6	93	100	120	-1	-1	0	0	1000000	300000	300000	300000	300000	300000	300000	300000	300000	300000	300000	0	0	0	300000	450000	300000	450000	0	0	100	100	100	100	100
加体力上限	1		7	93	120	140	-1	-1	0	0	2000000	500000	500000	500000	500000	500000	500000	500000	500000	500000	500000	0	0	0	600000	900000	600000	900000	0	0	100	100	100	100	100
加体力上限	1		8	93	140	160	-1	-1	0	0	3500000	1000000	1000000	1000000	1000000	1000000	1000000	1000000	1000000	1000000	1000000	0	0	0	1200000	1500000	1200000	1500000	0	0	100	100	100	100	100
加体力上限	1		9	93	160	180	-1	-1	0	0	7000000	3000000	3000000	3000000	3000000	3000000	3000000	3000000	3000000	3000000	3000000	0	0	0	3000000	4500000	3000000	4500000	0	0	100	100	100	100	100
加体力上限	1		10	93	180	200	-1	-1	0	0	12000000	8000000	8000000	8000000	8000000	8000000	8000000	8000000	8000000	8000000	8000000	0	0	0	10000000	12000000	10000000	12000000	0	0	100	100	100	100	100
加生命恢复速度	1		1	88	1	1	-1	-1	0	0	400000	0	0	0	0	0	0	0	0	0	300000	0	0	0	300000	400000	300000	400000	0	0	60	100	100	80	60
加生命恢复速度	1		2	88	1	1	-1	-1	0	0	400000	0	0	0	0	0	0	0	0	0	300000	0	0	0	300000	400000	300000	400000	0	0	60	100	100	80	60
加生命恢复速度	1		3	88	2	2	-1	-1	0	0	500000	0	0	0	0	0	0	0	0	0	500000	0	0	0	500000	650000	500000	650000	0	0	60	100	100	80	60
加生命恢复速度	1		4	88	2	2	-1	-1	0	0	500000	0	0	0	0	0	0	0	0	0	500000	0	0	0	500000	650000	500000	650000	0	0	60	100	100	80	60
加生命恢复速度	1		5	88	3	3	-1	-1	0	0	1000000	0	0	0	0	0	0	0	0	0	1000000	0	0	0	1000000	1200000	1000000	1200000	0	0	60	100	100	80	60
加生命恢复速度	1		6	88	3	3	-1	-1	0	0	1000000	0	0	0	0	0	0	0	0	0	1000000	0	0	0	1000000	1200000	1000000	1200000	0	0	60	100	100	80	60
加生命恢复速度	1		7	88	4	4	-1	-1	0	0	3000000	0	0	0	0	0	0	0	0	0	3000000	0	0	0	3000000	3500000	3000000	3500000	0	0	60	100	100	80	60
加生命恢复速度	1		8	88	4	4	-1	-1	0	0	3000000	0	0	0	0	0	0	0	0	0	3000000	0	0	0	3000000	3500000	3000000	3500000	0	0	60	100	100	80	60
加生命恢复速度	1		9	88	5	5	-1	-1	0	0	6000000	0	0	0	0	0	0	0	0	0	6000000	0	0	0	6000000	8000000	6000000	8000000	0	0	60	100	100	80	60
加生命恢复速度	1		10	88	6	6	-1	-1	0	0	12000000	0	0	0	0	0	0	0	0	0	12000000	0	0	0	12000000	15000000	12000000	15000000	0	0	60	100	100	80	60
加内力恢复速度	1		1	92	1	1	-1	-1	0	0	3000000	0	0	0	0	0	0	0	0	0	0	0	0	0	0	0	0	0	0	0	80	100	100	80	80
加内力恢复速度	1		2	92	1	1	-1	-1	0	0	3000000	0	0	0	0	0	0	0	0	0	0	0	0	0	0	0	0	0	0	0	80	100	100	80	80
加内力恢复速度	1		3	92	2	2	-1	-1	0	0	8000000	0	0	0	0	0	0	0	0	0	0	0	0	0	0	0	0	0	0	0	80	100	100	80	80
加内力恢复速度	1		4	92	2	2	-1	-1	0	0	8000000	0	0	0	0	0	0	0	0	0	0	0	0	0	0	0	0	0	0	0	80	100	100	80	80
加内力恢复速度	1		5	92	2	2	-1	-1	0	0	8000000	0	0	0	0	0	0	0	0	0	0	0	0	0	0	0	0	0	0	0	80	100	100	80	80
加内力恢复速度	1		6	92	3	3	-1	-1	0	0	15000000	0	0	0	0	0	0	0	0	0	0	0	0	0	0	0	0	0	0	0	80	100	100	80	80
加内力恢复速度	1		7	92	3	3	-1	-1	0	0	15000000	0	0	0	0	0	0	0	0	0	0	0	0	0	0	0	0	0	0	0	80	100	100	80	80
加内力恢复速度	1		8	92	4	4	-1	-1	0	0	30000000	0	0	0	0	0	0	0	0	0	0	0	0	0	0	0	0	0	0	0	80	100	100	80	80
加内力恢复速度	1		9	92	4	4	-1	-1	0	0	30000000	0	0	0	0	0	0	0	0	0	0	0	0	0	0	0	0	0	0	0	80	100	100	80	80
加内力恢复速度	1		10	92	4	4	-1	-1	0	0	30000000	0	0	0	0	0	0	0	0	0	0	0	0	0	0	0	0	0	0	0	80	100	100	80	80
加体力恢复速度	1		1	96	1	1	-1	-1	0	0	300000	0	0	0	0	0	0	0	0	0	0	0	0	0	0	0	0	0	0	0	100	100	100	100	100
加体力恢复速度	1		2	96	1	1	-1	-1	0	0	300000	0	0	0	0	0	0	0	0	0	0	0	0	0	0	0	0	0	0	0	100	100	100	100	100
加体力恢复速度	1		3	96	2	2	-1	-1	0	0	500000	0	0	0	0	0	0	0	0	0	0	0	0	0	0	0	0	0	0	0	100	100	100	100	100
加体力恢复速度	1		2	96	3	3	-1	-1	0	0	800000	0	0	0	0	0	0	0	0	0	0	0	0	0	0	0	0	0	0	0	100	100	100	100	100
加体力恢复速度	1		5	96	4	4	-1	-1	0	0	1200000	0	0	0	0	0	0	0	0	0	0	0	0	0	0	0	0	0	0	0	100	100	100	100	100
加体力恢复速度	1		6	96	5	5	-1	-1	0	0	1800000	0	0	0	0	0	0	0	0	0	0	0	0	0	0	0	0	0	0	0	100	100	100	100	100
加体力恢复速度	1		7	96	6	6	-1	-1	0	0	3000000	0	0	0	0	0	0	0	0	0	0	0	0	0	0	0	0	0	0	0	100	100	100	100	100
加体力恢复速度	1		8	96	7	7	-1	-1	0	0	5000000	0	0	0	0	0	0	0	0	0	0	0	0	0	0	0	0	0	0	0	100	100	100	100	100
加体力恢复速度	1		9	96	8	8	-1	-1	0	0	8000000	0	0	0	0	0	0	0	0	0	0	0	0	0	0	0	0	0	0	0	100	100	100	100	100
加体力恢复速度	1		10	96	9	9	-1	-1	0	0	15000000	0	0	0	0	0	0	0	0	0	0	0	0	0	0	0	0	0	0	0	100	100	100	100	100
加力量	0	0	1	97	1	2	-1	-1	0	0	300000	0	0	0	0	0	0	0	0	0	0	0	0	0	0	0	0	0	0	0	100	0	0	0	0
加力量	0	0	2	97	3	4	-1	-1	0	0	300000	0	0	0	0	0	0	0	0	0	0	0	0	0	0	0	0	0	0	0	100	0	0	0	0
加力量	0	0	3	97	5	6	-1	-1	0	0	500000	0	0	0	0	0	0	0	0	0	0	0	0	0	0	0	0	0	0	0	100	0	0	0	0
加力量	0	0	4	97	7	8	-1	-1	0	0	800000	0	0	0	0	0	0	0	0	0	0	0	0	0	0	0	0	0	0	0	100	0	0	0	0
加力量	0	0	5	97	9	10	-1	-1	0	0	1200000	0	0	0	0	0	0	0	0	0	0	0	0	0	0	0	0	0	0	0	100	0	0	0	0
加力量	0	0	6	97	11	12	-1	-1	0	0	1800000	0	0	0	0	0	0	0	0	0	0	0	0	0	0	0	0	0	0	0	100	0	0	0	0
加力量	0	0	7	97	13	14	-1	-1	0	0	3000000	0	0	0	0	0	0	0	0	0	0	0	0	0	0	0	0	0	0	0	100	0	0	0	0
加力量	0	0	8	97	15	16	-1	-1	0	0	5000000	0	0	0	0	0	0	0	0	0	0	0	0	0	0	0	0	0	0	0	100	0	0	0	0
加力量	0	0	9	97	17	18	-1	-1	0	0	8000000	0	0	0	0	0	0	0	0	0	0	0	0	0	0	0	0	0	0	0	100	0	0	0	0
加力量	0	0	10	97	19	20	-1	-1	0	0	15000000	0	0	0	0	0	0	0	0	0	0	0	0	0	0	0	0	0	0	0	100	0	0	0	0
加物理伤害	0	0	1	121	1	5	-1	-1	0	0	500000	100000	100000	100000	100000	100000	50000	100000	100000	150000	0	0	0	0	0	0	0	0	0	0	100	0	0	0	0
加物理伤害	0	0	2	121	6	10	-1	-1	0	0	1000000	300000	300000	300000	300000	300000	80000	300000	300000	450000	0	0	0	0	0	0	0	0	0	0	100	0	0	0	0
加物理伤害	0	0	3	121	11	15	-1	-1	0	0	1500000	600000	600000	600000	600000	600000	100000	600000	600000	900000	0	0	0	0	0	0	0	0	0	0	100	0	0	0	0
加物理伤害	0	0	4	121	16	20	-1	-1	0	0	3000000	1200000	1200000	1200000	1200000	1200000	120000	1200000	1200000	1800000	0	0	0	0	0	0	0	0	0	0	100	0	0	0	0
加物理伤害	0	0	5	121	21	25	-1	-1	0	0	6000000	3000000	3000000	3000000	3000000	3000000	160000	3000000	3000000	4500000	0	0	0	0	0	0	0	0	0	0	100	0	0	0	0
加物理伤害	0	0	6	121	26	30	-1	-1	0	0	8000000	8000000	8000000	6000000	6000000	6000000	200000	6000000	6000000	12000000	0	0	0	0	0	0	0	0	0	0	100	0	0	0	0
加物理伤害	0	0	7	121	31	35	-1	-1	0	0	10000000	24000000	24000000	12000000	12000000	12000000	300000	12000000	12000000	32000000	0	0	0	0	0	0	0	0	0	0	100	0	0	0	0
加物理伤害	0	0	8	121	36	40	-1	-1	0	0	15000000	54000000	54000000	30000000	30000000	30000000	500000	30000000	30000000	64000000	0	0	0	0	0	0	0	0	0	0	100	0	0	0	0
加物理伤害	0	0	9	121	41	45	-1	-1	0	0	24000000	120000000	120000000	65000000	65000000	65000000	1500000	65000000	65000000	150000000	0	0	0	0	0	0	0	0	0	0	100	0	0	0	0
加物理伤害	0	0	10	121	46	50	-1	-1	0	0	35000000	240000000	240000000	100000000	100000000	100000000	3000000	100000000	100000000	300000000	0	0	0	0	0	0	0	0	0	0	100	0	0	0	0
加毒伤害	0	1	1	125	1	5	-1	-1	0	0	300000	120000	120000	100000	120000	120000	50000	100000	100000	100000	0	0	0	0	0	0	0	0	0	0	0	100	0	0	0
加毒伤害	0	1	2	125	6	10	-1	-1	0	0	800000	240000	240000	200000	240000	240000	80000	200000	200000	200000	0	0	0	0	0	0	0	0	0	0	0	100	0	0	0
加毒伤害	0	1	3	125	11	15	-1	-1	0	0	1200000	500000	500000	450000	500000	500000	100000	450000	450000	450000	0	0	0	0	0	0	0	0	0	0	0	100	0	0	0
加毒伤害	0	1	4	125	16	20	-1	-1	0	0	2400000	800000	800000	7500000	800000	800000	120000	7500000	7500000	7500000	0	0	0	0	0	0	0	0	0	0	0	100	0	0	0
加毒伤害	0	1	5	125	21	25	-1	-1	0	0	4500000	1500000	1500000	1200000	1500000	1500000	160000	1200000	1200000	1200000	0	0	0	0	0	0	0	0	0	0	0	100	0	0	0
加毒伤害	0	1	6	125	26	30	-1	-1	0	0	6500000	3000000	3000000	2400000	3000000	3000000	200000	2400000	2400000	2400000	0	0	0	0	0	0	0	0	0	0	0	100	0	0	0
加毒伤害	0	1	7	125	31	35	-1	-1	0	0	9000000	6000000	6000000	5000000	6000000	6000000	300000	5000000	5000000	5000000	0	0	0	0	0	0	0	0	0	0	0	100	0	0	0
加毒伤害	0	1	8	125	36	40	-1	-1	0	0	12000000	10000000	10000000	9000000	10000000	10000000	500000	8000000	8000000	8000000	0	0	0	0	0	0	0	0	0	0	0	100	0	0	0
加毒伤害	0	1	9	125	41	45	-1	-1	0	0	20000000	24000000	24000000	18000000	24000000	24000000	1500000	15000000	15000000	15000000	0	0	0	0	0	0	0	0	0	0	0	100	0	0	0
加毒伤害	0	1	10	125	46	50	-1	-1	0	0	30000000	60000000	60000000	50000000	60000000	60000000	4500000	30000000	30000000	30000000	0	0	0	0	0	0	0	0	0	0	0	100	0	0	0
加冰伤害	0	2	1	123	1	19	-1	-1	0	0	500000	500000	150000	100000	300000	300000	50000	50000	50000	50000	0	0	0	0	0	0	0	0	0	0	0	0	100	0	0
加冰伤害	0	2	2	123	20	29	-1	-1	0	0	1000000	1600000	400000	300000	800000	800000	80000	80000	80000	80000	0	0	0	0	0	0	0	0	0	0	0	0	100	0	0
加冰伤害	0	2	3	123	30	39	-1	-1	0	0	3000000	3000000	800000	600000	1500000	1500000	100000	100000	100000	100000	0	0	0	0	0	0	0	0	0	0	0	0	100	0	0
加冰伤害	0	2	4	123	40	49	-1	-1	0	0	5000000	6000000	1500000	1200000	3000000	3000000	200000	200000	200000	200000	0	0	0	0	0	0	0	0	0	0	0	0	100	0	0
加冰伤害	0	2	5	123	50	59	-1	-1	0	0	9000000	18000000	4500000	3000000	9000000	9000000	300000	300000	300000	300000	0	0	0	0	0	0	0	0	0	0	0	0	100	0	0
加冰伤害	0	2	6	123	60	69	-1	-1	0	0	18000000	36000000	9000000	5000000	18000000	18000000	500000	500000	500000	500000	0	0	0	0	0	0	0	0	0	0	0	0	100	0	0
加冰伤害	0	2	7	123	70	79	-1	-1	0	0	30000000	80000000	20000000	18000000	45000000	45000000	1000000	1000000	1000000	1000000	0	0	0	0	0	0	0	0	0	0	0	0	100	0	0
加冰伤害	0	2	8	123	80	89	-1	-1	0	0	50000000	160000000	40000000	24000000	80000000	80000000	3000000	3000000	3000000	3000000	0	0	0	0	0	0	0	0	0	0	0	0	100	0	0
加冰伤害	0	2	9	123	90	99	-1	-1	0	0	80000000	350000000	90000000	80000000	180000000	180000000	5000000	5000000	5000000	5000000	0	0	0	0	0	0	0	0	0	0	0	0	100	0	0
加冰伤害	0	2	10	123	100	100	-1	-1	0	0	120000000	800000000	240000000	180000000	500000000	500000000	10000000	10000000	10000000	10000000	0	0	0	0	0	0	0	0	0	0	0	0	100	0	0
加火伤害	0	3	1	122	1	10	-1	-1	0	0	300000	80000	80000	80000	80000	80000	80000	80000	80000	80000	0	0	0	0	0	0	0	0	0	0	0	0	0	100	0
加火伤害	0	3	2	122	10	20	-1	-1	0	0	500000	150000	150000	150000	150000	150000	150000	150000	150000	150000	0	0	0	0	0	0	0	0	0	0	0	0	0	100	0
加火伤害	0	3	3	122	20	30	-1	-1	0	0	600000	200000	200000	200000	200000	200000	200000	200000	200000	200000	0	0	0	0	0	0	0	0	0	0	0	0	0	100	0
加火伤害	0	3	4	122	30	40	-1	-1	0	0	800000	300000	300000	300000	300000	300000	300000	300000	300000	300000	0	0	0	0	0	0	0	0	0	0	0	0	0	100	0
加火伤害	0	3	5	122	40	50	-1	-1	0	0	1000000	400000	400000	400000	400000	400000	400000	400000	400000	400000	0	0	0	0	0	0	0	0	0	0	0	0	0	100	0
加火伤害	0	3	6	122	50	60	-1	-1	0	0	1500000	500000	500000	500000	500000	500000	500000	500000	500000	500000	0	0	0	0	0	0	0	0	0	0	0	0	0	100	0
加火伤害	0	3	7	122	60	70	-1	-1	0	0	3000000	600000	600000	600000	600000	600000	600000	600000	600000	600000	0	0	0	0	0	0	0	0	0	0	0	0	0	100	0
加火伤害	0	3	8	122	70	80	-1	-1	0	0	5000000	800000	800000	800000	800000	800000	800000	800000	800000	800000	0	0	0	0	0	0	0	0	0	0	0	0	0	100	0
加火伤害	0	3	9	122	80	90	-1	-1	0	0	8000000	2000000	2000000	2000000	2000000	2000000	2000000	2000000	2000000	2000000	0	0	0	0	0	0	0	0	0	0	0	0	0	100	0
加火伤害	0	3	10	122	90	100	-1	-1	0	0	15000000	5000000	5000000	5000000	5000000	5000000	5000000	5000000	5000000	5000000	0	0	0	0	0	0	0	0	0	0	0	0	0	100	0
加电伤害	0	4	1	124	1	10	-1	-1	0	0	300000	80000	80000	80000	80000	80000	80000	80000	80000	80000	0	0	0	0	0	0	0	0	0	0	0	0	0	0	100
加电伤害	0	4	2	124	10	20	-1	-1	0	0	500000	150000	150000	150000	150000	150000	150000	150000	150000	150000	0	0	0	0	0	0	0	0	0	0	0	0	0	0	100
加电伤害	0	4	3	124	20	30	-1	-1	0	0	600000	200000	200000	200000	200000	200000	200000	200000	200000	200000	0	0	0	0	0	0	0	0	0	0	0	0	0	0	100
加电伤害	0	4	4	124	30	40	-1	-1	0	0	800000	300000	300000	300000	300000	300000	300000	300000	300000	300000	0	0	0	0	0	0	0	0	0	0	0	0	0	0	100
加电伤害	0	4	5	124	40	50	-1	-1	0	0	1000000	400000	400000	400000	400000	400000	400000	400000	400000	400000	0	0	0	0	0	0	0	0	0	0	0	0	0	0	100
加电伤害	0	4	6	124	50	60	-1	-1	0	0	1500000	500000	500000	500000	500000	500000	500000	500000	500000	500000	0	0	0	0	0	0	0	0	0	0	0	0	0	0	100
加电伤害	0	4	7	124	60	70	-1	-1	0	0	3000000	600000	600000	600000	600000	600000	600000	600000	600000	600000	0	0	0	0	0	0	0	0	0	0	0	0	0	0	100
加电伤害	0	4	8	124	70	80	-1	-1	0	0	5000000	800000	800000	800000	800000	800000	800000	800000	800000	800000	0	0	0	0	0	0	0	0	0	0	0	0	0	0	100
加电伤害	0	4	9	124	80	90	-1	-1	0	0	8000000	2000000	2000000	2000000	2000000	2000000	2000000	2000000	2000000	2000000	0	0	0	0	0	0	0	0	0	0	0	0	0	0	100
加电伤害	0	4	10	124	90	100	-1	-1	0	0	15000000	5000000	5000000	5000000	5000000	5000000	5000000	5000000	5000000	5000000	0	0	0	0	0	0	0	0	0	0	0	0	0	0	100
物理伤害吸收（转化为内力提高）	0	0	1	134	1	1	-1	-1	0	0	200000	0	0	0	0	0	0	0	0	0	50000	0	0	0	50000	60000	50000	60000	0	0	100	100	100	100	100
物理伤害吸收（转化为内力提高）	0	0	2	134	2	2	-1	-1	0	0	200000	0	0	0	0	0	0	0	0	0	80000	0	0	0	80000	100000	80000	100000	0	0	100	100	100	100	100
物理伤害吸收（转化为内力提高）	0	0	3	134	3	3	-1	-1	0	0	200000	0	0	0	0	0	0	0	0	0	120000	0	0	0	120000	150000	120000	150000	0	0	100	100	100	100	100
物理伤害吸收（转化为内力提高）	0	0	4	134	4	4	-1	-1	0	0	300000	0	0	0	0	0	0	0	0	0	160000	0	0	0	160000	240000	160000	240000	0	0	100	100	100	100	100
物理伤害吸收（转化为内力提高）	0	0	5	134	5	5	-1	-1	0	0	400000	0	0	0	0	0	0	0	0	0	200000	0	0	0	200000	300000	200000	300000	0	0	100	100	100	100	100
物理伤害吸收（转化为内力提高）	0	0	6	134	6	6	-1	-1	0	0	500000	0	0	0	0	0	0	0	0	0	300000	0	0	0	300000	450000	300000	450000	0	0	100	100	100	100	100
物理伤害吸收（转化为内力提高）	0	0	7	134	7	7	-1	-1	0	0	700000	0	0	0	0	0	0	0	0	0	500000	0	0	0	500000	600000	500000	600000	0	0	100	100	100	100	100
物理伤害吸收（转化为内力提高）	0	0	8	134	8	8	-1	-1	0	0	1000000	0	0	0	0	0	0	0	0	0	800000	0	0	0	800000	1000000	800000	1000000	0	0	100	100	100	100	100
物理伤害吸收（转化为内力提高）	0	0	9	134	9	9	-1	-1	0	0	1500000	0	0	0	0	0	0	0	0	0	1500000	0	0	0	1500000	2000000	1500000	2000000	0	0	100	100	100	100	100
物理伤害吸收（转化为内力提高）	0	0	10	134	10	10	-1	-1	0	0	3000000	0	0	0	0	0	0	0	0	0	3000000	0	0	0	3000000	4500000	3000000	4500000	0	0	100	100	100	100	100
物免百分比	0	3	1	104	1	3	-1	-1	0	0	800000	0	0	0	0	0	0	0	0	0	600000	0	0	0	600000	1000000	800000	1000000	0	0	0	0	0	100	0
物免百分比	0	3	2	104	4	6	-1	-1	0	0	1200000	0	0	0	0	0	0	0	0	0	1500000	0	0	0	1500000	5000000	1800000	5000000	0	0	0	0	0	100	0
物免百分比	0	3	3	104	7	9	-1	-1	0	0	2000000	0	0	0	0	0	0	0	0	0	3000000	0	0	0	3000000	15000000	6000000	15000000	0	0	0	0	0	100	0
物免百分比	0	3	4	104	10	12	-1	-1	0	0	3000000	0	0	0	0	0	0	0	0	0	10000000	0	0	0	10000000	50000000	18000000	50000000	0	0	0	0	0	100	0
物免百分比	0	3	5	104	13	15	-1	-1	0	0	4000000	0	0	0	0	0	0	0	0	0	24000000	0	0	0	24000000	120000000	45000000	120000000	0	0	0	0	0	100	0
物免百分比	0	3	6	104	16	18	-1	-1	0	0	6000000	0	0	0	0	0	0	0	0	0	65000000	0	0	0	65000000	300000000	90000000	300000000	0	0	0	0	0	100	0
物免百分比	0	3	7	104	19	21	-1	-1	0	0	9000000	0	0	0	0	0	0	0	0	0	150000000	0	0	0	150000000	500000000	220000000	500000000	0	0	0	0	0	100	0
物免百分比	0	3	8	104	22	23	-1	-1	0	0	15000000	0	0	0	0	0	0	0	0	0	200000000	0	0	0	200000000	600000000	300000000	600000000	0	0	0	0	0	100	0
物免百分比	0	3	9	104	24	24	-1	-1	0	0	30000000	0	0	0	0	0	0	0	0	0	250000000	0	0	0	250000000	800000000	360000000	800000000	0	0	0	0	0	100	0
物免百分比	0	3	10	104	25	25	-1	-1	0	0	50000000	0	0	0	0	0	0	0	0	0	300000000	0	0	0	300000000	1000000000	450000000	1000000000	0	0	0	0	0	100	0
加抗毒性	0	0	1	101	1	3	-1	-1	0	0	200000	30000	30000	30000	30000	30000	30000	30000	30000	30000	30000	0	0	0	30000	50000	30000	50000	0	0	100	0	0	0	0
加抗毒性	0	0	2	101	4	6	-1	-1	0	0	200000	50000	50000	50000	50000	50000	50000	50000	50000	50000	50000	0	0	0	50000	80000	50000	80000	0	0	100	0	0	0	0
加抗毒性	0	0	3	101	7	9	-1	-1	0	0	300000	80000	80000	80000	80000	80000	80000	80000	80000	80000	80000	0	0	0	80000	120000	80000	120000	0	0	100	0	0	0	0
加抗毒性	0	0	4	101	10	12	-1	-1	0	0	400000	120000	120000	120000	120000	120000	120000	120000	120000	120000	120000	0	0	0	120000	180000	120000	180000	0	0	100	0	0	0	0
加抗毒性	0	0	5	101	13	15	-1	-1	0	0	500000	160000	160000	160000	160000	160000	160000	160000	160000	160000	160000	0	0	0	160000	240000	160000	240000	0	0	100	0	0	0	0
加抗毒性	0	0	6	101	16	18	-1	-1	0	0	800000	240000	240000	240000	240000	240000	240000	240000	240000	240000	240000	0	0	0	240000	360000	240000	360000	0	0	100	0	0	0	0
加抗毒性	0	0	7	101	19	21	-1	-1	0	0	1200000	500000	500000	500000	500000	500000	500000	500000	500000	500000	500000	0	0	0	500000	650000	500000	650000	0	0	100	0	0	0	0
加抗毒性	0	0	8	101	22	23	-1	-1	0	0	1800000	900000	900000	900000	900000	900000	900000	900000	900000	900000	900000	0	0	0	900000	1200000	900000	1200000	0	0	100	0	0	0	0
加抗毒性	0	0	9	101	24	24	-1	-1	0	0	3500000	2400000	2400000	2400000	2400000	2400000	2400000	2400000	2400000	2400000	2400000	0	0	0	2400000	3500000	2400000	3500000	0	0	100	0	0	0	0
加抗毒性	0	0	10	101	25	25	-1	-1	0	0	6000000	8000000	8000000	8000000	8000000	8000000	8000000	8000000	8000000	8000000	8000000	0	0	0	8000000	9000000	8000000	9000000	0	0	100	0	0	0	0
加抗冰性	0	4	1	105	1	3	-1	-1	0	0	200000	50000	50000	50000	30000	30000	30000	30000	30000	30000	30000	0	0	0	30000	50000	30000	80000	0	0	0	0	0	0	100
加抗冰性	0	4	2	105	4	6	-1	-1	0	0	300000	80000	80000	80000	50000	50000	50000	50000	50000	50000	50000	0	0	0	50000	80000	50000	150000	0	0	0	0	0	0	100
加抗冰性	0	4	3	105	7	9	-1	-1	0	0	500000	240000	240000	240000	150000	150000	150000	150000	150000	150000	150000	0	0	0	120000	240000	150000	600000	0	0	0	0	0	0	100
加抗冰性	0	4	4	105	10	12	-1	-1	0	0	800000	800000	800000	800000	500000	500000	500000	500000	500000	500000	500000	0	0	0	450000	800000	500000	1200000	0	0	0	0	0	0	100
加抗冰性	0	4	5	105	13	15	-1	-1	0	0	1200000	1500000	1500000	1500000	1000000	1000000	1000000	1000000	1000000	1000000	1000000	0	0	0	900000	1500000	1000000	2000000	0	0	0	0	0	0	100
加抗冰性	0	4	6	105	16	18	-1	-1	0	0	2000000	5000000	5000000	5000000	3000000	3000000	3000000	3000000	3000000	3000000	3000000	0	0	0	2400000	5000000	3000000	6500000	0	0	0	0	0	0	100
加抗冰性	0	4	7	105	19	21	-1	-1	0	0	3000000	12000000	12000000	12000000	8000000	8000000	8000000	8000000	8000000	8000000	8000000	0	0	0	6500000	12000000	8000000	18000000	0	0	0	0	0	0	100
加抗冰性	0	4	8	105	22	23	-1	-1	0	0	6000000	18000000	18000000	18000000	12000000	12000000	12000000	12000000	12000000	12000000	12000000	0	0	0	10000000	18000000	12000000	30000000	0	0	0	0	0	0	100
加抗冰性	0	4	9	105	24	24	-1	-1	0	0	12000000	24000000	24000000	24000000	18000000	18000000	18000000	18000000	18000000	18000000	18000000	0	0	0	15000000	24000000	18000000	45000000	0	0	0	0	0	0	100
加抗冰性	0	4	10	105	25	25	-1	-1	0	0	24000000	40000000	40000000	40000000	30000000	30000000	30000000	30000000	30000000	30000000	30000000	0	0	0	24000000	40000000	30000000	60000000	0	0	0	0	0	0	100
加抗火性	0	2	1	102	1	3	-1	-1	0	0	200000	60000	60000	60000	50000	50000	50000	50000	50000	50000	50000	0	0	0	30000	60000	60000	80000	0	0	0	0	100	0	0
加抗火性	0	2	2	102	4	6	-1	-1	0	0	300000	120000	120000	120000	80000	80000	80000	80000	80000	80000	80000	0	0	0	60000	120000	120000	150000	0	0	0	0	100	0	0
加抗火性	0	2	3	102	7	9	-1	-1	0	0	500000	300000	300000	300000	240000	240000	240000	240000	240000	240000	240000	0	0	0	150000	300000	300000	600000	0	0	0	0	100	0	0
加抗火性	0	2	4	102	10	12	-1	-1	0	0	800000	800000	800000	800000	800000	800000	800000	800000	800000	800000	800000	0	0	0	600000	800000	800000	1200000	0	0	0	0	100	0	0
加抗火性	0	2	5	102	13	15	-1	-1	0	0	1500000	1500000	1500000	1500000	1500000	1500000	1500000	1500000	1500000	1500000	1500000	0	0	0	1200000	1500000	1500000	2000000	0	0	0	0	100	0	0
加抗火性	0	2	6	102	16	18	-1	-1	0	0	2400000	5000000	5000000	5000000	5000000	5000000	5000000	5000000	5000000	5000000	5000000	0	0	0	3000000	5000000	5000000	6500000	0	0	0	0	100	0	0
加抗火性	0	2	7	102	19	21	-1	-1	0	0	3500000	12000000	12000000	12000000	12000000	12000000	12000000	12000000	12000000	12000000	12000000	0	0	0	8000000	12000000	12000000	18000000	0	0	0	0	100	0	0
加抗火性	0	2	8	102	22	23	-1	-1	0	0	7500000	24000000	24000000	24000000	18000000	18000000	18000000	18000000	18000000	18000000	18000000	0	0	0	12000000	24000000	24000000	30000000	0	0	0	0	100	0	0
加抗火性	0	2	9	102	24	24	-1	-1	0	0	15000000	35000000	35000000	35000000	24000000	24000000	24000000	24000000	24000000	24000000	24000000	0	0	0	18000000	35000000	35000000	45000000	0	0	0	0	100	0	0
加抗火性	0	2	10	102	25	25	-1	-1	0	0	30000000	50000000	50000000	50000000	40000000	40000000	40000000	40000000	40000000	40000000	40000000	0	0	0	30000000	50000000	50000000	60000000	0	0	0	0	100	0	0
加抗电性	0	1	1	103	1	5	-1	-1	0	0	200000	80000	80000	80000	80000	80000	80000	80000	80000	80000	80000	0	0	0	80000	80000	80000	80000	0	0	0	100	0	0	0
加抗电性	0	1	2	103	6	8	-1	-1	0	0	300000	150000	150000	150000	150000	150000	150000	150000	150000	150000	150000	0	0	0	150000	150000	150000	150000	0	0	0	100	0	0	0
加抗电性	0	1	3	103	9	11	-1	-1	0	0	500000	600000	600000	600000	600000	600000	600000	600000	600000	600000	600000	0	0	0	600000	600000	600000	600000	0	0	0	100	0	0	0
加抗电性	0	1	4	103	12	14	-1	-1	0	0	800000	1200000	1200000	1200000	1200000	1200000	1200000	1200000	1200000	1200000	1200000	0	0	0	1200000	1200000	1200000	1200000	0	0	0	100	0	0	0
加抗电性	0	1	5	103	15	17	-1	-1	0	0	1500000	2200000	2200000	2200000	2000000	2000000	2000000	2000000	2000000	2000000	2000000	0	0	0	2000000	2400000	2000000	2200000	0	0	0	100	0	0	0
加抗电性	0	1	6	103	18	20	-1	-1	0	0	2400000	7000000	7000000	7000000	6500000	6500000	6500000	6500000	6500000	6500000	6500000	0	0	0	6500000	7500000	6500000	7000000	0	0	0	100	0	0	0
加抗电性	0	1	7	103	21	23	-1	-1	0	0	3500000	18000000	18000000	18000000	18000000	18000000	18000000	18000000	18000000	18000000	18000000	0	0	0	18000000	18000000	18000000	18000000	0	0	0	100	0	0	0
加抗电性	0	1	8	103	24	26	-1	-1	0	0	7500000	32000000	32000000	32000000	30000000	30000000	30000000	30000000	30000000	30000000	30000000	0	0	0	30000000	35000000	30000000	32000000	0	0	0	100	0	0	0
加抗电性	0	1	9	103	27	29	-1	-1	0	0	15000000	48000000	48000000	48000000	45000000	45000000	45000000	45000000	45000000	45000000	45000000	0	0	0	45000000	50000000	45000000	48000000	0	0	0	100	0	0	0
加抗电性	0	1	10	103	30	30	-1	-1	0	0	30000000	70000000	70000000	70000000	60000000	60000000	60000000	60000000	60000000	60000000	60000000	0	0	0	60000000	80000000	60000000	70000000	0	0	0	100	0	0	0
加体质	0	2	1	99	1	2	-1	-1	0	0	300000	30000	30000	30000	30000	30000	30000	30000	30000	30000	30000	0	0	0	30000	30000	30000	30000	0	0	0	0	100	0	0
加体质	0	2	2	99	3	4	-1	-1	0	0	400000	60000	60000	60000	40000	40000	40000	40000	40000	40000	40000	0	0	0	40000	60000	40000	60000	0	0	0	0	100	0	0
加体质	0	2	3	99	5	6	-1	-1	0	0	500000	80000	80000	80000	50000	50000	50000	50000	50000	50000	50000	0	0	0	50000	80000	50000	80000	0	0	0	0	100	0	0
加体质	0	2	4	99	7	8	-1	-1	0	0	800000	120000	120000	120000	80000	80000	80000	80000	80000	80000	80000	0	0	0	80000	120000	80000	120000	0	0	0	0	100	0	0
加体质	0	2	5	99	9	10	-1	-1	0	0	1200000	240000	240000	240000	120000	120000	120000	120000	120000	120000	120000	0	0	0	120000	240000	120000	240000	0	0	0	0	100	0	0
加体质	0	2	6	99	11	12	-1	-1	0	0	2400000	500000	500000	500000	300000	300000	300000	300000	300000	300000	300000	0	0	0	300000	500000	300000	500000	0	0	0	0	100	0	0
加体质	0	2	7	99	13	14	-1	-1	0	0	3500000	1500000	1500000	1500000	900000	900000	900000	900000	900000	900000	900000	0	0	0	900000	1500000	900000	1500000	0	0	0	0	100	0	0
加体质	0	2	8	99	15	16	-1	-1	0	0	5000000	4500000	4500000	4500000	3000000	3000000	3000000	3000000	3000000	3000000	3000000	0	0	0	3000000	4500000	3000000	4500000	0	0	0	0	100	0	0
加体质	0	2	9	99	17	18	-1	-1	0	0	8000000	8000000	8000000	8000000	5000000	5000000	5000000	5000000	5000000	5000000	5000000	0	0	0	5000000	8000000	5000000	8000000	0	0	0	0	100	0	0
加体质	0	2	10	99	19	20	-1	-1	0	0	12000000	15000000	15000000	15000000	10000000	10000000	10000000	10000000	10000000	10000000	10000000	0	0	0	10000000	15000000	10000000	15000000	0	0	0	0	100	0	0
免疫眩晕状态	0	2	1	110	20	20	-1	-1	0	0	300000	100000	100000	100000	100000	100000	100000	100000	100000	100000	100000	0	0	0	100000	100000	100000	100000	0	0	0	0	100	0	0
免疫眩晕状态	0	2	2	110	20	20	-1	-1	0	0	300000	100000	100000	100000	100000	100000	100000	100000	100000	100000	100000	0	0	0	100000	100000	100000	100000	0	0	0	0	100	0	0
免疫眩晕状态	0	2	3	110	20	20	-1	-1	0	0	300000	100000	100000	100000	100000	100000	100000	100000	100000	100000	100000	0	0	0	100000	100000	100000	100000	0	0	0	0	100	0	0
免疫眩晕状态	0	2	4	110	20	20	-1	-1	0	0	300000	100000	100000	100000	100000	100000	100000	100000	100000	100000	100000	0	0	0	100000	100000	100000	100000	0	0	0	0	100	0	0
免疫眩晕状态	0	2	5	110	30	30	-1	-1	0	0	1000000	1200000	1200000	1200000	800000	800000	800000	800000	800000	800000	900000	0	0	0	1200000	3000000	1200000	3000000	0	0	0	0	100	0	0
免疫眩晕状态	0	2	6	110	30	30	-1	-1	0	0	1000000	1200000	1200000	1200000	800000	800000	800000	800000	800000	800000	900000	0	0	0	1200000	3000000	1200000	3000000	0	0	0	0	100	0	0
免疫眩晕状态	0	2	7	110	30	30	-1	-1	0	0	1000000	1200000	1200000	1200000	800000	800000	800000	800000	800000	800000	900000	0	0	0	1200000	3000000	1200000	3000000	0	0	0	0	100	0	0
免疫眩晕状态	0	2	8	110	40	40	-1	-1	0	0	6000000	12000000	12000000	12000000	8000000	8000000	8000000	8000000	8000000	8000000	12000000	0	0	0	12000000	20000000	12000000	20000000	0	0	0	0	100	0	0
免疫眩晕状态	0	2	9	110	40	40	-1	-1	0	0	6000000	12000000	12000000	12000000	8000000	8000000	8000000	8000000	8000000	8000000	12000000	0	0	0	12000000	20000000	12000000	20000000	0	0	0	0	100	0	0
免疫眩晕状态	0	2	10	110	40	40	-1	-1	0	0	6000000	12000000	12000000	12000000	8000000	8000000	8000000	8000000	8000000	8000000	12000000	0	0	0	12000000	20000000	12000000	20000000	0	0	0	0	100	0	0
加运气	0	1	1	135	1	1	-1	-1	0	0	1000000	0	0	0	0	0	0	0	0	0	0	0	0	0	0	0	0	0	0	0	0	100	0	0	0
加运气	0	1	2	135	2	2	-1	-1	0	0	2000000	0	0	0	0	0	0	0	0	0	0	0	0	0	0	0	0	0	0	0	0	100	0	0	0
加运气	0	1	3	135	3	3	-1	-1	0	0	3000000	0	0	0	0	0	0	0	0	0	0	0	0	0	0	0	0	0	0	0	0	100	0	0	0
加运气	0	1	4	135	4	4	-1	-1	0	0	5000000	0	0	0	0	0	0	0	0	0	0	0	0	0	0	0	0	0	0	0	0	100	0	0	0
加运气	0	1	5	135	5	5	-1	-1	0	0	8000000	0	0	0	0	0	0	0	0	0	0	0	0	0	0	0	0	0	0	0	0	100	0	0	0
加运气	0	1	6	135	6	6	-1	-1	0	0	12000000	0	0	0	0	0	0	0	0	0	0	0	0	0	0	0	0	0	0	0	0	100	0	0	0
加运气	0	1	7	135	7	7	-1	-1	0	0	20000000	0	0	0	0	0	0	0	0	0	0	0	0	0	0	0	0	0	0	0	0	100	0	0	0
加运气	0	1	8	135	8	8	-1	-1	0	0	30000000	0	0	0	0	0	0	0	0	0	0	0	0	0	0	0	0	0	0	0	0	100	0	0	0
加运气	0	1	9	135	9	9	-1	-1	0	0	45000000	0	0	0	0	0	0	0	0	0	0	0	0	0	0	0	0	0	0	0	0	100	0	0	0
加运气	0	1	10	135	10	10	-1	-1	0	0	100000000	0	0	0	0	0	0	0	0	0	0	0	0	0	0	0	0	0	0	0	0	100	0	0	0
降低冰冻时间	0	3	1	106	20	20	-1	-1	0	0	300000	100000	100000	100000	100000	100000	100000	100000	100000	100000	100000	0	0	0	100000	100000	100000	100000	0	0	0	0	0	100	0
降低冰冻时间	0	3	2	106	20	20	-1	-1	0	0	300000	100000	100000	100000	100000	100000	100000	100000	100000	100000	100000	0	0	0	100000	100000	100000	100000	0	0	0	0	0	100	0
降低冰冻时间	0	3	3	106	20	20	-1	-1	0	0	300000	100000	100000	100000	100000	100000	100000	100000	100000	100000	100000	0	0	0	100000	100000	100000	100000	0	0	0	0	0	100	0
降低冰冻时间	0	3	4	106	30	30	-1	-1	0	0	300000	100000	100000	100000	100000	100000	100000	100000	100000	100000	100000	0	0	0	100000	100000	100000	100000	0	0	0	0	0	100	0
降低冰冻时间	0	3	5	106	30	30	-1	-1	0	0	1000000	1000000	1000000	1000000	900000	900000	900000	900000	900000	900000	900000	0	0	0	900000	1000000	900000	1000000	0	0	0	0	0	100	0
降低冰冻时间	0	3	6	106	30	30	-1	-1	0	0	1000000	1000000	1000000	1000000	900000	900000	900000	900000	900000	900000	900000	0	0	0	900000	1000000	900000	1000000	0	0	0	0	0	100	0
不可冻结	0	3	7	106	40	40	-1	-1	0	0	1000000	1000000	1000000	1000000	900000	900000	900000	900000	900000	900000	900000	0	0	0	900000	1000000	900000	1000000	0	0	0	0	0	100	0
不可冻结	0	3	8	106	40	40	-1	-1	0	0	6000000	15000000	15000000	15000000	12000000	12000000	12000000	12000000	12000000	12000000	12000000	0	0	0	12000000	15000000	12000000	15000000	0	0	0	0	0	100	0
不可冻结	0	3	9	106	40	40	-1	-1	0	0	6000000	15000000	15000000	15000000	12000000	12000000	12000000	12000000	12000000	12000000	12000000	0	0	0	12000000	15000000	12000000	15000000	0	0	0	0	0	100	0
不可冻结	0	3	10	106	40	40	-1	-1	0	0	6000000	15000000	15000000	15000000	12000000	12000000	12000000	12000000	12000000	12000000	12000000	0	0	0	12000000	15000000	12000000	15000000	0	0	0	0	0	100	0
加敏捷	0	3	1	98	1	2	-1	-1	0	0	300000	0	0	0	0	0	0	0	0	0	30000	0	0	0	30000	30000	30000	30000	0	0	0	0	0	100	0
加敏捷	0	3	2	98	3	4	-1	-1	0	0	400000	0	0	0	0	0	0	0	0	0	40000	0	0	0	40000	60000	40000	60000	0	0	0	0	0	100	0
加敏捷	0	3	3	98	5	6	-1	-1	0	0	500000	0	0	0	0	0	0	0	0	0	50000	0	0	0	50000	80000	50000	80000	0	0	0	0	0	100	0
加敏捷	0	3	4	98	7	8	-1	-1	0	0	800000	0	0	0	0	0	0	0	0	0	80000	0	0	0	80000	120000	80000	120000	0	0	0	0	0	100	0
加敏捷	0	3	5	98	9	10	-1	-1	0	0	1200000	0	0	0	0	0	0	0	0	0	120000	0	0	0	120000	240000	120000	240000	0	0	0	0	0	100	0
加敏捷	0	3	6	98	11	12	-1	-1	0	0	2400000	0	0	0	0	0	0	0	0	0	300000	0	0	0	300000	500000	300000	500000	0	0	0	0	0	100	0
加敏捷	0	3	7	98	13	14	-1	-1	0	0	3500000	0	0	0	0	0	0	0	0	0	900000	0	0	0	900000	1500000	900000	1500000	0	0	0	0	0	100	0
加敏捷	0	3	8	98	15	16	-1	-1	0	0	5000000	0	0	0	0	0	0	0	0	0	3000000	0	0	0	3000000	4500000	3000000	4500000	0	0	0	0	0	100	0
加敏捷	0	3	9	98	17	18	-1	-1	0	0	8000000	0	0	0	0	0	0	0	0	0	5000000	0	0	0	5000000	8000000	5000000	8000000	0	0	0	0	0	100	0
加敏捷	0	3	10	98	19	20	-1	-1	0	0	12000000	0	0	0	0	0	0	0	0	0	10000000	0	0	0	10000000	15000000	10000000	15000000	0	0	0	0	0	100	0
降低中毒时间	0	4	1	108	20	20	-1	-1	0	0	300000	100000	100000	100000	100000	100000	100000	100000	100000	100000	100000	0	0	0	100000	100000	100000	100000	0	0	0	0	0	0	100
降低中毒时间	0	4	2	108	20	20	-1	-1	0	0	300000	100000	100000	100000	100000	100000	100000	100000	100000	100000	100000	0	0	0	100000	100000	100000	100000	0	0	0	0	0	0	100
降低中毒时间	0	4	3	108	20	20	-1	-1	0	0	300000	100000	100000	100000	100000	100000	100000	100000	100000	100000	100000	0	0	0	100000	100000	100000	100000	0	0	0	0	0	0	100
降低中毒时间	0	4	4	108	20	20	-1	-1	0	0	300000	100000	100000	100000	100000	100000	100000	100000	100000	100000	100000	0	0	0	100000	100000	100000	100000	0	0	0	0	0	0	100
降低中毒时间	0	4	5	108	30	30	-1	-1	0	0	1000000	1200000	1200000	1200000	800000	800000	800000	800000	800000	800000	900000	0	0	0	900000	1000000	900000	1000000	0	0	0	0	0	0	100
降低中毒时间	0	4	6	108	30	30	-1	-1	0	0	1000000	1200000	1200000	1200000	800000	800000	800000	800000	800000	800000	900000	0	0	0	900000	1000000	900000	1000000	0	0	0	0	0	0	100
降低中毒时间	0	4	7	108	40	40	-1	-1	0	0	1000000	1200000	1200000	1200000	800000	800000	800000	800000	800000	800000	900000	0	0	0	900000	1000000	900000	1000000	0	0	0	0	0	0	100
降低中毒时间	0	4	8	108	40	40	-1	-1	0	0	6000000	12000000	12000000	12000000	8000000	8000000	8000000	8000000	8000000	8000000	12000000	0	0	0	12000000	15000000	12000000	15000000	0	0	0	0	0	0	100
降低中毒时间	0	4	9	108	40	40	-1	-1	0	0	6000000	12000000	12000000	12000000	8000000	8000000	8000000	8000000	8000000	8000000	12000000	0	0	0	12000000	15000000	12000000	15000000	0	0	0	0	0	0	100
降低中毒时间	0	4	10	108	40	40	-1	-1	0	0	6000000	12000000	12000000	12000000	8000000	8000000	8000000	8000000	8000000	8000000	12000000	0	0	0	12000000	15000000	12000000	15000000	0	0	0	0	0	0	100
加金系技能	0	0	1	140	1	1	-1	-1	0	0	0	0	0	0	0	0	0	0	0	0	0	0	0	0	0	0	0	0	0	0	0	0	0	0	0
加金系技能	0	0	2	140	1	1	-1	-1	0	0	0	0	0	0	0	0	0	0	0	0	0	0	0	0	0	0	0	0	0	0	0	0	0	0	0
加金系技能	0	0	3	140	2	2	-1	-1	0	0	0	0	0	0	0	0	0	0	0	0	0	0	0	0	0	0	0	0	0	0	0	0	0	0	0
加金系技能	0	0	4	140	2	2	-1	-1	0	0	0	0	0	0	0	0	0	0	0	0	0	0	0	0	0	0	0	0	0	0	0	0	0	0	0
加金系技能	0	0	5	140	3	3	-1	-1	0	0	0	0	0	0	0	0	0	0	0	0	0	0	0	0	0	0	0	0	0	0	0	0	0	0	0
加金系技能	0	0	6	140	3	3	-1	-1	0	0	0	0	0	0	0	0	0	0	0	0	0	0	0	0	0	0	0	0	0	0	0	0	0	0	0
加金系技能	0	0	7	140	4	4	-1	-1	0	0	0	0	0	0	0	0	0	0	0	0	0	0	0	0	0	0	0	0	0	0	0	0	0	0	0
加金系技能	0	0	8	140	4	4	-1	-1	0	0	0	0	0	0	0	0	0	0	0	0	0	0	0	0	0	0	0	0	0	0	0	0	0	0	0
加金系技能	0	0	9	140	5	5	-1	-1	0	0	0	0	0	0	0	0	0	0	0	0	0	0	0	0	0	0	0	0	0	0	0	0	0	0	0
加金系技能	0	0	10	140	5	5	-1	-1	0	0	0	0	0	0	0	0	0	0	0	0	0	0	0	0	0	0	0	0	0	0	0	0	0	0	0
加水系技能	0	2	1	142	1	1	-1	-1	0	0	0	0	0	0	0	0	0	0	0	0	0	0	0	0	0	0	0	0	0	0	0	0	0	0	0
加水系技能	0	2	2	142	1	1	-1	-1	0	0	0	0	0	0	0	0	0	0	0	0	0	0	0	0	0	0	0	0	0	0	0	0	0	0	0
加水系技能	0	2	3	142	2	2	-1	-1	0	0	0	0	0	0	0	0	0	0	0	0	0	0	0	0	0	0	0	0	0	0	0	0	0	0	0
加水系技能	0	2	4	142	2	2	-1	-1	0	0	0	0	0	0	0	0	0	0	0	0	0	0	0	0	0	0	0	0	0	0	0	0	0	0	0
加水系技能	0	2	5	142	3	3	-1	-1	0	0	0	0	0	0	0	0	0	0	0	0	0	0	0	0	0	0	0	0	0	0	0	0	0	0	0
加水系技能	0	2	6	142	3	3	-1	-1	0	0	0	0	0	0	0	0	0	0	0	0	0	0	0	0	0	0	0	0	0	0	0	0	0	0	0
加水系技能	0	2	7	142	4	4	-1	-1	0	0	0	0	0	0	0	0	0	0	0	0	0	0	0	0	0	0	0	0	0	0	0	0	0	0	0
加水系技能	0	2	8	142	4	4	-1	-1	0	0	0	0	0	0	0	0	0	0	0	0	0	0	0	0	0	0	0	0	0	0	0	0	0	0	0
加水系技能	0	2	9	142	5	5	-1	-1	0	0	0	0	0	0	0	0	0	0	0	0	0	0	0	0	0	0	0	0	0	0	0	0	0	0	0
加水系技能	0	2	10	142	5	5	-1	-1	0	0	0	0	0	0	0	0	0	0	0	0	0	0	0	0	0	0	0	0	0	0	0	0	0	0	0
加木系技能	0	1	1	141	1	1	-1	-1	0	0	0	0	0	0	0	0	0	0	0	0	0	0	0	0	0	0	0	0	0	0	0	0	0	0	0
加木系技能	0	1	2	141	1	1	-1	-1	0	0	0	0	0	0	0	0	0	0	0	0	0	0	0	0	0	0	0	0	0	0	0	0	0	0	0
加木系技能	0	1	3	141	2	2	-1	-1	0	0	0	0	0	0	0	0	0	0	0	0	0	0	0	0	0	0	0	0	0	0	0	0	0	0	0
加木系技能	0	1	4	141	2	2	-1	-1	0	0	0	0	0	0	0	0	0	0	0	0	0	0	0	0	0	0	0	0	0	0	0	0	0	0	0
加木系技能	0	1	5	141	3	3	-1	-1	0	0	0	0	0	0	0	0	0	0	0	0	0	0	0	0	0	0	0	0	0	0	0	0	0	0	0
加木系技能	0	1	6	141	3	3	-1	-1	0	0	0	0	0	0	0	0	0	0	0	0	0	0	0	0	0	0	0	0	0	0	0	0	0	0	0
加木系技能	0	1	7	141	4	4	-1	-1	0	0	0	0	0	0	0	0	0	0	0	0	0	0	0	0	0	0	0	0	0	0	0	0	0	0	0
加木系技能	0	1	8	141	4	4	-1	-1	0	0	0	0	0	0	0	0	0	0	0	0	0	0	0	0	0	0	0	0	0	0	0	0	0	0	0
加木系技能	0	1	9	141	5	5	-1	-1	0	0	0	0	0	0	0	0	0	0	0	0	0	0	0	0	0	0	0	0	0	0	0	0	0	0	0
加木系技能	0	1	10	141	5	5	-1	-1	0	0	0	0	0	0	0	0	0	0	0	0	0	0	0	0	0	0	0	0	0	0	0	0	0	0	0
加火系技能	0	3	1	143	1	1	-1	-1	0	0	0	0	0	0	0	0	0	0	0	0	0	0	0	0	0	0	0	0	0	0	0	0	0	0	0
加火系技能	0	3	2	143	1	1	-1	-1	0	0	0	0	0	0	0	0	0	0	0	0	0	0	0	0	0	0	0	0	0	0	0	0	0	0	0
加火系技能	0	3	3	143	2	2	-1	-1	0	0	0	0	0	0	0	0	0	0	0	0	0	0	0	0	0	0	0	0	0	0	0	0	0	0	0
加火系技能	0	3	4	143	2	2	-1	-1	0	0	0	0	0	0	0	0	0	0	0	0	0	0	0	0	0	0	0	0	0	0	0	0	0	0	0
加火系技能	0	3	5	143	3	3	-1	-1	0	0	0	0	0	0	0	0	0	0	0	0	0	0	0	0	0	0	0	0	0	0	0	0	0	0	0
加火系技能	0	3	6	143	3	3	-1	-1	0	0	0	0	0	0	0	0	0	0	0	0	0	0	0	0	0	0	0	0	0	0	0	0	0	0	0
加火系技能	0	3	7	143	4	4	-1	-1	0	0	0	0	0	0	0	0	0	0	0	0	0	0	0	0	0	0	0	0	0	0	0	0	0	0	0
加火系技能	0	3	8	143	4	4	-1	-1	0	0	0	0	0	0	0	0	0	0	0	0	0	0	0	0	0	0	0	0	0	0	0	0	0	0	0
加火系技能	0	3	9	143	5	5	-1	-1	0	0	0	0	0	0	0	0	0	0	0	0	0	0	0	0	0	0	0	0	0	0	0	0	0	0	0
加火系技能	0	3	10	143	5	5	-1	-1	0	0	0	0	0	0	0	0	0	0	0	0	0	0	0	0	0	0	0	0	0	0	0	0	0	0	0
加土系技能	0	4	1	144	1	1	-1	-1	0	0	0	0	0	0	0	0	0	0	0	0	0	0	0	0	0	0	0	0	0	0	0	0	0	0	0
加土系技能	0	4	2	144	1	1	-1	-1	0	0	0	0	0	0	0	0	0	0	0	0	0	0	0	0	0	0	0	0	0	0	0	0	0	0	0
加土系技能	0	4	3	144	2	2	-1	-1	0	0	0	0	0	0	0	0	0	0	0	0	0	0	0	0	0	0	0	0	0	0	0	0	0	0	0
加土系技能	0	4	4	144	2	2	-1	-1	0	0	0	0	0	0	0	0	0	0	0	0	0	0	0	0	0	0	0	0	0	0	0	0	0	0	0
加土系技能	0	4	5	144	3	3	-1	-1	0	0	0	0	0	0	0	0	0	0	0	0	0	0	0	0	0	0	0	0	0	0	0	0	0	0	0
加土系技能	0	4	6	144	3	3	-1	-1	0	0	0	0	0	0	0	0	0	0	0	0	0	0	0	0	0	0	0	0	0	0	0	0	0	0	0
加土系技能	0	4	7	144	4	4	-1	-1	0	0	0	0	0	0	0	0	0	0	0	0	0	0	0	0	0	0	0	0	0	0	0	0	0	0	0
加土系技能	0	4	8	144	4	4	-1	-1	0	0	0	0	0	0	0	0	0	0	0	0	0	0	0	0	0	0	0	0	0	0	0	0	0	0	0
加土系技能	0	4	9	144	5	5	-1	-1	0	0	0	0	0	0	0	0	0	0	0	0	0	0	0	0	0	0	0	0	0	0	0	0	0	0	0
加土系技能	0	4	10	144	5	5	-1	-1	0	0	0	0	0	0	0	0	0	0	0	0	0	0	0	0	0	0	0	0	0	0	0	0	0	0	0
加金系技能伤害	0	0	1	168	1	20	-1	-1	0	0	150000	300000	300000	300000	150000	200000	150000	150000	150000	150000	0	0	0	0	0	0	0	0	0	0	100	0	0	0	0
加金系技能伤害	0	0	2	168	21	40	-1	-1	0	0	300000	500000	500000	500000	300000	300000	300000	300000	300000	300000	0	0	0	0	0	0	0	0	0	0	100	0	0	0	0
加金系技能伤害	0	0	3	168	41	60	-1	-1	0	0	450000	900000	900000	900000	450000	600000	450000	450000	450000	450000	0	0	0	0	0	0	0	0	0	0	100	0	0	0	0
加金系技能伤害	0	0	4	168	61	80	-1	-1	0	0	750000	1500000	1500000	1500000	750000	1000000	750000	750000	750000	750000	0	0	0	0	0	0	0	0	0	0	100	0	0	0	0
加金系技能伤害	0	0	5	168	81	100	-1	-1	0	0	1500000	3000000	3000000	3000000	1500000	2000000	1500000	1500000	1500000	1500000	0	0	0	0	0	0	0	0	0	0	100	0	0	0	0
加金系技能伤害	0	0	6	168	101	120	-1	-1	0	0	3000000	6000000	6000000	6000000	3000000	4000000	3000000	3000000	3000000	3000000	0	0	0	0	0	0	0	0	0	0	100	0	0	0	0
加金系技能伤害	0	0	7	168	121	140	-1	-1	0	0	4500000	9000000	9000000	9000000	4500000	6000000	4500000	4500000	4500000	4500000	0	0	0	0	0	0	0	0	0	0	100	0	0	0	0
加金系技能伤害	0	0	8	168	141	160	-1	-1	0	0	7500000	15000000	15000000	15000000	7500000	10000000	7500000	7500000	7500000	7500000	0	0	0	0	0	0	0	0	0	0	100	0	0	0	0
加金系技能伤害	0	0	9	168	161	180	-1	-1	0	0	12000000	24000000	24000000	24000000	12000000	16000000	12000000	12000000	12000000	12000000	0	0	0	0	0	0	0	0	0	0	100	0	0	0	0
加金系技能伤害	0	0	10	168	181	200	-1	-1	0	0	15000000	30000000	30000000	30000000	15000000	20000000	15000000	15000000	15000000	15000000	0	0	0	0	0	0	0	0	0	0	100	0	0	0	0
加水系技能伤害	0	2	1	169	1	20	-1	-1	0	0	500000	1000000	1000000	1000000	500000	600000	500000	500000	500000	500000	0	0	0	0	0	0	0	0	0	0	0	0	100	0	0
加水系技能伤害	0	2	2	169	21	40	-1	-1	0	0	1500000	3000000	3000000	3000000	1500000	1800000	1500000	1500000	1500000	1500000	0	0	0	0	0	0	0	0	0	0	0	0	100	0	0
加水系技能伤害	0	2	3	169	41	60	-1	-1	0	0	4500000	9000000	9000000	9000000	4500000	6000000	4500000	4500000	4500000	4500000	0	0	0	0	0	0	0	0	0	0	0	0	100	0	0
加水系技能伤害	0	2	4	169	61	80	-1	-1	0	0	7500000	15000000	15000000	15000000	7500000	9000000	7500000	7500000	7500000	7500000	0	0	0	0	0	0	0	0	0	0	0	0	100	0	0
加水系技能伤害	0	2	5	169	81	100	-1	-1	0	0	20000000	40000000	40000000	40000000	20000000	30000000	20000000	20000000	20000000	20000000	0	0	0	0	0	0	0	0	0	0	0	0	100	0	0
加水系技能伤害	0	2	6	169	101	120	-1	-1	0	0	45000000	80000000	80000000	80000000	40000000	60000000	40000000	40000000	40000000	40000000	0	0	0	0	0	0	0	0	0	0	0	0	100	0	0
加水系技能伤害	0	2	7	169	121	140	-1	-1	0	0	90000000	150000000	150000000	150000000	90000000	120000000	90000000	90000000	90000000	90000000	0	0	0	0	0	0	0	0	0	0	0	0	100	0	0
加水系技能伤害	0	2	8	169	141	160	-1	-1	0	0	175000000	320000000	320000000	320000000	160000000	240000000	160000000	160000000	160000000	160000000	0	0	0	0	0	0	0	0	0	0	0	0	100	0	0
加水系技能伤害	0	2	9	169	161	180	-1	-1	0	0	240000000	450000000	450000000	450000000	240000000	320000000	240000000	240000000	240000000	240000000	0	0	0	0	0	0	0	0	0	0	0	0	100	0	0
加水系技能伤害	0	2	10	169	181	200	-1	-1	0	0	300000000	600000000	600000000	600000000	300000000	450000000	300000000	300000000	300000000	300000000	0	0	0	0	0	0	0	0	0	0	0	0	100	0	0
加火系技能伤害	0	3	1	170	1	20	-1	-1	0	0	600000	1200000	1200000	1200000	600000	600000	600000	600000	600000	600000	0	0	0	0	0	0	0	0	0	0	0	0	0	100	0
加火系技能伤害	0	3	2	170	21	40	-1	-1	0	0	1200000	2400000	2400000	2400000	1200000	1800000	1200000	1200000	1200000	1200000	0	0	0	0	0	0	0	0	0	0	0	0	0	100	0
加火系技能伤害	0	3	3	170	41	60	-1	-1	0	0	3000000	6500000	6500000	6500000	3000000	4000000	3000000	3000000	3000000	3000000	0	0	0	0	0	0	0	0	0	0	0	0	0	100	0
加火系技能伤害	0	3	4	170	61	80	-1	-1	0	0	6000000	12000000	12000000	12000000	6000000	8000000	6000000	6000000	6000000	6000000	0	0	0	0	0	0	0	0	0	0	0	0	0	100	0
加火系技能伤害	0	3	5	170	81	100	-1	-1	0	0	15000000	30000000	30000000	30000000	15000000	20000000	15000000	15000000	15000000	15000000	0	0	0	0	0	0	0	0	0	0	0	0	0	100	0
加火系技能伤害	0	3	6	170	101	120	-1	-1	0	0	30000000	65000000	65000000	65000000	30000000	50000000	30000000	30000000	30000000	30000000	0	0	0	0	0	0	0	0	0	0	0	0	0	100	0
加火系技能伤害	0	3	7	170	121	140	-1	-1	0	0	60000000	120000000	120000000	120000000	60000000	90000000	60000000	60000000	60000000	60000000	0	0	0	0	0	0	0	0	0	0	0	0	0	100	0
加火系技能伤害	0	3	8	170	141	160	-1	-1	0	0	120000000	240000000	240000000	240000000	120000000	180000000	120000000	120000000	120000000	120000000	0	0	0	0	0	0	0	0	0	0	0	0	0	100	0
加火系技能伤害	0	3	9	170	161	180	-1	-1	0	0	200000000	400000000	400000000	400000000	200000000	300000000	200000000	200000000	200000000	200000000	0	0	0	0	0	0	0	0	0	0	0	0	0	100	0
加火系技能伤害	0	3	10	170	181	200	-1	-1	0	0	240000000	500000000	500000000	500000000	240000000	400000000	240000000	240000000	240000000	240000000	0	0	0	0	0	0	0	0	0	0	0	0	0	100	0
加土系技能伤害	0	4	1	171	1	20	-1	-1	0	0	600000	1200000	1200000	1200000	600000	600000	600000	600000	600000	600000	0	0	0	0	0	0	0	0	0	0	0	0	0	0	100
加土系技能伤害	0	4	2	171	21	40	-1	-1	0	0	1200000	2400000	2400000	2400000	1200000	1800000	1200000	1200000	1200000	1200000	0	0	0	0	0	0	0	0	0	0	0	0	0	0	100
加土系技能伤害	0	4	3	171	41	60	-1	-1	0	0	3000000	6500000	6500000	6500000	3000000	4000000	3000000	3000000	3000000	3000000	0	0	0	0	0	0	0	0	0	0	0	0	0	0	100
加土系技能伤害	0	4	4	171	61	80	-1	-1	0	0	6000000	12000000	12000000	12000000	6000000	8000000	6000000	6000000	6000000	6000000	0	0	0	0	0	0	0	0	0	0	0	0	0	0	100
加土系技能伤害	0	4	5	171	81	100	-1	-1	0	0	15000000	30000000	30000000	30000000	15000000	20000000	15000000	15000000	15000000	15000000	0	0	0	0	0	0	0	0	0	0	0	0	0	0	100
加土系技能伤害	0	4	6	171	101	120	-1	-1	0	0	30000000	65000000	65000000	65000000	30000000	50000000	30000000	30000000	30000000	30000000	0	0	0	0	0	0	0	0	0	0	0	0	0	0	100
加土系技能伤害	0	4	7	171	121	140	-1	-1	0	0	60000000	120000000	120000000	120000000	60000000	90000000	60000000	60000000	60000000	60000000	0	0	0	0	0	0	0	0	0	0	0	0	0	0	100
加土系技能伤害	0	4	8	171	141	160	-1	-1	0	0	120000000	240000000	240000000	240000000	120000000	180000000	120000000	120000000	120000000	120000000	0	0	0	0	0	0	0	0	0	0	0	0	0	0	100
加土系技能伤害	0	4	9	171	161	180	-1	-1	0	0	200000000	400000000	400000000	400000000	200000000	300000000	200000000	200000000	200000000	200000000	0	0	0	0	0	0	0	0	0	0	0	0	0	0	100
加土系技能伤害	0	4	10	171	181	200	-1	-1	0	0	240000000	500000000	500000000	500000000	240000000	400000000	240000000	240000000	240000000	240000000	0	0	0	0	0	0	0	0	0	0	0	0	0	0	100
加木系技能伤害	0	1	1	172	1	5	-1	-1	0	0	300000	600000	600000	600000	300000	500000	300000	300000	300000	300000	0	0	0	0	0	0	0	0	0	0	0	100	0	0	0
加木系技能伤害	0	1	2	172	6	10	-1	-1	0	0	600000	1200000	1200000	1200000	600000	900000	600000	600000	600000	600000	0	0	0	0	0	0	0	0	0	0	0	100	0	0	0
加木系技能伤害	0	1	3	172	11	15	-1	-1	0	0	1500000	3000000	3000000	3000000	1500000	2400000	1500000	1500000	1500000	1500000	0	0	0	0	0	0	0	0	0	0	0	100	0	0	0
加木系技能伤害	0	1	4	172	16	20	-1	-1	0	0	3000000	6000000	6000000	6000000	3000000	4500000	3000000	3000000	3000000	3000000	0	0	0	0	0	0	0	0	0	0	0	100	0	0	0
加木系技能伤害	0	1	5	172	21	25	-1	-1	0	0	7500000	15000000	15000000	15000000	7500000	9000000	7500000	7500000	7500000	7500000	0	0	0	0	0	0	0	0	0	0	0	100	0	0	0
加木系技能伤害	0	1	6	172	26	30	-1	-1	0	0	15000000	30000000	30000000	30000000	15000000	24000000	15000000	15000000	15000000	15000000	0	0	0	0	0	0	0	0	0	0	0	100	0	0	0
加木系技能伤害	0	1	7	172	31	35	-1	-1	0	0	30000000	60000000	60000000	60000000	30000000	50000000	30000000	30000000	30000000	30000000	0	0	0	0	0	0	0	0	0	0	0	100	0	0	0
加木系技能伤害	0	1	8	172	36	40	-1	-1	0	0	60000000	120000000	120000000	120000000	60000000	90000000	60000000	60000000	60000000	60000000	0	0	0	0	0	0	0	0	0	0	0	100	0	0	0
加木系技能伤害	0	1	9	172	41	45	-1	-1	0	0	90000000	200000000	200000000	200000000	90000000	120000000	90000000	90000000	90000000	90000000	0	0	0	0	0	0	0	0	0	0	0	100	0	0	0
加木系技能伤害	0	1	10	172	46	50	-1	-1	0	0	120000000	240000000	240000000	240000000	120000000	150000000	120000000	120000000	120000000	120000000	0	0	0	0	0	0	0	0	0	0	0	100	0	0	0
