效果	是否前缀	五行要求	等级要求	属性调整类别	参数1最小值	参数1最大值	参数2最小值	参数2最大值	参数3最小值	参数3最大值	效果说明
生命1				85	-50	50	-1	-1	0	0	0
生命2				85	120	200	-1	-1	0	0	0
生命3				85	160	240	-1	-1	0	0	0
生命4				85	300	400	-1	-1	0	0	0
内力1				89	-50	50	-1	-1	0	0	0
内力2				89	120	200	-1	-1	0	0	0
内力3				89	160	240	-1	-1	0	0	0
内力4				89	300	400	-1	-1	0	0	0
体力1				93	-50	50	-1	-1	0	0	0
体力2				93	120	200	-1	-1	0	0	0
体力3				93	160	240	-1	-1	0	0	0
体力4				93	300	400	-1	-1	0	0	0
回内1				92	-2	2	-1	-1	0	0	0
回内2				92	3	6	-1	-1	0	0	0
回内3				92	5	8	-1	-1	0	0	0
回内4				92	9	12	-1	-1	0	0	0
回血1				88	-2	2	-1	-1	0	0	0
回血2				88	3	6	-1	-1	0	0	0
回血3				88	5	8	-1	-1	0	0	0
回血4				88	9	12	-1	-1	0	0	0
回体1				96	-2	2	-1	-1	0	0	0
回体2				96	3	6	-1	-1	0	0	0
回体3				96	5	8	-1	-1	0	0	0
回体4				96	9	12	-1	-1	0	0	0
减少中毒时间1				108	-10	10	-1	-1	0	0	0
减少中毒时间2				108	25	40	-1	-1	0	0	0
减少中毒时间3				108	35	50	-1	-1	0	0	0
减少中毒时间4				108	60	80	-1	-1	0	0	0
减少眩晕时间1				110	-10	10	-1	-1	0	0	0
减少眩晕时间2				110	25	40	-1	-1	0	0	0
减少眩晕时间3				110	40	50	-1	-1	0	0	0
减少眩晕时间4				110	60	80	-1	-1	0	0	0
减少冰冻时间1				106	-10	10	-1	-1	0	0	0
减少冰冻时间2				106	25	40	-1	-1	0	0	0
减少冰冻时间3				106	35	50	-1	-1	0	0	0
减少冰冻时间4				106	60	80	-1	-1	0	0	0
打击回复1				113	20	30	-1	-1	0	0	0
打击回复2				113	25	40	-1	-1	0	0	0
打击回复3				113	35	50	-1	-1	0	0	0
打击回复4				113	40	60	-1	-1	0	0	0
外功攻速1				115	10	20	-1	-1	0	0	0
外功攻速2				115	20	40	-1	-1	0	0	0
外功攻速3				115	25	40	-1	-1	0	0	0
外功攻速4				115	30	60	-1	-1	0	0	0
外普%1				126	-25	25	-1	-1	6	6	0
外普%2				126	50	100	-1	-1	6	6	0
外普%3				126	80	120	-1	-1	6	6	0
外普%4				126	100	150	-1	-1	6	6	0
命中1				166	-100	100	-1	-1	0	0	0
命中2				166	180	300	-1	-1	0	0	0
命中3				166	240	360	-1	-1	0	0	0
命中4				166	450	600	-1	-1	0	0	0
力量1				97	-15	5	-1	-1	0	0	0
力量2				97	12	20	-1	-1	0	0	0
力量3				97	16	24	-1	-1	0	0	0
力量4				97	30	40	-1	-1	0	0	0
外功1				99	-15	5	-1	-1	0	0	0
外功2				99	12	20	-1	-1	0	0	0
外功3				99	16	24	-1	-1	0	0	0
外功4				99	30	40	-1	-1	0	0	0
内功1				100	-15	5	-1	-1	0	0	0
内功2				100	12	20	-1	-1	0	0	0
内功3				100	16	24	-1	-1	0	0	0
内功4				100	30	40	-1	-1	0	0	0
身法1				98	-15	5	-1	-1	0	0	0
身法2				98	12	20	-1	-1	0	0	0
身法3				98	16	24	-1	-1	0	0	0
身法4				98	30	40	-1	-1	0	0	0
外普点数1				121	30	50	-1	-1	0	0	0
外普点数2				121	40	60	-1	-1	0	0	0
外普点数3				121	50	60	-1	-1	0	0	0
外冰点数1				123	60	100	-1	-1	0	0	0
外冰点数2				123	80	120	-1	-1	0	0	0
外冰点数3				123	150	200	-1	-1	0	0	0
外毒点数1				125	20	30	-1	-1	0	0	0
外毒点数2				125			-1	-1	0	0	0
外毒点数3				125			-1	-1	0	0	0
火防1				102	-5	5	-1	-1	0	0	0
火防2				102	20	25	-1	-1	0	0	0
火防3				102	20	30	-1	-1	0	0	0
火防4				102	35	50	-1	-1	0	0	0
冰防1				105	-5	5	-1	-1	0	0	0
冰防2				105	15	25	-1	-1	0	0	0
冰防3				105	20	30	-1	-1	0	0	0
冰防4				105	35	50	-1	-1	0	0	0
雷防1				103	-5	5	-1	-1	0	0	0
雷防2				103	15	25	-1	-1	0	0	0
雷防3				103	25	30	-1	-1	0	0	0
雷防4				103	35	50	-1	-1	0	0	0
毒防1				101	-5	5	-1	-1	0	0	0
毒防2				101	15	25	-1	-1	0	0	0
毒防3				101	20	30	-1	-1	0	0	0
毒防4				101	35	50	-1	-1	0	0	0
普防1				104	-5	5	-1	-1	0	0	0
普防2				104	15	25	-1	-1	0	0	0
普防3				104	20	30	-1	-1	0	0	0
普防4				104	30	50	-1	-1	0	0	0
幸运1				135	6	10	-1	-1	0	0	0
幸运2				135	8	12	-1	-1	0	0	0
幸运3				135	15	25	-1	-1	0	0	0
跑速1				111	-10	10	-1	-1	0	0	0
跑速2				111	25	40	-1	-1	0	0	0
跑速3				111	35	50	-1	-1	0	0	0
跑速4				111	40	50	-1	-1	0	0	0
全抗1				114	-5	5	-1	-1	0	0	0
全抗2				114	12	20	-1	-1	0	0	0
全抗3				114	16	24	-1	-1	0	0	0
全抗4				114	30	40	-1	-1	0	0	0
吸血1				136	2	6	-1	-1	0	0	0
吸血2				136	4	8	-1	-1	0	0	0
吸血3				136	6	10	-1	-1	0	0	0
吸内1				137	2	10	-1	-1	0	0	0
吸内2				137	4	8	-1	-1	0	0	0
吸内3				137	8	12	-1	-1	0	0	0
物理伤害吸收1				134	8	12	-1	-1	0	0	0
物理伤害吸收2				134	1	1	-1	-1	0	0	0
物理伤害吸收3				134	1	1	-1	-1	0	0	0
冰伤害吸收1				134	1	1	-1	-1	0	0	0
冰伤害吸收2				134	1	1	-1	-1	0	0	0
冰伤害吸收3				134	1	1	-1	-1	0	0	0
火伤害吸收1				134	1	1	-1	-1	0	0	0
火伤害吸收2				134	1	1	-1	-1	0	0	0
火伤害吸收3				134	1	1	-1	-1	0	0	0
雷伤害吸收1				134	1	1	-1	-1	0	0	0
雷伤害吸收2				134	1	1	-1	-1	0	0	0
雷伤害吸收3				134	1	1	-1	-1	0	0	0
缩短毒发间隔1				164	10	20	-1	-1	0	0	0
缩短施法速度				116	24	36	-1	-1	0	0	0
永不磨损				43	1	1	-1	-1	0	0	0
全技能1				139	1	1	-1	-1	0	0	0
全技能2				139	2	2	-1	-1	0	0	0
全技能3				139	3	3	-1	-1	0	0	0
会心率1				146	5	10	-1	-1	0	0	0
会心率2				146	8	12	-1	-1	0	0	0
忽略闪避1				58	1	2	-1	-1	0	0	0
忽略闪避2				58	8	12	-1	-1	0	0	0
反弹1				117	5	10	-1	-1	0	0	0
反弹2				117	8	12	-1	-1	0	0	0
反弹3				117	12	16	-1	-1	0	0	0
内普伤1				168			-1	-1	0	0	0
内普伤2				168			-1	-1	0	0	0
内普伤3				168			-1	-1	0	0	0
内毒伤1				172	20	30	-1	-1	0	0	0
内毒伤2				172			-1	-1	0	0	0
内毒伤3				172			-1	-1	0	0	0
内冰伤1				169	120	200	-1	-1	0	0	0
内冰伤2				169	160	240	-1	-1	0	0	0
内冰伤3				169	200	300	-1	-1	0	0	0
内火伤1				170			-1	-1	0	0	0
内火伤2				170	80	120	-1	-1	0	0	0
内火伤3				170	120	200	-1	-1	0	0	0
内电伤1				171	200	300	-1	-1	0	0	0
内电伤2				171	100	150	-1	-1	0	0	0
内电伤3				171	120	180	-1	-1	0	0	0
如来千叶1				139	1	3	-1	-1	273	273	0
天王战意				139	1	3	-1	-1	36	36	0
佛法无边1				139	1	3	-1	-1	252	252	0
佛心慈佑				139	1	3	-1	-1	92	92	0
冰骨雪心1				139	1	3	-1	-1	114	114	0
五毒奇经				139	1	3	-1	-1	75	75	0
穿心毒刺				139	1	3	-1	-1	72	72	0
心眼1				139	1	3	-1	-1	48	48	0
寒冰刺				139	1	3	-1	-1	345	345	0
醉碟狂舞1				139	1	3	-1	-1	130	130	0
天魔解体1				139	1	3	-1	-1	150	150	0
悲酥清风1				139	1	3	-1	-1	364	364	0
太极神功1				139	1	3	-1	-1	166	166	0
霜傲昆仑1				139	1	3	-1	-1	275	275	0
羁绊符				139	1	3	-1	-1	174	174	0
少林拳法1				139	1	3	-1	-1	8	8	0
龙爪虎抓				139	1	3	-1	-1	271	271	0
行龙不雨				139	1	3	-1	-1	14	14	0
罗汉阵				139	1	3	-1	-1	16	16	0
易筋经				139	1	3	-1	-1	21	21	0
少林棍法				139	1	3	-1	-1	4	4	0
横扫六合				139	1	3	-1	-1	11	11	0
金刚伏魔				139	1	3	-1	-1	10	10	0
少林刀法				139	1	3	-1	-1	6	6	0
摩诃无量				139	1	3	-1	-1	19	19	0
天王锤法				139	1	3	-1	-1	26	26	0
无心斩				139	1	3	-1	-1	32	32	0
惊雷斩				139	1	3	-1	-1	34	34	0
泼风斩				139	1	3	-1	-1	37	37	0
金钟罩				139	1	3	-1	-1	42	42	0
天王枪法				139	1	3	-1	-1	23	23	0
血战八方				139	1	3	-1	-1	41	41	0
天王刀法				139	1	3	-1	-1	24	24	0
回风落雁				139	1	3	-1	-1	30	30	0
阳关三叠				139	1	3	-1	-1	35	35	0
乘龙诀				139	1	3	-1	-1	324	324	0
斩龙诀				139	1	3	-1	-1	29	29	0
行云诀				139	1	3	-1	-1	31	31	0
峨嵋剑法				139	1	3	-1	-1	77	77	0
不灭不绝				139	1	3	-1	-1	88	88	0
飘雪穿云				139	1	3	-1	-1	80	80	0
一叶知秋				139	1	3	-1	-1	85	85	0
流水				139	1	3	-1	-1	86	86	0
峨嵋掌法1				139	1	3	-1	-1	79	79	0
四象同归				139	1	3	-1	-1	82	82	0
佛光普照1				139	1	3	-1	-1	91	91	0
清音梵唱				139	1	3	-1	-1	282	282	0
金顶佛光				139	1	3	-1	-1	82	82	0
慈航普渡				139	1	3	-1	-1	93	93	0
翠烟刀法				139	1	3	-1	-1	95	95	0
牧野流星				139	1	3	-1	-1	108	108	0
风花雪月				139	1	3	-1	-1	99	99	0
雨打梨花				139	1	3	-1	-1	105	105	0
踏雪无痕				139	1	3	-1	-1	270	270	0
翠烟双刀1				139	1	3	-1	-1	97	97	0
风卷残雪				139	1	3	-1	-1	102	102	0
浮云散雪				139	1	3	-1	-1	113	113	0
唐门暗器				139	1	3	-1	-1	43	43	0
小李飞刀				139	1	3	-1	-1	249	249	0
霹雳弹				139	1	3	-1	-1	45	45	0
追心箭				139	1	3	-1	-1	50	50	0
天罗地网				139	1	3	-1	-1	58	58	0
漫天花雨				139	1	3	-1	-1	54	54	0
散花镖				139	1	3	-1	-1	341	341	0
夺魂镖				139	1	3	-1	-1	47	47	0
五行陷阱				43	1	3	-1	-1	0	0	0
地焰火1				139	1	3	-1	-1	347	347	0
毒刺骨1				139	1	3	-1	-1	303	303	0
穿心刺				139	1	3	-1	-1	343	343	0
雷击术				139	1	3	-1	-1	349	349	0
五毒掌法				139	1	3	-1	-1	62	62	0
天罡地煞手				139	1	3	-1	-1	71	71	0
毒砂掌				139	1	3	-1	-1	63	63	0
幽冥骷髅				139	1	3	-1	-1	68	68	0
万蛊蚀心1				139	1	3	-1	-1	73	73	0
五毒刀法				139	1	3	-1	-1	60	60	0
朱蛤青冥				139	1	3	-1	-1	74	74	0
血刀毒杀				139	1	3	-1	-1	65	65	0
穿衣破甲				139	1	3	-1	-1	356	356	0
九天狂雷1				139	1	3	-1	-1	67	67	0
冰蓝玄晶				139	1	3	-1	-1	64	64	0
赤炎蚀天				139	1	3	-1	-1	70	70	0
丐帮掌法				139	1	3	-1	-1	116	116	0
亢龙有悔1				139	1	3	-1	-1	128	128	0
见人伸手				139	1	3	-1	-1	122	122	0
降龙掌				139	1	3	-1	-1	274	274	0
滑不留手				139	1	3	-1	-1	277	277	0
丐帮棒法				139	1	3	-1	-1	115	115	0
沿门托钵				139	1	3	-1	-1	119	119	0
打狗阵				139	1	3	-1	-1	124	124	0
天忍矛法				139	1	3	-1	-1	132	132	0
偷天换日				139	1	3	-1	-1	142	142	0
残阳如血				139	1	3	-1	-1	135	135	0
烈火情天				139	1	3	-1	-1	141	141	0
五行阵				139	1	3	-1	-1	146	146	0
天忍刀法				139	1	3	-1	-1	131	131	0
魔炎七杀1				139	1	3	-1	-1	148	148	0
弹指烈焰				139	1	3	-1	-1	145	145	0
推山填海1				139	1	3	-1	-1	138	138	0
厉魔夺魂				139	1	3	-1	-1	143	143	0
火莲焚华				139	1	3	-1	-1	136	136	0
幻影飞狐				139	1	3	-1	-1	137	137	0
飞鸿无迹1				139	1	3	-1	-1	140	140	0
武当剑法				139	1	3	-1	-1	151	151	0
三环套月				139	1	3	-1	-1	267	267	0
沧海明月				139	1	3	-1	-1	155	155	0
剑飞惊天				139	1	3	-1	-1	158	158	0
梯云纵				139	1	3	-1	-1	160	160	0
武当拳法				139	1	3	-1	-1	152	152	0
无我无剑1				139	1	3	-1	-1	165	165	0
怒雷指				139	1	3	-1	-1	153	153	0
剥及而复1				139	1	3	-1	-1	164	164	0
昆仑刀法				139	1	3	-1	-1	167	167	0
狂风骤电				139	1	3	-1	-1	176	176	0
呼风法				139	1	3	-1	-1	169	169	0
一气三清符				139	1	3	-1	-1	178	178	0
清风符1				139	1	3	-1	-1	171	171	0
昆仑剑法				139	1	3	-1	-1	168	168	0
五雷正法				139	1	3	-1	-1	182	182	0
狂雷震地				139	1	3	-1	-1	179	179	0
天际迅雷				139	1	3	-1	-1	172	172	0
欺寒傲雪				139	1	3	-1	-1	175	175	0
醉仙错骨				43	1	3	-1	-1	0	0	0
天清地浊1				139	1	3	-1	-1	173	173	0
弃心符				139	1	3	-1	-1	181	181	0
断魂刺				139	1	3	-1	-1	40	40	0
静心诀				139	1	3	-1	-1	33	33	0
雪影				139	1	3	-1	-1	109	109	0
无形蛊				139	1	3	-1	-1	69	69	0
慧眼咒				139	1	3	-1	-1	18	18	0
坐望无我				139	1	3	-1	-1	157	157	0
纯阳心法				139	1	3	-1	-1	156	156	0
七星阵				139	1	3	-1	-1	159	159	0
梯云纵				139	1	3	-1	-1	160	160	0
棒打恶狗				139	1	3	-1	-1	125	125	0
逍遥功				43	1	3	-1	-1	0	0	0
碧海潮生				139	1	3	-1	-1	111	111	0
近反1				118	5	10	-1	-1	0	0	0
近反2				118	8	12	-1	-1	0	0	0
近反3				118	12	16	-1	-1	0	0	0
远反1				120	5	10	-1	-1	0	0	0
远反2				120	8	12	-1	-1	0	0	0
远反3				120	12	16	-1	-1	0	0	0
力量5				97	-55	5	-1	-1	0	0	0
外功5				99	-55	5	-1	-1	0	0	0
内功5				100	-55	5	-1	-1	0	0	0
身法5				98	-55	5	-1	-1	0	0	0
内功攻速1				116	10	20	-1	-1	0	0	0
内功攻速2				116	18	30	-1	-1	0	0	0
内功攻速3				116	20	40	-1	-1	0	0	0
内功攻速4				116	45	60	-1	-1	0	0	0
打击回复5				113	40	50	-1	-1	0	0	0
普防5				104	25	30	-1	-1	0	0	0
跑速5				111	36	45	-1	-1	0	0	0
减少冰冻时间5				106	40	50	-1	-1	0	0	0
全抗5				114	15	20	-1	-1	0	0	0
火防5				102	25	30	-1	-1	0	0	0
冰防5				105	25	30	-1	-1	0	0	0
毒防5				101	25	30	-1	-1	0	0	0
生命5				85	80	120	-1	-1	0	0	0
幸运4				135	1	2	-1	-1	0	0	0
幸运5				135	1	3	-1	-1	0	0	0
普防6				104	20	25	-1	-1	0	0	0
力量6				97	8	12	-1	-1	0	0	0
身法6				98	8	12	-1	-1	0	0	0
跑速6				111	40	60	-1	-1	0	0	0
冰防6				105	20	25	-1	-1	0	0	0
毒防6				101	20	25	-1	-1	0	0	0
不动明王				139	1	3	-1	-1	15	15	0
达摩渡江1				139	1	3	-1	-1	318	318	0
横扫千军				139	1	3	-1	-1	319	319	0
无相斩				139	1	3	-1	-1	321	321	0
破天斩				139	1	3	-1	-1	322	322	0
推窗望月				139	1	3	-1	-1	385	385	0
三峨霁雪				139	1	3	-1	-1	328	328	0
风霜碎影				139	1	3	-1	-1	380	380	0
梦蝶1				139	1	3	-1	-1	89	89	0
普渡众生				139	1	3	-1	-1	332	332	0
冰踪无影				139	1	3	-1	-1	336	336	0
阴风蚀骨				139	1	3	-1	-1	353	353	0
百毒穿心				139	1	3	-1	-1	384	384	0
玄阴斩				139	1	3	-1	-1	355	355	0
断筋腐骨				139	1	3	-1	-1	390	390	0
慑魂月影				139	1	3	-1	-1	339	339	0
暴雨梨花				139	1	3	-1	-1	302	302	0
九宫飞星				139	1	3	-1	-1	342	342	0
乱环击				139	1	3	-1	-1	351	351	0
飞龙在天				139	1	3	-1	-1	357	357	0
天下无狗				139	1	3	-1	-1	359	359	0
云龙击				139	1	3	-1	-1	361	361	0
天外流星				139	1	3	-1	-1	362	362	0
慑魂乱心1				139	1	3	-1	-1	391	391	0
天地无极1				139	1	3	-1	-1	365	365	0
人剑合一				139	1	3	-1	-1	368	368	0
傲雪啸风				139	1	3	-1	-1	372	372	0
雷动九天				139	1	3	-1	-1	375	375	0
束缚咒1				139	1	3	-1	-1	392	392	0
北冥到海1				139	1	3	-1	-1	393	393	0
迷踪幻影				139	1	3	-1	-1	90	90	0
醉仙错骨				139	1	3	-1	-1	394	394	0
雷防5				103	6	12	-1	-1	0	0	0
雷防6				103	6	18	-1	-1	0	0	0
火防6				102	5	10	-1	-1	0	0	0
火防7				102	5	15	-1	-1	0	0	0
普防7				104	5	8	-1	-1	0	0	0
冰防7				105	5	15	-1	-1	0	0	0
毒防7				101	5	10	-1	-1	0	0	0
毒防8				101	5	15	-1	-1	0	0	0
内力5				89	80	120	-1	-1	0	0	0
跑速7				111	20	30	-1	-1	0	0	0
减少冰冻时间6				106	20	30	-1	-1	0	0	0
全抗6				114	2	5	-1	-1	0	0	0
生命6				85	60	80	-1	-1	0	0	0
内力6				89	60	80	-1	-1	0	0	0
生命7				85	33	33	-1	-1	0	0	0
普防8				104	30	30	-1	-1	0	0	0
打击回复6				113	50	50	-1	-1	0	0	0
生命8				85	187	187	-1	-1	0	0	0
全抗7				114	20	20	-1	-1	0	0	0
火防8				102	11	11	-1	-1	0	0	0
内力7				89	88	88	-1	-1	0	0	0
外功6				99	2	2	-1	-1	0	0	0
体力5				93	41	41	-1	-1	0	0	0
普防9				104	25	25	-1	-1	0	0	0
生命9				85	68	68	-1	-1	0	0	0
减少冰冻时间7				106	20	20	-1	-1	0	0	0
生命10				85	30	30	-1	-1	0	0	0
雷防7				103	30	30	-1	-1	0	0	0
体力6				93	96	96	-1	-1	0	0	0
回体5				96	2	2	-1	-1	0	0	0
减少冰冻时间8				106	100	100	-1	-1	0	0	0
体力7				93	17	17	-1	-1	0	0	0
生命11				85	41	41	-1	-1	0	0	0
火防9				102	25	25	-1	-1	0	0	0
跑速8				111	37	37	-1	-1	0	0	0
外功7				99	6	6	-1	-1	0	0	0
内力8				89	69	69	-1	-1	0	0	0
外功8				99	4	4	-1	-1	0	0	0
命中5				166	249	249	-1	-1	0	0	0
外普%5				126	94	94	-1	-1	6	6	0
外普点数4				121	31	31	-1	-1	0	0	0
吸血4				136	7	7	-1	-1	0	0	0
外冰点数4				123	115	115	-1	-1	0	0	0
生命12				85	181	181	-1	-1	0	0	0
回血5				88	6	6	-1	-1	0	0	0
减少冰冻时间9				106	40	40	-1	-1	0	0	0
内力9				89	139	139	-1	-1	0	0	0
身法7				98	20	20	-1	-1	0	0	0
打击回复7				113	40	40	-1	-1	0	0	0
回血6				88	5	5	-1	-1	0	0	0
减少眩晕时间5				110	40	40	-1	-1	0	0	0
生命13				85	188	188	-1	-1	0	0	0
生命14				85	187	187	-1	-1	0	0	0
内力10				89	191	191	-1	-1	0	0	0
生命15				85	180	180	-1	-1	0	0	0
内力11				89	132	132	-1	-1	0	0	0
跑速9				111	40	40	-1	-1	0	0	0
生命16				85	200	200	-1	-1	0	0	0
外功9				99	19	19	-1	-1	0	0	0
经验1				176	15	25	-1	-1	0	0	0
全抗8				114	8	12	-1	-1	0	0	0
减少中毒时间5				108	50	80	-1	-1	0	0	0
减少眩晕时间6				110	30	40	-1	-1	0	0	0
生命17				85	200	300	-1	-1	0	0	0
雷防8				103	30	35	-1	-1	0	0	0
减少中毒时间6				108	30	50	-1	-1	0	0	0
内力12				89	200	300	-1	-1	0	0	0
冰心仙子				139	1	3	-1	-1	337	337	0
减少眩晕时间7				110	30	50	-1	-1	0	0	0
毒防9				101	30	50	-1	-1	0	0	0
会心一击率1				70	3	5	-1	-1	0	0	0
会心一击率2				70	5	8	-1	-1	0	0	0
内冰伤4				169	80	120	-1	-1	0	0	0
玄天无极				139	1	3	-1	-1	630	630	0
生命18				85	299	299	-1	-1	0	0	0
内力13				89	299	299	-1	-1	0	0	0
生命19				85	80	160	-1	-1	0	0	0
全抗9				114	3	5	-1	-1	0	0	0
雷防9				103	5	10	-1	-1	0	0	0
打击回复8				113	60	60	-1	-1	0	0	0
内力14				89	200	200	-1	-1	0	0	0
跑速10				111	60	60	-1	-1	0	0	0
减少冰冻时间10				106	30	40	-1	-1	0	0	0
雷防10				103	20	25	-1	-1	0	0	0
减少冰冻时间11				106	30	50	-1	-1	0	0	0
全抗10				114	12	12	-1	-1	0	0	0
内力15				89	80	80	-1	-1	0	0	0
冰防8				105	24	24	-1	-1	0	0	0
毒防10				101	24	24	-1	-1	0	0	0
火防10				102	24	24	-1	-1	0	0	0
外普%6				126	135	135	-1	-1	6	6	0
外功攻速5				115	36	36	-1	-1	0	0	0
命中6				166	560	560	-1	-1	0	0	0
外普点数5				121	56	56	-1	-1	0	0	0
吸内4				137	6	6	-1	-1	0	0	0
如来千叶2				139	3	3	-1	-1	273	273	0
生命20				85	160	160	-1	-1	0	0	0
外普%7				126	120	120	-1	-1	6	6	0
忽略闪避3				58	2	2	-1	-1	0	0	0
命中7				166	240	240	-1	-1	0	0	0
外普%8				126	80	80	-1	-1	6	6	0
外普点数6				121	40	40	-1	-1	0	0	0
吸血5				136	6	6	-1	-1	0	0	0
外冰点数5				123	100	100	-1	-1	0	0	0
外功10				99	0	0	-1	-1	0	0	0
命中8				166	320	320	-1	-1	0	0	0
佛法无边2				139	3	3	-1	-1	252	252	0
冰骨雪心2				139	3	3	-1	-1	114	114	0
生命21				85	360	360	-1	-1	0	0	0
内功攻速5				116	36	36	-1	-1	0	0	0
翠烟双刀2				139	3	3	-1	-1	97	97	0
内冰伤5				169	260	260	-1	-1	0	0	0
内力16				89	360	360	-1	-1	0	0	0
外功攻速6				115	29	29	-1	-1	0	0	0
外毒点数4				125	27	27	-1	-1	0	0	0
外功攻速7				115	56	56	-1	-1	0	0	0
心眼2				139	3	3	-1	-1	48	48	0
醉碟狂舞2				139	3	3	-1	-1	130	130	0
天魔解体2				139	3	3	-1	-1	150	150	0
太极神功2				139	3	3	-1	-1	166	166	0
外普%9				126	100	100	-1	-1	6	6	0
霜傲昆仑2				139	3	3	-1	-1	275	275	0
身法8				98	2	2	-1	-1	0	0	0
内力17				89	170	170	-1	-1	0	0	0
力量7				97	2	2	-1	-1	0	0	0
生命22				85	170	170	-1	-1	0	0	0
体力8				93	210	210	-1	-1	0	0	0
幸运6				135	20	20	-1	-1	0	0	0
内力18				89	210	210	-1	-1	0	0	0
体力9				93	170	170	-1	-1	0	0	0
生命23				85	210	210	-1	-1	0	0	0
全抗11				114	10	10	-1	-1	0	0	0
经验2				176	20	20	-1	-1	0	0	0
生命24				85	100	100	-1	-1	0	0	0
经验3				176	100	100	-1	-1	0	0	0
打击回复9				113	56	56	-1	-1	0	0	0
少林拳法2				139	3	3	-1	-1	8	8	0
普防10				104	28	28	-1	-1	0	0	0
内力19				89	180	180	-1	-1	0	0	0
达摩渡江2				139	3	3	-1	-1	318	318	0
生命25				85	35	35	-1	-1	0	0	0
外功11				99	3	3	-1	-1	0	0	0
内冰伤6				169	180	180	-1	-1	0	0	0
峨嵋掌法2				139	3	3	-1	-1	79	79	0
佛光普照2				139	3	3	-1	-1	91	91	0
雷防11				103	28	28	-1	-1	0	0	0
梦蝶2				139	3	3	-1	-1	89	89	0
普防11				104	22	22	-1	-1	0	0	0
全抗12				114	22	22	-1	-1	0	0	0
缩短毒发间隔2				164	18	18	-1	-1	0	0	0
外功12				99	36	36	-1	-1	0	0	0
跑速11				111	45	45	-1	-1	0	0	0
雷防12				103	3	3	-1	-1	0	0	0
万蛊蚀心2				139	3	3	-1	-1	73	73	0
毒防11				101	45	45	-1	-1	0	0	0
九天狂雷2				139	3	3	-1	-1	67	67	0
毒刺骨2				139	3	3	-1	-1	303	303	0
地焰火2				139	3	3	-1	-1	347	347	0
内力20				89	30	30	-1	-1	0	0	0
打击回复10				113	48	48	-1	-1	0	0	0
亢龙有悔2				139	3	3	-1	-1	128	128	0
慑魂乱心2				139	3	3	-1	-1	391	391	0
飞鸿无迹2				139	3	3	-1	-1	140	140	0
冰防9				105	28	28	-1	-1	0	0	0
悲酥清风2				139	3	3	-1	-1	364	364	0
跑速12				111	56	56	-1	-1	0	0	0
推山填海2				139	3	3	-1	-1	138	138	0
魔炎七杀2				139	3	3	-1	-1	148	148	0
天地无极2				139	3	3	-1	-1	365	365	0
剥及而复2				139	3	3	-1	-1	164	164	0
毒防12				101	28	28	-1	-1	0	0	0
无我无剑2				139	3	3	-1	-1	165	165	0
减少中毒时间7				108	36	36	-1	-1	0	0	0
天清地浊2				139	3	3	-1	-1	173	173	0
清风符2				139	3	3	-1	-1	171	171	0
束缚咒2				139	3	3	-1	-1	392	392	0
北冥到海2				139	3	3	-1	-1	393	393	0
生命26				85	199	199	-1	-1	0	0	0
生命27				85	49	49	-1	-1	0	0	0
减少冰冻时间12				106	50	50	-1	-1	0	0	0
减少中毒时间8				108	80	80	-1	-1	0	0	0
内力21				89	199	199	-1	-1	0	0	0
冰防10				105	30	30	-1	-1	0	0	0
毒防13				101	30	30	-1	-1	0	0	0
火防11				102	30	30	-1	-1	0	0	0
冰防11				105	20	20	-1	-1	0	0	0
毒防14				101	20	20	-1	-1	0	0	0
火防12				102	20	20	-1	-1	0	0	0
生命28				85	60	60	-1	-1	0	0	0
打击回复11				113	30	30	-1	-1	0	0	0
生命29				85	-49	-49	-1	-1	0	0	0
普防12				104	20	20	-1	-1	0	0	0
跑速13				111	30	30	-1	-1	0	0	0
减少冰冻时间13				106	30	30	-1	-1	0	0	0
减少中毒时间9				108	40	40	-1	-1	0	0	0
全抗13				114	10	10	-1	-1	0	0	0
内力22				89	60	60	-1	-1	0	0	0
冰防12				105	20	20	-1	-1	0	0	0
毒防15				101	20	20	-1	-1	0	0	0
火防13				102	20	20	-1	-1	0	0	0
生命30				85	200	200	-1	-1	0	0	0
打击回复12				113	50	50	-1	-1	0	0	0
生命31				85	50	50	-1	-1	0	0	0
普防13				104	30	30	-1	-1	0	0	0
跑速14				111	45	45	-1	-1	0	0	0
减少冰冻时间14				106	50	50	-1	-1	0	0	0
减少中毒时间10				108	80	80	-1	-1	0	0	0
全抗14				114	20	20	-1	-1	0	0	0
内力23				89	200	200	-1	-1	0	0	0
冰防13				105	30	30	-1	-1	0	0	0
毒防16				101	30	30	-1	-1	0	0	0
火防14				102	30	30	-1	-1	0	0	0
减少中毒时间11				108	40	40	-1	-1	0	0	0
力量8				97	24	24	-1	-1	0	0	0
生命32				85	240	240	-1	-1	0	0	0
全抗15				114	5	5	-1	-1	0	0	0
毒防17				101	25	25	-1	-1	0	0	0
减少冰冻时间15				106	40	40	-1	-1	0	0	0
内功6				100	24	24	-1	-1	0	0	0
普防14				104	25	25	-1	-1	0	0	0
力量9				97	1	1	-1	-1	0	0	0
身法9				98	1	1	-1	-1	0	0	0
身法10				98	-5	-5	-1	-1	0	0	0
生命33				85	160	160	-1	-1	0	0	0
体力10				93	160	160	-1	-1	0	0	0
幸运7				135	20	20	-1	-1	0	0	0
内力24				89	160	160	-1	-1	0	0	0
体力11				93	200	200	-1	-1	0	0	0
力量10				97	-25	-25	-1	-1	0	0	0
打击回复13				113	50	60	-1	-1	0	0	0
减少眩晕时间8				110	20	40	-1	-1	0	0	0
内电伤4				171	400	500	-1	-1	0	0	0
跑速15				111	45	60	-1	-1	0	0	0
跑速16				111	50	70	-1	-1	0	0	0
缩短毒发间隔3				164	20	25	-1	-1	0	0	0
外毒点数5				125	40	50	-1	-1	0	0	0
外普%10				126	120	150	-1	-1	6	6	0
外普%11				126	160	200	-1	-1	6	6	0
外普点数7				121	60	70	-1	-1	0	0	0
外普点数8				121	70	80	-1	-1	0	0	0
吸内5				137	6	10	-1	-1	0	0	0
冰防14				105	30	35	-1	-1	0	0	0
毒防18				101	30	35	-1	-1	0	0	0
火防15				102	30	35	-1	-1	0	0	0
命中9				166	300	400	-1	-1	0	0	0
命中10				166	400	500	-1	-1	0	0	0
命中11				166	500	600	-1	-1	0	0	0
命中12				166	600	700	-1	-1	0	0	0
命中13				166	700	800	-1	-1	0	0	0
内冰伤7				169	100	200	-1	-1	0	0	0
内冰伤8				169	500	600	-1	-1	0	0	0
内火伤4				170	100	200	-1	-1	0	0	0
内火伤5				170	240	300	-1	-1	0	0	0
内力25				89	150	200	-1	-1	0	0	0
内力26				89	240	300	-1	-1	0	0	0
内力27				89	350	400	-1	-1	0	0	0
内力28				89	450	500	-1	-1	0	0	0
内力29				89	500	600	-1	-1	0	0	0
普防15				104	10	15	-1	-1	0	0	0
普防16				104	5	10	-1	-1	0	0	0
生命34				85	150	200	-1	-1	0	0	0
生命35				85	240	300	-1	-1	0	0	0
生命36				85	350	400	-1	-1	0	0	0
生命37				85	450	500	-1	-1	0	0	0
生命38				85	500	600	-1	-1	0	0	0
外功13				99	15	25	-1	-1	0	0	0
外功14				99	20	30	-1	-1	0	0	0
外功15				99	40	50	-1	-1	0	0	0
昆仑剑法2				139	3	3	-1	-1	168	168	0
龙爪虎抓2				139	3	3	-1	-1	271	271	0
命中14				166	900	1000	-1	-1	0	0	0
外毒点数6				125	30	40	-1	-1	0	0	0
内电伤5				171	700	800	-1	-1	0	0	0
内冰伤9				169	150	200	-1	-1	0	0	0
内冰伤10				169	300	400	-1	-1	0	0	0
内火伤6				170	100	200	-1	-1	0	0	0
内火伤7				170	350	400	-1	-1	0	0	0
内冰伤11				169	350	400	-1	-1	0	0	0
内冰伤12				169	700	800	-1	-1	0	0	0
内电伤6				171	500	600	-1	-1	0	0	0
生命39				85	100	160	-1	-1	0	0	0
雷防13				103	15	15	-1	-1	0	0	0
普防17				104	30	35	-1	-1	0	0	0
雷防14				103	35	40	-1	-1	0	0	0
减少冰冻时间16				106	50	60	-1	-1	0	0	0
减少中毒时间12				108	40	60	-1	-1	0	0	0
减少中毒时间13				108	60	90	-1	-1	0	0	0
减少眩晕时间9				110	40	60	-1	-1	0	0	0
会心一击率3				70	5	7	-1	-1	0	0	0
会心一击率4				70	7	10	-1	-1	0	0	0
百毒穿心2				139	3	3	-1	-1	384	384	0
毒防19				101	35	55	-1	-1	0	0	0
天王战意2				139	3	3	-1	-1	36	36	0
冰心仙子2				139	3	3	-1	-1	337	337	0
天下无狗2				139	3	3	-1	-1	359	359	0
云龙击2				139	3	3	-1	-1	361	361	0
行龙不雨2				139	3	3	-1	-1	14	14	0
金刚伏魔2				139	3	3	-1	-1	10	10	0
斩龙诀2				139	3	3	-1	-1	29	29	0
回风落雁2				139	3	3	-1	-1	30	30	0
惊雷斩2				139	3	3	-1	-1	34	34	0
一叶知秋2				139	3	3	-1	-1	85	85	0
风花雪月2				139	3	3	-1	-1	99	99	0
风卷残雪2				139	3	3	-1	-1	102	102	0
毒砂掌2				139	3	3	-1	-1	63	63	0
血刀毒杀2				139	3	3	-1	-1	65	65	0
唐门暗器2				139	3	3	-1	-1	43	43	0
漫天花雨2				139	3	3	-1	-1	54	54	0
夺魂镖2				139	3	3	-1	-1	47	47	0
见人伸手2				139	3	3	-1	-1	122	122	0
沿门托钵2				139	3	3	-1	-1	119	119	0
弹指烈焰2				139	3	3	-1	-1	145	145	0
怒雷指2				139	3	3	-1	-1	153	153	0
三环套月2				139	3	3	-1	-1	267	267	0
呼风法2				139	3	3	-1	-1	169	169	0
狂雷震地2				139	3	3	-1	-1	179	179	0
经验4				176	15	15	-1	-1	0	0	0
经验5				176	5	5	-1	-1	0	0	0
生命40				85	399	399	-1	-1	0	0	0
内力30				89	399	399	-1	-1	0	0	0
打击回复14				113	48	68	-1	-1	0	0	0
摩诃无量2				139	3	3	-1	-1	19	19	0
行云诀2				139	3	3	-1	-1	31	31	0
身法11				98	16	20	-1	-1	0	0	0
乘龙诀2				139	3	3	-1	-1	324	324	0
天王枪法2				139	3	3	-1	-1	23	23	0
断魂刺2				139	3	3	-1	-1	40	40	0
减少冰冻时间16				106	40	60	-1	-1	0	0	0
推窗望月2				139	3	3	-1	-1	385	385	0
四象同归2				139	3	3	-1	-1	82	82	0
身法12				98	4	8	-1	-1	0	0	0
静心诀2				139	3	3	-1	-1	33	33	0
毒防20				101	15	20	-1	-1	0	0	0
翠烟刀法1				139	3	3	-1	-1	95	95	0
反弹4				117	16	20	-1	-1	0	0	0
雪影2				139	3	3	-1	-1	109	109	0
无形蛊2				139	3	3	-1	-1	69	69	0
内毒伤4				172	25	35	-1	-1	0	0	0
五毒奇经2				139	3	3	-1	-1	75	75	0
生命41				85	320	400	-1	-1	0	0	0
打击回复15				113	49	59	-1	-1	0	0	0
追心箭2				139	3	3	-1	-1	50	50	0
内力31				89	420	500	-1	-1	0	0	0
霹雳弹2				139	3	3	-1	-1	45	45	0
降龙掌2				139	3	3	-1	-1	274	274	0
打狗阵2				139	3	3	-1	-1	124	124	0
生命42				85	420	500	-1	-1	0	0	0
内力32				89	320	400	-1	-1	0	0	0
残阳如血2				139	3	3	-1	-1	135	135	0
天忍刀法2				139	3	3	-1	-1	131	131	0
内功7				100	22	30	-1	-1	0	0	0
雷防15				103	40	55	-1	-1	0	0	0
一气三清符2				139	3	3	-1	-1	178	178	0
狂风骤电2				139	3	3	-1	-1	176	176	0
减少中毒时间14				108	50	60	-1	-1	0	0	0
毒防21				101	10	20	-1	-1	0	0	0
毒防22				101	10	15	-1	-1	0	0	0
全抗16				114	8	8	-1	-1	0	0	0
火防16				102	15	15	-1	-1	0	0	0
减少中毒时间15				108	10	10	-1	-1	0	0	0
内电伤7				171	120	200	-1	-1	0	0	0
内电伤8				171	240	300	-1	-1	0	0	0
内冰伤13				169	240	300	-1	-1	0	0	0
内力33				89	180	240	-1	-1	0	0	0
生命43				85	180	240	-1	-1	0	0	0
减少中毒时间16				108	30	50	-1	-1	0	0	0
内火伤8				170	200	300	-1	-1	0	0	0
内电伤9				171	80	120	-1	-1	0	0	0
外普%12				126	30	50	-1	-1	6	6	0
会心率3				146	3	5	-1	-1	0	0	0
内毒伤5				172	50	60	-1	-1	0	0	0
物理伤害吸收4				134	6	10	-1	-1	0	0	0
打击回复16				113	45	55	-1	-1	0	0	0
雷防16				103	25	25	-1	-1	0	0	0
减少眩晕时间10				110	50	50	-1	-1	0	0	0
全抗17				114	22	22	-1	-1	0	0	0
全抗18				114	18	22	-1	-1	0	0	0
普防18				104	15	20	-1	-1	0	0	0
内毒伤6				172	15	35	-1	-1	0	0	0
幸运8				135	20	25	-1	-1	0	0	0
身法13				98	5	5	-1	-1	0	0	0
力量11				97	5	5	-1	-1	0	0	0
体力12				93	240	240	-1	-1	0	0	0
抵消伤害1				218	60	60	-1	-1	0	0	0
生命44				85	300	300	-1	-1	0	0	0
内力34				89	300	300	-1	-1	0	0	0
火防17				102	5	5	-1	-1	0	0	0
普防19				104	5	5	-1	-1	0	0	0
雷防17				103	5	5	-1	-1	0	0	0
冰防15				105	5	5	-1	-1	0	0	0
毒防23				101	5	5	-1	-1	0	0	0
全抗19				114	5	5	-1	-1	0	0	0
生命45				85	100	100	-1	-1	0	0	0
内力35				89	100	100	-1	-1	0	0	0
火防18				102	25	25	-1	-1	0	0	0
普防20				104	17	17	-1	-1	0	0	0
雷防18				103	25	25	-1	-1	0	0	0
冰防16				105	25	25	-1	-1	0	0	0
毒防24				101	25	25	-1	-1	0	0	0
生命499_499				85	499	499	-1	-1	0	0	0
内力499_499				89	499	499	-1	-1	0	0	0
狮子吼				139	1	3	-1	-1	20	20	0
追风诀				139	1	3	-1	-1	325	325	0
追星逐月				139	1	3	-1	-1	323	323	0
生命360_480				85	360	480	-1	-1	0	0	0
雷防45_50				103	45	50	-1	-1	0	0	0
毒防45_50				101	45	50	-1	-1	0	0	0
造成受伤动作时间6_8				219	6	8	-1	-1	0	0	0
造成眩晕时间30_50				220	30	50	-1	-1	0	0	0
忽略对方毒防25_30				221	25	30	-1	-1	0	0	0
忽略对方火防25_30				222	25	30	-1	-1	0	0	0
忽略对方雷防25_30				223	25	30	-1	-1	0	0	0
忽略对普防25_30				224	25	30	-1	-1	0	0	0
忽略对方冰防25_30				225	25	30	-1	-1	0	0	0
忽略对方火防10_15				222	10	15	-1	-1	0	0	0
造成眩晕时间20_40				220	20	40	-1	-1	0	0	0
普防40_50				104	40	50	-1	-1	0	0	0
外功攻速21_31				115	21	31	-1	-1	0	0	0
远反9_12				120	9	12	-1	-1	0	0	0
内力999_999				89	999	999	-1	-1	0	0	0
生命999_999				85	999	999	-1	-1	0	0	0
抵消伤害120_120				218	120	120	-1	-1	0	0	0
全抗24_24				114	24	24	-1	-1	0	0	0
打击回复68_68				113	68	68	-1	-1	0	0	0
减少眩晕时间60_60				110	60	60	-1	-1	0	0	0
内力400_400				89	400	400	-1	-1	0	0	0
生命400_400				85	400	400	-1	-1	0	0	0
跑速70_70				111	70	70	-1	-1	0	0	0
减少冰冻时间60_60				106	60	60	-1	-1	0	0	0
生命480_600				85	480	600	-1	-1	0	0	0
罗汉阵3_3				139	3	3	-1	-1	16	16	0
易筋经3_3				139	3	3	-1	-1	21	21	0
少林棍法3_3				139	3	3	-1	-1	4	4	0
不动明王3_3				139	3	3	-1	-1	15	15	0
少林刀法3_3				139	3	3	-1	-1	6	6	0
狮子吼3_3				139	3	3	-1	-1	20	20	0
天王锤法3_3				139	3	3	-1	-1	26	26	0
血战八方3_3				139	3	3	-1	-1	41	41	0
无心斩3_3				139	3	3	-1	-1	32	32	0
峨嵋剑法3_3				139	3	3	-1	-1	77	77	0
清音梵唱3_3				139	3	3	-1	-1	282	282	0
雨打梨花3_3				139	3	3	-1	-1	105	105	0
浮云散雪3_3				139	3	3	-1	-1	113	113	0
五毒刀法3_3				139	3	3	-1	-1	60	60	0
冰蓝玄晶3_3				139	3	3	-1	-1	64	64	0
霹雳弹3_3				139	3	3	-1	-1	45	45	0
天罗地网3_3				139	3	3	-1	-1	58	58	0
唐门暗器3_3				139	3	3	-1	-1	43	43	0
丐帮掌法3_3				139	3	3	-1	-1	116	116	0
棒打恶狗3_3				139	3	3	-1	-1	125	125	0
烈火情天3_3				139	3	3	-1	-1	141	141	0
幻影飞狐3_3				139	3	3	-1	-1	137	137	0
七星阵3_3				139	3	3	-1	-1	159	159	0
弃心符3_3				139	3	3	-1	-1	181	181	0
天际迅雷3_3				139	3	3	-1	-1	172	172	0
羁绊符3_3				139	3	3	-1	-1	174	174	0
不灭不绝3_3				139	3	3	-1	-1	88	88	0
飘雪穿云3_3				139	3	3	-1	-1	80	80	0
佛心慈佑3_3				139	3	3	-1	-1	92	92	0
牧野流星3_3				139	3	3	-1	-1	108	108	0
碧海潮生3_3				139	3	3	-1	-1	111	111	0
朱蛤青冥3_3				139	3	3	-1	-1	74	74	0
赤炎蚀天3_3				139	3	3	-1	-1	70	70	0
小李飞刀3_3				139	3	3	-1	-1	249	249	0
散花镖3_3				139	3	3	-1	-1	341	341	0
寒冰刺3_3				139	3	3	-1	-1	345	345	0
丐帮棒法3_3				139	3	3	-1	-1	115	115	0
偷天换日3_3				139	3	3	-1	-1	142	142	0
火莲焚华3_3				139	3	3	-1	-1	136	136	0
武当拳法3_3				139	3	3	-1	-1	152	152	0
昆仑刀法3_3				139	3	3	-1	-1	167	167	0
欺寒傲雪3_3				139	3	3	-1	-1	175	175	0
回内16_20				92	16	20	-1	-1	0	0	0
经验300_300				176	300	300	-1	-1	0	0	0
全抗15_15				114	15	15	-1	-1	0	0	0
减少中毒时间60_100				108	60	100	-1	-1	0	0	0
普防45_55				104	45	55	-1	-1	0	0	0
力量16_20				97	16	20	-1	-1	0	0	0
经验200_200				176	200	200	-1	-1	0	0	0
抵消伤害5_5				218	5	5	-1	-1	0	0	0
命中300%				167	300	300	-1	-1	0	0	0
重击2_2				227	2	2	-1	-1	0	0	0
格挡2_2				226	2	2	-1	-1	0	0	0
生命1000_1000				85	1000	1000	-1	-1	0	0	0
内毒伤60_70				172	60	70	-1	-1	0	0	0
内火伤2				170	500	600	-1	-1	0	0	0
毒防15_15				101	15	15	-1	-1	0	0	0
冰防40_45				105	40	45	-1	-1	0	0	0
经验6				176	20	25	-1	-1	0	0	0
经验25_25				176	25	25	-1	-1	0	0	0
火防14_20				102	14	20	-1	-1	0	0	0
普防14_20				104	14	20	-1	-1	0	0	0
毒防14_20				101	14	20	-1	-1	0	0	0
冰防14_20				105	14	20	-1	-1	0	0	0
雷防14_20				103	14	20	-1	-1	0	0	0
新毒防（1级）				228	20	25	-1	-1	0	0	0
新毒防（2级）				228	25	30	-1	-1	0	0	0
新毒防（3级）				228	30	35	-1	-1	0	0	0
新毒防（4级）				228	35	40	-1	-1	0	0	0
新毒防（5级）				228	40	45	-1	-1	0	0	0
新毒防（6级）				228	45	50	-1	-1	0	0	0
新毒防（7级）				228	50	55	-1	-1	0	0	0
新毒防（8级）				228	55	60	-1	-1	0	0	0
新毒防（9级）				228	60	65	-1	-1	0	0	0
新毒防（10级）				228	65	70	-1	-1	0	0	0
新毒防（11级）				228	70	75	-1	-1	0	0	0
新毒防（12级）				228	75	80	-1	-1	0	0	0
新毒防（13级）				228	80	85	-1	-1	0	0	0
新毒防（14级）				228	85	90	-1	-1	0	0	0
新毒防（15级）				228	90	95	-1	-1	0	0	0
新毒防（16级）				228	95	100	-1	-1	0	0	0
新毒防（17级）				228	100	105	-1	-1	0	0	0
新毒防（18级）				228	105	110	-1	-1	0	0	0
新毒防（19级）				228	110	115	-1	-1	0	0	0
新毒防（20级）				228	115	120	-1	-1	0	0	0
新雷防（1级）				229	20	25	-1	-1	0	0	0
新雷防（2级）				229	25	30	-1	-1	0	0	0
新雷防（3级）				229	30	35	-1	-1	0	0	0
新雷防（4级）				229	35	40	-1	-1	0	0	0
新雷防（5级）				229	40	45	-1	-1	0	0	0
新雷防（6级）				229	45	50	-1	-1	0	0	0
新雷防（7级）				229	50	55	-1	-1	0	0	0
新雷防（8级）				229	55	60	-1	-1	0	0	0
新雷防（9级）				229	60	65	-1	-1	0	0	0
新雷防（10级）				229	65	70	-1	-1	0	0	0
新雷防（11级）				229	70	75	-1	-1	0	0	0
新雷防（12级）				229	75	80	-1	-1	0	0	0
新雷防（13级）				229	80	85	-1	-1	0	0	0
新雷防（14级）				229	85	90	-1	-1	0	0	0
新雷防（15级）				229	90	95	-1	-1	0	0	0
新雷防（16级）				229	95	100	-1	-1	0	0	0
新雷防（17级）				229	100	105	-1	-1	0	0	0
新雷防（18级）				229	105	110	-1	-1	0	0	0
新雷防（19级）				229	110	115	-1	-1	0	0	0
新雷防（20级）				229	115	120	-1	-1	0	0	0
新火防（1级）				230	20	25	-1	-1	0	0	0
新火防（2级）				230	25	30	-1	-1	0	0	0
新火防（3级）				230	30	35	-1	-1	0	0	0
新火防（4级）				230	35	40	-1	-1	0	0	0
新火防（5级）				230	40	45	-1	-1	0	0	0
新火防（6级）				230	45	50	-1	-1	0	0	0
新火防（7级）				230	50	55	-1	-1	0	0	0
新火防（8级）				230	55	60	-1	-1	0	0	0
新火防（9级）				230	60	65	-1	-1	0	0	0
新火防（10级）				230	65	70	-1	-1	0	0	0
新火防（11级）				230	70	75	-1	-1	0	0	0
新火防（12级）				230	75	80	-1	-1	0	0	0
新火防（13级）				230	80	85	-1	-1	0	0	0
新火防（14级）				230	85	90	-1	-1	0	0	0
新火防（15级）				230	90	95	-1	-1	0	0	0
新火防（16级）				230	95	100	-1	-1	0	0	0
新火防（17级）				230	100	105	-1	-1	0	0	0
新火防（18级）				230	105	110	-1	-1	0	0	0
新火防（19级）				230	110	115	-1	-1	0	0	0
新火防（20级）				230	115	120	-1	-1	0	0	0
新普防（1级）				231	20	25	-1	-1	0	0	0
新普防（2级）				231	25	30	-1	-1	0	0	0
新普防（3级）				231	30	35	-1	-1	0	0	0
新普防（4级）				231	35	40	-1	-1	0	0	0
新普防（5级）				231	40	45	-1	-1	0	0	0
新普防（6级）				231	45	50	-1	-1	0	0	0
新普防（7级）				231	50	55	-1	-1	0	0	0
新普防（8级）				231	55	60	-1	-1	0	0	0
新普防（9级）				231	60	65	-1	-1	0	0	0
新普防（10级）				231	65	70	-1	-1	0	0	0
新普防（11级）				231	70	75	-1	-1	0	0	0
新普防（12级）				231	75	80	-1	-1	0	0	0
新普防（13级）				231	80	85	-1	-1	0	0	0
新普防（14级）				231	85	90	-1	-1	0	0	0
新普防（15级）				231	90	95	-1	-1	0	0	0
新普防（16级）				231	95	100	-1	-1	0	0	0
新普防（17级）				231	100	105	-1	-1	0	0	0
新普防（18级）				231	105	110	-1	-1	0	0	0
新普防（19级）				231	110	115	-1	-1	0	0	0
新普防（20级）				231	115	120	-1	-1	0	0	0
新冰防（1级）				232	20	25	-1	-1	0	0	0
新冰防（2级）				232	25	30	-1	-1	0	0	0
新冰防（3级）				232	30	35	-1	-1	0	0	0
新冰防（4级）				232	35	40	-1	-1	0	0	0
新冰防（5级）				232	40	45	-1	-1	0	0	0
新冰防（6级）				232	45	50	-1	-1	0	0	0
新冰防（7级）				232	50	55	-1	-1	0	0	0
新冰防（8级）				232	55	60	-1	-1	0	0	0
新冰防（9级）				232	60	65	-1	-1	0	0	0
新冰防（10级）				232	65	70	-1	-1	0	0	0
新冰防（11级）				232	70	75	-1	-1	0	0	0
新冰防（12级）				232	75	80	-1	-1	0	0	0
新冰防（13级）				232	80	85	-1	-1	0	0	0
新冰防（14级）				232	85	90	-1	-1	0	0	0
新冰防（15级）				232	90	95	-1	-1	0	0	0
新冰防（16级）				232	95	100	-1	-1	0	0	0
新冰防（17级）				232	100	105	-1	-1	0	0	0
新冰防（18级）				232	105	110	-1	-1	0	0	0
新冰防（19级）				232	110	115	-1	-1	0	0	0
新冰防（20级）				232	115	120	-1	-1	0	0	0
新生命（1级）				233	120	200	-1	-1	0	0	0
新生命（2级）				233	200	280	-1	-1	0	0	0
新生命（3级）				233	280	360	-1	-1	0	0	0
新生命（4级）				233	360	440	-1	-1	0	0	0
新生命（5级）				233	440	520	-1	-1	0	0	0
新生命（6级）				233	520	600	-1	-1	0	0	0
新生命（7级）				233	600	680	-1	-1	0	0	0
新生命（8级）				233	680	760	-1	-1	0	0	0
新生命（9级）				233	760	840	-1	-1	0	0	0
新生命（10级）				233	840	920	-1	-1	0	0	0
新生命（11级）				233	920	1000	-1	-1	0	0	0
新生命（12级）				233	1000	1080	-1	-1	0	0	0
新生命（13级）				233	1080	1160	-1	-1	0	0	0
新生命（14级）				233	1160	1240	-1	-1	0	0	0
新生命（15级）				233	1240	1320	-1	-1	0	0	0
新生命（16级）				233	1320	1400	-1	-1	0	0	0
新生命（17级）				233	1400	1480	-1	-1	0	0	0
新生命（18级）				233	1480	1560	-1	-1	0	0	0
新生命（19级）				233	1560	1640	-1	-1	0	0	0
新生命（20级）				233	1640	1720	-1	-1	0	0	0
新内力（1级）				235	120	200	-1	-1	0	0	0
新内力（2级）				235	200	280	-1	-1	0	0	0
新内力（3级）				235	280	360	-1	-1	0	0	0
新内力（4级）				235	360	440	-1	-1	0	0	0
新内力（5级）				235	440	520	-1	-1	0	0	0
新内力（6级）				235	520	600	-1	-1	0	0	0
新内力（7级）				235	600	680	-1	-1	0	0	0
新内力（8级）				235	680	760	-1	-1	0	0	0
新内力（9级）				235	760	840	-1	-1	0	0	0
新内力（10级）				235	840	920	-1	-1	0	0	0
新内力（11级）				235	920	1000	-1	-1	0	0	0
新内力（12级）				235	1000	1080	-1	-1	0	0	0
新内力（13级）				235	1080	1160	-1	-1	0	0	0
新内力（14级）				235	1160	1240	-1	-1	0	0	0
新内力（15级）				235	1240	1320	-1	-1	0	0	0
新内力（16级）				235	1320	1400	-1	-1	0	0	0
新内力（17级）				235	1400	1480	-1	-1	0	0	0
新内力（18级）				235	1480	1560	-1	-1	0	0	0
新内力（19级）				235	1560	1640	-1	-1	0	0	0
新内力（20级）				235	1640	1720	-1	-1	0	0	0
新全抗（1级）				241	8	10	-1	-1	0	0	0
新全抗（2级）				241	10	12	-1	-1	0	0	0
新全抗（3级）				241	12	14	-1	-1	0	0	0
新全抗（4级）				241	14	16	-1	-1	0	0	0
新全抗（5级）				241	16	18	-1	-1	0	0	0
新全抗（6级）				241	18	20	-1	-1	0	0	0
新全抗（7级）				241	20	22	-1	-1	0	0	0
新全抗（8级）				241	22	24	-1	-1	0	0	0
新全抗（9级）				241	24	26	-1	-1	0	0	0
新全抗（10级）				241	26	28	-1	-1	0	0	0
新全抗（11级）				241	28	30	-1	-1	0	0	0
新全抗（12级）				241	30	32	-1	-1	0	0	0
新全抗（13级）				241	32	34	-1	-1	0	0	0
新全抗（14级）				241	34	36	-1	-1	0	0	0
新全抗（15级）				241	36	38	-1	-1	0	0	0
新全抗（16级）				241	38	40	-1	-1	0	0	0
新全抗（17级）				241	40	42	-1	-1	0	0	0
新全抗（18级）				241	42	44	-1	-1	0	0	0
新全抗（19级）				241	44	46	-1	-1	0	0	0
新全抗（20级）				241	46	48	-1	-1	0	0	0
新抵消伤害5_10（1级）				237	5	10	-1	-1	0	0	0
新抵消伤害10_15（2级）				237	10	15	-1	-1	0	0	0
新抵消伤害15_20（3级）				237	15	20	-1	-1	0	0	0
新抵消伤害20_25（4级）				237	20	25	-1	-1	0	0	0
新抵消伤害25_30（5级）				237	25	30	-1	-1	0	0	0
新抵消伤害30_35（6级）				237	30	35	-1	-1	0	0	0
新抵消伤害35_40（7级）				237	35	40	-1	-1	0	0	0
新抵消伤害40_45（8级）				237	40	45	-1	-1	0	0	0
新抵消伤害45_50（9级）				237	45	50	-1	-1	0	0	0
新抵消伤害50_55（10级）				237	50	55	-1	-1	0	0	0
新抵消伤害55_60（11级）				237	55	60	-1	-1	0	0	0
新抵消伤害60_65（12级）				237	60	65	-1	-1	0	0	0
新抵消伤害65_70（13级）				237	65	70	-1	-1	0	0	0
新抵消伤害70_75（14级）				237	70	75	-1	-1	0	0	0
新抵消伤害75_80（15级）				237	75	80	-1	-1	0	0	0
新抵消伤害80_85（16级）				237	80	85	-1	-1	0	0	0
新抵消伤害85_90（17级）				237	85	90	-1	-1	0	0	0
新抵消伤害90_95（18级）				237	90	95	-1	-1	0	0	0
新抵消伤害95_100（19级）				237	95	100	-1	-1	0	0	0
新抵消伤害100_105（20级）				237	100	105	-1	-1	0	0	0
新外功攻速13（1级）				239	1	13	-1	-1	0	0	0
新外功攻速21（2级）				239	13	21	-1	-1	0	0	0
新外功攻速29（3级）				239	21	29	-1	-1	0	0	0
新外功攻速39（4级）				239	29	39	-1	-1	0	0	0
新外功攻速51（5级）				239	39	51	-1	-1	0	0	0
新外功攻速64（6级）				239	51	64	-1	-1	0	0	0
新外功攻速81（7级）				239	64	81	-1	-1	0	0	0
新外功攻速101（8级）				239	81	101	-1	-1	0	0	0
新外功攻速126（9级）				239	101	126	-1	-1	0	0	0
新外功攻速158（10级）				239	126	158	-1	-1	0	0	0
新外功攻速201（11级）				239	158	201	-1	-1	0	0	0
新外功攻速261（12级）				239	201	261	-1	-1	0	0	0
新外功攻速351（13级）				239	261	351	-1	-1	0	0	0
新外功攻速351（14级）				239	351	351	-1	-1	0	0	0
新外功攻速351（15级）				239	351	351	-1	-1	0	0	0
新外功攻速351（16级）				239	351	351	-1	-1	0	0	0
新外功攻速351（17级）				239	351	351	-1	-1	0	0	0
新外功攻速351（18级）				239	351	351	-1	-1	0	0	0
新外功攻速351（19级）				239	351	351	-1	-1	0	0	0
新外功攻速351（20级）				239	351	351	-1	-1	0	0	0
新内功攻速13（1级）				240	1	13	-1	-1	0	0	0
新内功攻速21（2级）				240	13	21	-1	-1	0	0	0
新内功攻速29（3级）				240	21	29	-1	-1	0	0	0
新内功攻速39（4级）				240	29	39	-1	-1	0	0	0
新内功攻速51（5级）				240	39	51	-1	-1	0	0	0
新内功攻速64（6级）				240	51	64	-1	-1	0	0	0
新内功攻速81（7级）				240	64	81	-1	-1	0	0	0
新内功攻速101（8级）				240	81	101	-1	-1	0	0	0
新内功攻速126（9级）				240	101	126	-1	-1	0	0	0
新内功攻速158（10级）				240	126	158	-1	-1	0	0	0
新内功攻速201（11级）				240	158	201	-1	-1	0	0	0
新内功攻速261（12级）				240	201	261	-1	-1	0	0	0
新内功攻速351（13级）				240	261	351	-1	-1	0	0	0
新内功攻速351（14级）				240	351	351	-1	-1	0	0	0
新内功攻速351（15级）				240	351	351	-1	-1	0	0	0
新内功攻速351（16级）				240	351	351	-1	-1	0	0	0
新内功攻速351（17级）				240	351	351	-1	-1	0	0	0
新内功攻速351（18级）				240	351	351	-1	-1	0	0	0
新内功攻速351（19级）				240	351	351	-1	-1	0	0	0
新内功攻速351（20级）				240	351	351	-1	-1	0	0	0
原普点数(1级)				121	1	1	-1	-1	0	0	0
原普点数(2级)				121	5	5	-1	-1	0	0	0
原普点数(3级)				121	10	20	-1	-1	0	0	0
原普点数(4级)				121	20	30	-1	-1	0	0	0
原普点数(5级)				121	30	40	-1	-1	0	0	0
原普点数(6级)				121	40	50	-1	-1	0	0	0
原普点数(7级)				121	50	60	-1	-1	0	0	0
原普点数(8级)				121	60	65	-1	-1	0	0	0
原普点数(9级)				121	75	85	-1	-1	0	0	0
原普点数(10级)				121	85	90	-1	-1	0	0	0
原普点数(11级)				121	90	100	-1	-1	0	0	0
原普点数(12级)				121	100	110	-1	-1	0	0	0
原普点数(13级)				121	110	120	-1	-1	0	0	0
原普点数(14级)				121	120	130	-1	-1	0	0	0
原普点数(15级)				121	130	140	-1	-1	0	0	0
原普点数(16级)				121	140	150	-1	-1	0	0	0
原普点数(17级)				121	150	160	-1	-1	0	0	0
原普点数(18级)				121	160	170	-1	-1	0	0	0
原普点数(19级)				121	170	180	-1	-1	0	0	0
原普点数(20级)				121	180	190	-1	-1	0	0	0
原内毒点伤（1级）				172	40	80	-1	-1	0	0	0
原内毒点伤（2级）				172	80	120	-1	-1	0	0	0
原内毒点伤（3级）				172	120	160	-1	-1	0	0	0
原内毒点伤（4级）				172	160	200	-1	-1	0	0	0
原内毒点伤（5级）				172	200	240	-1	-1	0	0	0
原内毒点伤（6级）				172	240	280	-1	-1	0	0	0
原内毒点伤（7级）				172	280	320	-1	-1	0	0	0
原内毒点伤（8级）				172	320	360	-1	-1	0	0	0
原内毒点伤（9级）				172	360	400	-1	-1	0	0	0
原内毒点伤（10级）				172	400	440	-1	-1	0	0	0
原内毒点伤（11级）				172	440	480	-1	-1	0	0	0
原内毒点伤（12级）				172	480	520	-1	-1	0	0	0
原内毒点伤（13级）				172	520	560	-1	-1	0	0	0
原内毒点伤（14级）				172	560	600	-1	-1	0	0	0
原内毒点伤（15级）				172	600	640	-1	-1	0	0	0
原内毒点伤（16级）				172	640	680	-1	-1	0	0	0
原内毒点伤（17级）				172	680	720	-1	-1	0	0	0
原内毒点伤（18级）				172	720	760	-1	-1	0	0	0
原内毒点伤（19级）				172	760	800	-1	-1	0	0	0
原内毒点伤（20级）				172	800	840	-1	-1	0	0	0
原内冰点伤（1级）				169	300	400	-1	-1	0	0	0
原内冰点伤（2级）				169	400	500	-1	-1	0	0	0
原内冰点伤（3级）				169	500	600	-1	-1	0	0	0
原内冰点伤（4级）				169	600	700	-1	-1	0	0	0
原内冰点伤（5级）				169	700	800	-1	-1	0	0	0
原内冰点伤（6级）				169	800	900	-1	-1	0	0	0
原内冰点伤（7级）				169	900	1000	-1	-1	0	0	0
原内冰点伤（8级）				169	1000	1100	-1	-1	0	0	0
原内冰点伤（9级）				169	1100	1200	-1	-1	0	0	0
原内冰点伤（10级）				169	1200	1300	-1	-1	0	0	0
原内冰点伤（11级）				169	1300	1400	-1	-1	0	0	0
原内冰点伤（12级）				169	1400	1500	-1	-1	0	0	0
原内冰点伤（13级）				169	1500	1600	-1	-1	0	0	0
原内冰点伤（14级）				169	1600	1700	-1	-1	0	0	0
原内冰点伤（15级）				169	1700	1800	-1	-1	0	0	0
原内冰点伤（16级）				169	1800	1900	-1	-1	0	0	0
原内冰点伤（17级）				169	1900	2000	-1	-1	0	0	0
原内冰点伤（18级）				169	2000	2100	-1	-1	0	0	0
原内冰点伤（19级）				169	2100	2200	-1	-1	0	0	0
原内冰点伤（20级）				169	2200	2300	-1	-1	0	0	0
原内火点伤（1级）				170	300	400	-1	-1	0	0	0
原内火点伤（2级）				170	400	500	-1	-1	0	0	0
原内火点伤（3级）				170	500	600	-1	-1	0	0	0
原内火点伤（4级）				170	600	700	-1	-1	0	0	0
原内火点伤（5级）				170	700	800	-1	-1	0	0	0
原内火点伤（6级）				170	800	900	-1	-1	0	0	0
原内火点伤（7级）				170	900	1000	-1	-1	0	0	0
原内火点伤（8级）				170	1000	1100	-1	-1	0	0	0
原内火点伤（9级）				170	1100	1200	-1	-1	0	0	0
原内火点伤（10级）				170	1200	1300	-1	-1	0	0	0
原内火点伤（11级）				170	1300	1400	-1	-1	0	0	0
原内火点伤（12级）				170	1400	1500	-1	-1	0	0	0
原内火点伤（13级）				170	1500	1600	-1	-1	0	0	0
原内火点伤（14级）				170	1600	1700	-1	-1	0	0	0
原内火点伤（15级）				170	1700	1800	-1	-1	0	0	0
原内火点伤（16级）				170	1800	1900	-1	-1	0	0	0
原内火点伤（17级）				170	1900	2000	-1	-1	0	0	0
原内火点伤（18级）				170	2000	2100	-1	-1	0	0	0
原内火点伤（19级）				170	2100	2200	-1	-1	0	0	0
原内火点伤（20级）				170	2200	2300	-1	-1	0	0	0
原内电点伤（1级）				171	300	400	-1	-1	0	0	0
原内电点伤（2级）				171	400	500	-1	-1	0	0	0
原内电点伤（3级）				171	500	600	-1	-1	0	0	0
原内电点伤（4级）				171	600	700	-1	-1	0	0	0
原内电点伤（5级）				171	700	800	-1	-1	0	0	0
原内电点伤（6级）				171	800	900	-1	-1	0	0	0
原内电点伤（7级）				171	900	1000	-1	-1	0	0	0
原内电点伤（8级）				171	1000	1100	-1	-1	0	0	0
原内电点伤（9级）				171	1100	1200	-1	-1	0	0	0
原内电点伤（10级）				171	1200	1300	-1	-1	0	0	0
原内电点伤（11级）				171	1300	1400	-1	-1	0	0	0
原内电点伤（12级）				171	1400	1500	-1	-1	0	0	0
原内电点伤（13级）				171	1500	1600	-1	-1	0	0	0
原内电点伤（14级）				171	1600	1700	-1	-1	0	0	0
原内电点伤（15级）				171	1700	1800	-1	-1	0	0	0
原内电点伤（16级）				171	1800	1900	-1	-1	0	0	0
原内电点伤（17级）				171	1900	2000	-1	-1	0	0	0
原内电点伤（18级）				171	2000	2100	-1	-1	0	0	0
原内电点伤（19级）				171	2100	2200	-1	-1	0	0	0
原内电点伤（20级）				171	2200	2300	-1	-1	0	0	0
原减少中毒时间（1级）				108	10	10	-1	-1	0	0	0
原减少中毒时间（2级）				108	10	10	-1	-1	0	0	0
原减少中毒时间（3级）				108	10	10	-1	-1	0	0	0
原减少中毒时间（4级）				108	10	20	-1	-1	0	0	0
原减少中毒时间（5级）				108	20	30	-1	-1	0	0	0
原减少中毒时间（6级）				108	30	40	-1	-1	0	0	0
原减少中毒时间（7级）				108	40	50	-1	-1	0	0	0
原减少中毒时间（8级）				108	50	60	-1	-1	0	0	0
原减少中毒时间（9级）				108	60	70	-1	-1	0	0	0
原减少中毒时间（10级）				108	70	80	-1	-1	0	0	0
原减少中毒时间（11级）				108	80	90	-1	-1	0	0	0
原减少中毒时间（12级）				108	90	100	-1	-1	0	0	0
原减少中毒时间（13级）				108	100	110	-1	-1	0	0	0
原减少中毒时间（14级）				108	110	120	-1	-1	0	0	0
原减少中毒时间（15级）				108	120	130	-1	-1	0	0	0
原减少中毒时间（16级）				108	130	140	-1	-1	0	0	0
原减少中毒时间（17级）				108	140	150	-1	-1	0	0	0
原减少中毒时间（18级）				108	150	160	-1	-1	0	0	0
原减少中毒时间（19级）				108	160	170	-1	-1	0	0	0
原减少中毒时间（20级）				108	170	180	-1	-1	0	0	0
原减少眩晕时间（1级）				110	10	10	-1	-1	0	0	0
原减少眩晕时间（2级）				110	10	10	-1	-1	0	0	0
原减少眩晕时间（3级）				110	10	10	-1	-1	0	0	0
原减少眩晕时间（4级）				110	10	20	-1	-1	0	0	0
原减少眩晕时间（5级）				110	20	30	-1	-1	0	0	0
原减少眩晕时间（6级）				110	30	40	-1	-1	0	0	0
原减少眩晕时间（7级）				110	40	50	-1	-1	0	0	0
原减少眩晕时间（8级）				110	50	60	-1	-1	0	0	0
原减少眩晕时间（9级）				110	60	70	-1	-1	0	0	0
原减少眩晕时间（10级）				110	70	80	-1	-1	0	0	0
原减少眩晕时间（11级）				110	80	90	-1	-1	0	0	0
原减少眩晕时间（12级）				110	90	100	-1	-1	0	0	0
原减少眩晕时间（13级）				110	100	110	-1	-1	0	0	0
原减少眩晕时间（14级）				110	110	120	-1	-1	0	0	0
原减少眩晕时间（15级）				110	120	130	-1	-1	0	0	0
原减少眩晕时间（16级）				110	130	140	-1	-1	0	0	0
原减少眩晕时间（17级）				110	140	150	-1	-1	0	0	0
原减少眩晕时间（18级）				110	150	160	-1	-1	0	0	0
原减少眩晕时间（19级）				110	160	170	-1	-1	0	0	0
原减少眩晕时间（20级）				110	170	180	-1	-1	0	0	0
原减少冰冻时间（1级）				106	10	10	-1	-1	0	0	0
原减少冰冻时间（2级）				106	10	10	-1	-1	0	0	0
原减少冰冻时间（3级）				106	10	10	-1	-1	0	0	0
原减少冰冻时间（4级）				106	10	20	-1	-1	0	0	0
原减少冰冻时间（5级）				106	20	30	-1	-1	0	0	0
原减少冰冻时间（6级）				106	30	40	-1	-1	0	0	0
原减少冰冻时间（7级）				106	40	50	-1	-1	0	0	0
原减少冰冻时间（8级）				106	50	60	-1	-1	0	0	0
原减少冰冻时间（9级）				106	60	70	-1	-1	0	0	0
原减少冰冻时间（10级）				106	70	80	-1	-1	0	0	0
原减少冰冻时间（11级）				106	80	90	-1	-1	0	0	0
原减少冰冻时间（12级）				106	90	100	-1	-1	0	0	0
原减少冰冻时间（13级）				106	100	110	-1	-1	0	0	0
原减少冰冻时间（14级）				106	110	120	-1	-1	0	0	0
原减少冰冻时间（15级）				106	120	130	-1	-1	0	0	0
原减少冰冻时间（16级）				106	130	140	-1	-1	0	0	0
原减少冰冻时间（17级）				106	140	150	-1	-1	0	0	0
原减少冰冻时间（18级）				106	150	160	-1	-1	0	0	0
原减少冰冻时间（19级）				106	160	170	-1	-1	0	0	0
原减少冰冻时间（20级）				106	170	180	-1	-1	0	0	0
新打击回复（1级）				245	1	9	-1	-1	0	0	0
新打击回复（2级）				245	9	17	-1	-1	0	0	0
新打击回复（3级）				245	17	26	-1	-1	0	0	0
新打击回复（4级）				245	26	34	-1	-1	0	0	0
新打击回复（5级）				245	34	42	-1	-1	0	0	0
新打击回复（6级）				245	42	51	-1	-1	0	0	0
新打击回复（7级）				245	51	59	-1	-1	0	0	0
新打击回复（8级）				245	59	67	-1	-1	0	0	0
新打击回复（9级）				245	67	76	-1	-1	0	0	0
新打击回复（10级）				245	76	84	-1	-1	0	0	0
新打击回复（11级）				245	84	92	-1	-1	0	0	0
新打击回复（12级）				245	92	100	-1	-1	0	0	0
新打击回复（13级）				245	100	100	-1	-1	0	0	0
新打击回复（14级）				245	100	100	-1	-1	0	0	0
新打击回复（15级）				245	100	100	-1	-1	0	0	0
新打击回复（16级）				245	100	100	-1	-1	0	0	0
新打击回复（17级）				245	100	100	-1	-1	0	0	0
新打击回复（18级）				245	100	100	-1	-1	0	0	0
新打击回复（19级）				245	100	100	-1	-1	0	0	0
新打击回复（20级）				245	100	100	-1	-1	0	0	0
原跑速（1级）				111	25	30	-1	-1	0	0	0
原跑速（2级）				111	30	35	-1	-1	0	0	0
原跑速（3级）				111	35	40	-1	-1	0	0	0
原跑速（4级）				111	40	45	-1	-1	0	0	0
原跑速（5级）				111	45	50	-1	-1	0	0	0
原跑速（6级）				111	50	55	-1	-1	0	0	0
原跑速（7级）				111	55	60	-1	-1	0	0	0
原跑速（8级）				111	60	65	-1	-1	0	0	0
原跑速（9级）				111	65	70	-1	-1	0	0	0
原跑速（10级）				111	70	75	-1	-1	0	0	0
原跑速（11级）				111	75	80	-1	-1	0	0	0
原跑速（12级）				111	80	85	-1	-1	0	0	0
原跑速（13级）				111	85	90	-1	-1	0	0	0
原跑速（14级）				111	90	95	-1	-1	0	0	0
原跑速（15级）				111	95	100	-1	-1	0	0	0
原跑速（16级）				111	100	105	-1	-1	0	0	0
原跑速（17级）				111	105	110	-1	-1	0	0	0
原跑速（18级）				111	110	115	-1	-1	0	0	0
原跑速（19级）				111	115	120	-1	-1	0	0	0
原跑速（20级）				111	120	125	-1	-1	0	0	0
原重击（1级）				227	1	1	-1	-1	0	0	0
原重击（2级）				227	1	1	-1	-1	0	0	0
原重击（3级）				227	1	1	-1	-1	0	0	0
原重击（4级）				227	1	1	-1	-1	0	0	0
原重击（5级）				227	1	1	-1	-1	0	0	0
原重击（6级）				227	1	2	-1	-1	0	0	0
原重击（7级）				227	2	2	-1	-1	0	0	0
原重击（8级）				227	2	3	-1	-1	0	0	0
原重击（9级）				227	3	3	-1	-1	0	0	0
原重击（10级）				227	3	4	-1	-1	0	0	0
原重击（11级）				227	4	4	-1	-1	0	0	0
原重击（12级）				227	4	5	-1	-1	0	0	0
原重击（13级）				227	5	5	-1	-1	0	0	0
原重击（14级）				227	5	6	-1	-1	0	0	0
原重击（15级）				227	6	6	-1	-1	0	0	0
原重击（16级）				227	6	7	-1	-1	0	0	0
原重击（17级）				227	7	7	-1	-1	0	0	0
原重击（18级）				227	7	8	-1	-1	0	0	0
原重击（19级）				227	8	8	-1	-1	0	0	0
原重击（20级）				227	8	9	-1	-1	0	0	0
原格挡（1级）				226	1	1	-1	-1	0	0	0
原格挡（2级）				226	1	1	-1	-1	0	0	0
原格挡（3级）				226	1	1	-1	-1	0	0	0
原格挡（4级）				226	1	1	-1	-1	0	0	0
原格挡（5级）				226	1	1	-1	-1	0	0	0
原格挡（6级）				226	1	2	-1	-1	0	0	0
原格挡（7级）				226	2	2	-1	-1	0	0	0
原格挡（8级）				226	2	3	-1	-1	0	0	0
原格挡（9级）				226	3	3	-1	-1	0	0	0
原格挡（10级）				226	3	4	-1	-1	0	0	0
原格挡（11级）				226	4	4	-1	-1	0	0	0
原格挡（12级）				226	4	5	-1	-1	0	0	0
原格挡（13级）				226	5	5	-1	-1	0	0	0
原格挡（14级）				226	5	6	-1	-1	0	0	0
原格挡（15级）				226	6	6	-1	-1	0	0	0
原格挡（16级）				226	6	7	-1	-1	0	0	0
原格挡（17级）				226	7	7	-1	-1	0	0	0
原格挡（18级）				226	7	8	-1	-1	0	0	0
原格挡（19级）				226	8	8	-1	-1	0	0	0
原格挡（20级）				226	8	9	-1	-1	0	0	0
原外冰点数（1级）				123	10	20	-1	-1	0	0	0
原外冰点数（2级）				123	20	30	-1	-1	0	0	0
原外冰点数（3级）				123	30	40	-1	-1	0	0	0
原外冰点数（4级）				123	40	50	-1	-1	0	0	0
原外冰点数（5级）				123	50	60	-1	-1	0	0	0
原外冰点数（6级）				123	60	70	-1	-1	0	0	0
原外冰点数（7级）				123	70	80	-1	-1	0	0	0
原外冰点数（8级）				123	80	90	-1	-1	0	0	0
原外冰点数（9级）				123	99	100	-1	-1	0	0	0
原外冰点数（10级）				123	100	110	-1	-1	0	0	0
原外冰点数（11级）				123	110	120	-1	-1	0	0	0
原外冰点数（12级）				123	120	130	-1	-1	0	0	0
原外冰点数（13级）				123	130	140	-1	-1	0	0	0
原外冰点数（14级）				123	140	150	-1	-1	0	0	0
原外冰点数（15级）				123	150	160	-1	-1	0	0	0
原外冰点数（16级）				123	160	170	-1	-1	0	0	0
原外冰点数（17级）				123	170	180	-1	-1	0	0	0
原外冰点数（18级）				123	180	190	-1	-1	0	0	0
原外冰点数（19级）				123	190	200	-1	-1	0	0	0
原外冰点数（20级）				123	200	210	-1	-1	0	0	0
对攻击技能加成（1级）				243	2	2	-1	-1	0	0	0
对攻击技能加成（2级）				243	3	3	-1	-1	0	0	0
对攻击技能加成（3级）				243	4	4	-1	-1	0	0	0
对攻击技能加成（4级）				243	5	10	-1	-1	0	0	0
对攻击技能加成（5级）				243	10	15	-1	-1	0	0	0
对攻击技能加成（6级）				243	20	25	-1	-1	0	0	0
对攻击技能加成（7级）				243	30	35	-1	-1	0	0	0
对攻击技能加成（8级）				243	40	45	-1	-1	0	0	0
对攻击技能加成（9级）				243	50	55	-1	-1	0	0	0
对攻击技能加成（10级）				243	60	65	-1	-1	0	0	0
对攻击技能加成（11级）				243	70	75	-1	-1	0	0	0
对攻击技能加成（12级）				243	80	85	-1	-1	0	0	0
对攻击技能加成（13级）				243	90	95	-1	-1	0	0	0
对攻击技能加成（14级）				243	100	105	-1	-1	0	0	0
对攻击技能加成（15级）				243	110	115	-1	-1	0	0	0
对攻击技能加成（16级）				243	120	125	-1	-1	0	0	0
对攻击技能加成（17级）				243	130	135	-1	-1	0	0	0
对攻击技能加成（18级）				243	140	145	-1	-1	0	0	0
对攻击技能加成（19级）				243	150	155	-1	-1	0	0	0
对攻击技能加成（20级）				243	160	165	-1	-1	0	0	0
新外功攻速81				239	81	81	-1	-1	0	0	0
新外功攻速101				239	101	101	-1	-1	0	0	0
新外功攻速126				239	126	126	-1	-1	0	0	0
新外功攻速158				239	158	158	-1	-1	0	0	0
新外功攻速201				239	201	201	-1	-1	0	0	0
新外功攻速261				239	261	261	-1	-1	0	0	0
新内功攻速81				240	81	81	-1	-1	0	0	0
新内功攻速101				240	101	101	-1	-1	0	0	0
新内功攻速126				240	126	126	-1	-1	0	0	0
新内功攻速158				240	158	158	-1	-1	0	0	0
新内功攻速201				240	201	201	-1	-1	0	0	0
新内功攻速261				240	261	261	-1	-1	0	0	0
新外功攻速29				239	29	29	-1	-1	0	0	0
新内功攻速29				240	29	29	-1	-1	0	0	0
原体力(1级)				93	10	10	-1	-1	0	0	0
原体力(2级)				93	30	30	-1	-1	0	0	0
原体力(3级)				93	50	50	-1	-1	0	0	0
原体力(4级)				93	70	70	-1	-1	0	0	0
原体力(5级)				93	90	90	-1	-1	0	0	0
原体力(6级)				93	110	110	-1	-1	0	0	0
原体力(7级)				93	130	130	-1	-1	0	0	0
原体力(8级)				93	150	150	-1	-1	0	0	0
原体力(9级)				93	170	170	-1	-1	0	0	0
原体力(10级)				93	190	190	-1	-1	0	0	0
原体力(11级)				93	210	210	-1	-1	0	0	0
原体力(12级)				93	230	230	-1	-1	0	0	0
原体力(13级)				93	250	250	-1	-1	0	0	0
原体力(14级)				93	270	270	-1	-1	0	0	0
原体力(15级)				93	290	290	-1	-1	0	0	0
原体力(16级)				93	310	310	-1	-1	0	0	0
原体力(17级)				93	330	330	-1	-1	0	0	0
原体力(18级)				93	350	350	-1	-1	0	0	0
原体力(19级)				93	370	370	-1	-1	0	0	0
原体力(20级)				93	390	390	-1	-1	0	0	0
五行强化值(1级)				246	100	100	-1	-1	0	0	0
五行强化值(2级)				246	200	200	-1	-1	0	0	0
五行强化值(3级)				246	300	300	-1	-1	0	0	0
五行强化值(4级)				246	400	400	-1	-1	0	0	0
五行强化值(5级)				246	500	500	-1	-1	0	0	0
五行强化值(6级)				246	600	600	-1	-1	0	0	0
五行强化值(7级)				246	700	700	-1	-1	0	0	0
五行强化值(8级)				246	800	800	-1	-1	0	0	0
五行强化值(9级)				246	900	900	-1	-1	0	0	0
五行强化值(10级)				246	1000	1000	-1	-1	0	0	0
五行弱化值(1级)				247	100	100	-1	-1	0	0	0
五行弱化值(2级)				247	200	200	-1	-1	0	0	0
五行强化值(3级)				247	300	300	-1	-1	0	0	0
五行强化值(4级)				247	400	400	-1	-1	0	0	0
五行强化值(5级)				247	500	500	-1	-1	0	0	0
五行强化值(6级)				247	600	600	-1	-1	0	0	0
五行强化值(7级)				247	700	700	-1	-1	0	0	0
五行强化值(8级)				247	800	800	-1	-1	0	0	0
五行强化值(9级)				247	900	900	-1	-1	0	0	0
五行强化值(10级)				247	1000	1000	-1	-1	0	0	0
横扫千军2				139	3	3	-1	-1	319	319	0
无相斩				139	3	3	-1	-1	321	321	0
追风诀				139	3	3	-1	-1	325	325	0
追星逐月				139	3	3	-1	-1	323	323	0
破天斩				139	3	3	-1	-1	322	322	0
三峨霁雪				139	3	3	-1	-1	328	328	0
风霜碎影				139	3	3	-1	-1	380	380	0
冰踪无影				139	3	3	-1	-1	336	336	0
冰心仙子				139	3	3	-1	-1	337	337	0
阴风蚀骨				139	3	3	-1	-1	353	353	0
玄阴斩				139	3	3	-1	-1	355	355	0
慑魂月影				139	3	3	-1	-1	339	339	0
暴雨梨花				139	3	3	-1	-1	302	302	0
九宫飞星				139	3	3	-1	-1	342	342	0
飞龙在天				139	3	3	-1	-1	357	357	0
天下无狗				139	3	3	-1	-1	359	359	0
云龙击				139	3	3	-1	-1	361	361	0
天外流星				139	3	3	-1	-1	362	362	0
天地无极1				139	3	3	-1	-1	365	365	0
人剑合一				139	3	3	-1	-1	368	368	0
傲雪啸风				139	3	3	-1	-1	372	372	0
雷动九天				139	3	3	-1	-1	375	375	0
生命回复效率(1级)				190	1	1	-1	-1	0	0	0
生命回复效率(2级)				190	2	2	-1	-1	0	0	0
生命回复效率(3级)				190	3	3	-1	-1	0	0	0
生命回复效率(4级)				190	4	4	-1	-1	0	0	0
生命回复效率(5级)				190	5	5	-1	-1	0	0	0
生命回复效率(6级)				190	6	6	-1	-1	0	0	0
生命回复效率(7级)				190	7	7	-1	-1	0	0	0
生命回复效率(8级)				190	8	8	-1	-1	0	0	0
生命回复效率(9级)				190	9	9	-1	-1	0	0	0
生命回复效率(10级)				190	10	10	-1	-1	0	0	0
外普%（1级）				126	5	5	-1	-1	6	6	0
外普%（2级）				126	10	10	-1	-1	6	6	0
外普%（3级）				126	15	15	-1	-1	6	6	0
外普%（4级）				126	20	20	-1	-1	6	6	0
外普%（5级）				126	25	25	-1	-1	6	6	0
外普%（6级）				126	30	30	-1	-1	6	6	0
外普%（7级）				126	35	35	-1	-1	6	6	0
外普%（8级）				126	40	40	-1	-1	6	6	0
外普%（9级）				126	45	45	-1	-1	6	6	0
外普%（10级）				126	50	50	-1	-1	6	6	0
外普%（11级）				126	55	55	-1	-1	6	6	0
外普%（12级）				126	60	60	-1	-1	6	6	0
外普%（13级）				126	65	65	-1	-1	6	6	0
外普%（14级）				126	70	70	-1	-1	6	6	0
外普%（15级）				126	75	75	-1	-1	6	6	0
外普%（16级）				126	80	80	-1	-1	6	6	0
外普%（17级）				126	85	85	-1	-1	6	6	0
外普%（18级）				126	90	90	-1	-1	6	6	0
外普%（19级）				126	95	95	-1	-1	6	6	0
外普%（20级）				126	100	100	-1	-1	6	6	0
行龙不雨				139	1	1	-1	-1	14	14	0
少林拳法1				139	1	1	-1	-1	8	8	0
龙爪虎抓				139	1	1	-1	-1	271	271	0
金刚伏魔				139	1	1	-1	-1	10	10	0
少林棍法				139	1	1	-1	-1	4	4	0
横扫六合				139	1	1	-1	-1	11	11	0
少林刀法				139	1	1	-1	-1	6	6	0
摩诃无量				139	1	1	-1	-1	19	19	0
斩龙诀				139	1	1	-1	-1	29	29	0
天王锤法				139	1	1	-1	-1	26	26	0
行云诀				139	1	1	-1	-1	31	31	0
乘龙诀				139	1	1	-1	-1	324	324	0
回风落雁				139	1	1	-1	-1	30	30	0
天王枪法				139	1	1	-1	-1	23	23	0
阳关三叠				139	1	1	-1	-1	35	35	0
血战八方				139	1	1	-1	-1	41	41	0
惊雷斩				139	1	1	-1	-1	34	34	0
天王刀法				139	1	1	-1	-1	24	24	0
泼风斩				139	1	1	-1	-1	37	37	0
无心斩				139	1	1	-1	-1	32	32	0
一叶知秋				139	1	1	-1	-1	85	85	0
峨嵋剑法				139	1	1	-1	-1	77	77	0
推窗望月				139	1	1	-1	-1	385	385	0
不灭不绝				139	1	1	-1	-1	88	88	0
飘雪穿云				139	1	1	-1	-1	80	80	0
峨嵋掌法1				139	1	1	-1	-1	79	79	0
四象同归				139	1	1	-1	-1	82	82	0
佛光普照1				139	1	1	-1	-1	91	91	0
风花雪月				139	1	1	-1	-1	99	99	0
翠烟刀法				139	1	1	-1	-1	95	95	0
雨打梨花				139	1	1	-1	-1	105	105	0
牧野流星				139	1	1	-1	-1	108	108	0
风卷残雪				139	1	1	-1	-1	102	102	0
翠烟双刀1				139	1	1	-1	-1	97	97	0
浮云散雪				139	1	1	-1	-1	113	113	0
碧海潮生				139	1	1	-1	-1	111	111	0
毒砂掌				139	1	1	-1	-1	63	63	0
五毒掌法				139	1	1	-1	-1	62	62	0
幽冥骷髅				139	1	1	-1	-1	68	68	0
天罡地煞手				139	1	1	-1	-1	71	71	0
血刀毒杀				139	1	1	-1	-1	65	65	0
五毒刀法				139	1	1	-1	-1	60	60	0
百毒穿心				139	1	1	-1	-1	384	384	0
朱蛤青冥				139	1	1	-1	-1	74	74	0
霹雳弹				139	1	1	-1	-1	45	45	0
唐门暗器				139	1	1	-1	-1	43	43	0
追心箭				139	1	1	-1	-1	50	50	0
小李飞刀				139	1	1	-1	-1	249	249	0
漫天花雨				139	1	1	-1	-1	54	54	0
天罗地网				139	1	1	-1	-1	58	58	0
夺魂镖				139	1	1	-1	-1	47	47	0
散花镖				139	1	1	-1	-1	341	341	0
见人伸手				139	1	1	-1	-1	122	122	0
丐帮掌法				139	1	1	-1	-1	116	116	0
降龙掌				139	1	1	-1	-1	274	274	0
亢龙有悔1				139	1	1	-1	-1	128	128	0
沿门托钵				139	1	1	-1	-1	119	119	0
丐帮棒法				139	1	1	-1	-1	115	115	0
打狗阵				139	1	1	-1	-1	124	124	0
棒打恶狗				139	1	1	-1	-1	125	125	0
残阳如血				139	1	1	-1	-1	135	135	0
天忍矛法				139	1	1	-1	-1	132	132	0
烈火情天				139	1	1	-1	-1	141	141	0
偷天换日				139	1	1	-1	-1	142	142	0
弹指烈焰				139	1	1	-1	-1	145	145	0
天忍刀法				139	1	1	-1	-1	131	131	0
推山填海1				139	1	1	-1	-1	138	138	0
魔炎七杀1				139	1	1	-1	-1	148	148	0
怒雷指				139	1	1	-1	-1	153	153	0
武当拳法				139	1	1	-1	-1	152	152	0
剥及而复1				139	1	1	-1	-1	164	164	0
无我无剑1				139	1	1	-1	-1	165	165	0
沧海明月				139	1	1	-1	-1	155	155	0
武当剑法				139	1	1	-1	-1	151	151	0
剑飞惊天				139	1	1	-1	-1	158	158	0
三环套月				139	1	1	-1	-1	267	267	0
呼风法				139	1	1	-1	-1	169	169	0
昆仑刀法				139	1	1	-1	-1	167	167	0
一气三清符				139	1	1	-1	-1	178	178	0
狂风骤电				139	1	1	-1	-1	176	176	0
狂雷震地				139	1	1	-1	-1	179	179	0
昆仑剑法				139	1	1	-1	-1	168	168	0
天际迅雷				139	1	1	-1	-1	172	172	0
五雷正法				139	1	1	-1	-1	182	182	0
行龙不雨				139	2	2	-1	-1	14	14	0
少林拳法1				139	2	2	-1	-1	8	8	0
龙爪虎抓				139	2	2	-1	-1	271	271	0
金刚伏魔				139	2	2	-1	-1	10	10	0
少林棍法				139	2	2	-1	-1	4	4	0
横扫六合				139	2	2	-1	-1	11	11	0
少林刀法				139	2	2	-1	-1	6	6	0
摩诃无量				139	2	2	-1	-1	19	19	0
斩龙诀				139	2	2	-1	-1	29	29	0
天王锤法				139	2	2	-1	-1	26	26	0
行云诀				139	2	2	-1	-1	31	31	0
乘龙诀				139	2	2	-1	-1	324	324	0
回风落雁				139	2	2	-1	-1	30	30	0
天王枪法				139	2	2	-1	-1	23	23	0
阳关三叠				139	2	2	-1	-1	35	35	0
血战八方				139	2	2	-1	-1	41	41	0
惊雷斩				139	2	2	-1	-1	34	34	0
天王刀法				139	2	2	-1	-1	24	24	0
泼风斩				139	2	2	-1	-1	37	37	0
无心斩				139	2	2	-1	-1	32	32	0
一叶知秋				139	2	2	-1	-1	85	85	0
峨嵋剑法				139	2	2	-1	-1	77	77	0
推窗望月				139	2	2	-1	-1	385	385	0
不灭不绝				139	2	2	-1	-1	88	88	0
飘雪穿云				139	2	2	-1	-1	80	80	0
峨嵋掌法1				139	2	2	-1	-1	79	79	0
四象同归				139	2	2	-1	-1	82	82	0
佛光普照1				139	2	2	-1	-1	91	91	0
风花雪月				139	2	2	-1	-1	99	99	0
翠烟刀法				139	2	2	-1	-1	95	95	0
雨打梨花				139	2	2	-1	-1	105	105	0
牧野流星				139	2	2	-1	-1	108	108	0
风卷残雪				139	2	2	-1	-1	102	102	0
翠烟双刀1				139	2	2	-1	-1	97	97	0
浮云散雪				139	2	2	-1	-1	113	113	0
碧海潮生				139	2	2	-1	-1	111	111	0
毒砂掌				139	2	2	-1	-1	63	63	0
五毒掌法				139	2	2	-1	-1	62	62	0
幽冥骷髅				139	2	2	-1	-1	68	68	0
天罡地煞手				139	2	2	-1	-1	71	71	0
血刀毒杀				139	2	2	-1	-1	65	65	0
五毒刀法				139	2	2	-1	-1	60	60	0
百毒穿心				139	2	2	-1	-1	384	384	0
朱蛤青冥				139	2	2	-1	-1	74	74	0
霹雳弹				139	2	2	-1	-1	45	45	0
唐门暗器				139	2	2	-1	-1	43	43	0
追心箭				139	2	2	-1	-1	50	50	0
小李飞刀				139	2	2	-1	-1	249	249	0
漫天花雨				139	2	2	-1	-1	54	54	0
天罗地网				139	2	2	-1	-1	58	58	0
夺魂镖				139	2	2	-1	-1	47	47	0
散花镖				139	2	2	-1	-1	341	341	0
见人伸手				139	2	2	-1	-1	122	122	0
丐帮掌法				139	2	2	-1	-1	116	116	0
降龙掌				139	2	2	-1	-1	274	274	0
亢龙有悔1				139	2	2	-1	-1	128	128	0
沿门托钵				139	2	2	-1	-1	119	119	0
丐帮棒法				139	2	2	-1	-1	115	115	0
打狗阵				139	2	2	-1	-1	124	124	0
棒打恶狗				139	2	2	-1	-1	125	125	0
残阳如血				139	2	2	-1	-1	135	135	0
天忍矛法				139	2	2	-1	-1	132	132	0
烈火情天				139	2	2	-1	-1	141	141	0
偷天换日				139	2	2	-1	-1	142	142	0
弹指烈焰				139	2	2	-1	-1	145	145	0
天忍刀法				139	2	2	-1	-1	131	131	0
推山填海1				139	2	2	-1	-1	138	138	0
魔炎七杀1				139	2	2	-1	-1	148	148	0
怒雷指				139	2	2	-1	-1	153	153	0
武当拳法				139	2	2	-1	-1	152	152	0
剥及而复1				139	2	2	-1	-1	164	164	0
无我无剑1				139	2	2	-1	-1	165	165	0
沧海明月				139	2	2	-1	-1	155	155	0
武当剑法				139	2	2	-1	-1	151	151	0
剑飞惊天				139	2	2	-1	-1	158	158	0
三环套月				139	2	2	-1	-1	267	267	0
呼风法				139	2	2	-1	-1	169	169	0
昆仑刀法				139	2	2	-1	-1	167	167	0
一气三清符				139	2	2	-1	-1	178	178	0
狂风骤电				139	2	2	-1	-1	176	176	0
狂雷震地				139	2	2	-1	-1	179	179	0
昆仑剑法				139	2	2	-1	-1	168	168	0
天际迅雷				139	2	2	-1	-1	172	172	0
五雷正法				139	2	2	-1	-1	182	182	0
行龙不雨				139	3	3	-1	-1	14	14	0
少林拳法1				139	3	3	-1	-1	8	8	0
龙爪虎抓				139	3	3	-1	-1	271	271	0
金刚伏魔				139	3	3	-1	-1	10	10	0
少林棍法				139	3	3	-1	-1	4	4	0
横扫六合				139	3	3	-1	-1	11	11	0
少林刀法				139	3	3	-1	-1	6	6	0
摩诃无量				139	3	3	-1	-1	19	19	0
斩龙诀				139	3	3	-1	-1	29	29	0
天王锤法				139	3	3	-1	-1	26	26	0
行云诀				139	3	3	-1	-1	31	31	0
乘龙诀				139	3	3	-1	-1	324	324	0
回风落雁				139	3	3	-1	-1	30	30	0
天王枪法				139	3	3	-1	-1	23	23	0
阳关三叠				139	3	3	-1	-1	35	35	0
血战八方				139	3	3	-1	-1	41	41	0
惊雷斩				139	3	3	-1	-1	34	34	0
天王刀法				139	3	3	-1	-1	24	24	0
泼风斩				139	3	3	-1	-1	37	37	0
无心斩				139	3	3	-1	-1	32	32	0
一叶知秋				139	3	3	-1	-1	85	85	0
峨嵋剑法				139	3	3	-1	-1	77	77	0
推窗望月				139	3	3	-1	-1	385	385	0
不灭不绝				139	3	3	-1	-1	88	88	0
飘雪穿云				139	3	3	-1	-1	80	80	0
峨嵋掌法1				139	3	3	-1	-1	79	79	0
四象同归				139	3	3	-1	-1	82	82	0
佛光普照1				139	3	3	-1	-1	91	91	0
风花雪月				139	3	3	-1	-1	99	99	0
翠烟刀法				139	3	3	-1	-1	95	95	0
雨打梨花				139	3	3	-1	-1	105	105	0
牧野流星				139	3	3	-1	-1	108	108	0
风卷残雪				139	3	3	-1	-1	102	102	0
翠烟双刀1				139	3	3	-1	-1	97	97	0
浮云散雪				139	3	3	-1	-1	113	113	0
碧海潮生				139	3	3	-1	-1	111	111	0
毒砂掌				139	3	3	-1	-1	63	63	0
五毒掌法				139	3	3	-1	-1	62	62	0
幽冥骷髅				139	3	3	-1	-1	68	68	0
天罡地煞手				139	3	3	-1	-1	71	71	0
血刀毒杀				139	3	3	-1	-1	65	65	0
五毒刀法				139	3	3	-1	-1	60	60	0
百毒穿心				139	3	3	-1	-1	384	384	0
朱蛤青冥				139	3	3	-1	-1	74	74	0
霹雳弹				139	3	3	-1	-1	45	45	0
唐门暗器				139	3	3	-1	-1	43	43	0
追心箭				139	3	3	-1	-1	50	50	0
小李飞刀				139	3	3	-1	-1	249	249	0
漫天花雨				139	3	3	-1	-1	54	54	0
天罗地网				139	3	3	-1	-1	58	58	0
夺魂镖				139	3	3	-1	-1	47	47	0
散花镖				139	3	3	-1	-1	341	341	0
见人伸手				139	3	3	-1	-1	122	122	0
丐帮掌法				139	3	3	-1	-1	116	116	0
降龙掌				139	3	3	-1	-1	274	274	0
亢龙有悔1				139	3	3	-1	-1	128	128	0
沿门托钵				139	3	3	-1	-1	119	119	0
丐帮棒法				139	3	3	-1	-1	115	115	0
打狗阵				139	3	3	-1	-1	124	124	0
棒打恶狗				139	3	3	-1	-1	125	125	0
残阳如血				139	3	3	-1	-1	135	135	0
天忍矛法				139	3	3	-1	-1	132	132	0
烈火情天				139	3	3	-1	-1	141	141	0
偷天换日				139	3	3	-1	-1	142	142	0
弹指烈焰				139	3	3	-1	-1	145	145	0
天忍刀法				139	3	3	-1	-1	131	131	0
推山填海1				139	3	3	-1	-1	138	138	0
魔炎七杀1				139	3	3	-1	-1	148	148	0
怒雷指				139	3	3	-1	-1	153	153	0
武当拳法				139	3	3	-1	-1	152	152	0
剥及而复1				139	3	3	-1	-1	164	164	0
无我无剑1				139	3	3	-1	-1	165	165	0
沧海明月				139	3	3	-1	-1	155	155	0
武当剑法				139	3	3	-1	-1	151	151	0
剑飞惊天				139	3	3	-1	-1	158	158	0
三环套月				139	3	3	-1	-1	267	267	0
呼风法				139	3	3	-1	-1	169	169	0
昆仑刀法				139	3	3	-1	-1	167	167	0
一气三清符				139	3	3	-1	-1	178	178	0
狂风骤电				139	3	3	-1	-1	176	176	0
狂雷震地				139	3	3	-1	-1	179	179	0
昆仑剑法				139	3	3	-1	-1	168	168	0
天际迅雷				139	3	3	-1	-1	172	172	0
五雷正法				139	3	3	-1	-1	182	182	0
横扫千军2				139	1	1	-1	-1	319	319	0
无相斩				139	1	1	-1	-1	321	321	0
追风诀				139	1	1	-1	-1	325	325	0
追星逐月				139	1	1	-1	-1	323	323	0
破天斩				139	1	1	-1	-1	322	322	0
三峨霁雪				139	1	1	-1	-1	328	328	0
风霜碎影				139	1	1	-1	-1	380	380	0
冰踪无影				139	1	1	-1	-1	336	336	0
冰心仙子				139	1	1	-1	-1	337	337	0
阴风蚀骨				139	1	1	-1	-1	353	353	0
玄阴斩				139	1	1	-1	-1	355	355	0
慑魂月影				139	1	1	-1	-1	339	339	0
暴雨梨花				139	1	1	-1	-1	302	302	0
九宫飞星				139	1	1	-1	-1	342	342	0
飞龙在天				139	1	1	-1	-1	357	357	0
天下无狗				139	1	1	-1	-1	359	359	0
云龙击				139	1	1	-1	-1	361	361	0
天外流星				139	1	1	-1	-1	362	362	0
天地无极1				139	1	1	-1	-1	365	365	0
人剑合一				139	1	1	-1	-1	368	368	0
傲雪啸风				139	1	1	-1	-1	372	372	0
雷动九天				139	1	1	-1	-1	375	375	0
横扫千军2				139	2	2	-1	-1	319	319	0
无相斩				139	2	2	-1	-1	321	321	0
追风诀				139	2	2	-1	-1	325	325	0
追星逐月				139	2	2	-1	-1	323	323	0
破天斩				139	2	2	-1	-1	322	322	0
三峨霁雪				139	2	2	-1	-1	328	328	0
风霜碎影				139	2	2	-1	-1	380	380	0
冰踪无影				139	2	2	-1	-1	336	336	0
冰心仙子				139	2	2	-1	-1	337	337	0
阴风蚀骨				139	2	2	-1	-1	353	353	0
玄阴斩				139	2	2	-1	-1	355	355	0
慑魂月影				139	2	2	-1	-1	339	339	0
暴雨梨花				139	2	2	-1	-1	302	302	0
九宫飞星				139	2	2	-1	-1	342	342	0
飞龙在天				139	2	2	-1	-1	357	357	0
天下无狗				139	2	2	-1	-1	359	359	0
云龙击				139	2	2	-1	-1	361	361	0
天外流星				139	2	2	-1	-1	362	362	0
天地无极1				139	2	2	-1	-1	365	365	0
人剑合一				139	2	2	-1	-1	368	368	0
傲雪啸风				139	2	2	-1	-1	372	372	0
雷动九天				139	2	2	-1	-1	375	375	0
